id_student,code_module,code_presentation,date_registration,date_unregistration
11391,AAA,2013J,01 October 2023,31 October 2023
28400,AAA,2013J,01 October 2023,31 October 2023
30268,AAA,2013J,01 October 2023,31 October 2023
31604,AAA,2013J,01 October 2023,31 October 2023
32885,AAA,2013J,01 October 2023,31 October 2023
38053,AAA,2013J,01 October 2023,31 October 2023
45462,AAA,2013J,01 October 2023,31 October 2023
45642,AAA,2013J,01 October 2023,31 October 2023
52130,AAA,2013J,01 October 2023,31 October 2023
53025,AAA,2013J,01 October 2023,31 October 2023
57506,AAA,2013J,01 October 2023,31 October 2023
58873,AAA,2013J,01 October 2023,31 October 2023
59185,AAA,2013J,01 October 2023,31 October 2023
62155,AAA,2013J,01 October 2023,31 October 2023
63400,AAA,2013J,01 October 2023,31 October 2023
65002,AAA,2013J,01 October 2023,31 October 2023
70464,AAA,2013J,01 October 2023,31 October 2023
71361,AAA,2013J,01 October 2023,31 October 2023
74372,AAA,2013J,01 October 2023,31 October 2023
75091,AAA,2013J,01 October 2023,31 October 2023
77367,AAA,2013J,01 October 2023,31 October 2023
91265,AAA,2013J,01 October 2023,31 October 2023
94961,AAA,2013J,01 October 2023,31 October 2023
98094,AAA,2013J,01 October 2023,31 October 2023
100893,AAA,2013J,01 October 2023,31 October 2023
101781,AAA,2013J,01 October 2023,31 October 2023
102806,AAA,2013J,01 October 2023,31 October 2023
102952,AAA,2013J,01 October 2023,31 October 2023
104476,AAA,2013J,01 October 2023,31 October 2023
106247,AAA,2013J,01 October 2023,31 October 2023
106577,AAA,2013J,01 October 2023,31 October 2023
110175,AAA,2013J,01 October 2023,31 October 2023
111717,AAA,2013J,01 October 2023,31 October 2023
113295,AAA,2013J,01 October 2023,31 October 2023
114017,AAA,2013J,01 October 2023,31 October 2023
114999,AAA,2013J,01 October 2023,31 October 2023
116541,AAA,2013J,01 October 2023,31 October 2023
116692,AAA,2013J,01 October 2023,31 October 2023
118983,AAA,2013J,01 October 2023,31 October 2023
123044,AAA,2013J,01 October 2023,31 October 2023
127582,AAA,2013J,01 October 2023,31 October 2023
129955,AAA,2013J,01 October 2023,31 October 2023
132976,AAA,2013J,01 October 2023,31 October 2023
134143,AAA,2013J,01 October 2023,31 October 2023
135335,AAA,2013J,01 October 2023,31 October 2023
135400,AAA,2013J,01 October 2023,31 October 2023
137873,AAA,2013J,01 October 2023,31 October 2023
141355,AAA,2013J,01 October 2023,31 October 2023
141377,AAA,2013J,01 October 2023,31 October 2023
142326,AAA,2013J,01 October 2023,31 October 2023
144801,AAA,2013J,01 October 2023,31 October 2023
145130,AAA,2013J,01 October 2023,31 October 2023
146188,AAA,2013J,01 October 2023,31 October 2023
147756,AAA,2013J,01 October 2023,31 October 2023
147793,AAA,2013J,01 October 2023,31 October 2023
148993,AAA,2013J,01 October 2023,31 October 2023
151358,AAA,2013J,01 October 2023,31 October 2023
155550,AAA,2013J,01 October 2023,31 October 2023
155854,AAA,2013J,01 October 2023,31 October 2023
155984,AAA,2013J,01 October 2023,31 October 2023
157568,AAA,2013J,01 October 2023,31 October 2023
159954,AAA,2013J,01 October 2023,31 October 2023
164259,AAA,2013J,01 October 2023,31 October 2023
167906,AAA,2013J,01 October 2023,31 October 2023
168936,AAA,2013J,01 October 2023,31 October 2023
172112,AAA,2013J,01 October 2023,31 October 2023
172797,AAA,2013J,01 October 2023,31 October 2023
174782,AAA,2013J,01 October 2023,31 October 2023
175392,AAA,2013J,01 October 2023,31 October 2023
175932,AAA,2013J,01 October 2023,31 October 2023
175991,AAA,2013J,01 October 2023,31 October 2023
180753,AAA,2013J,01 October 2023,31 October 2023
181316,AAA,2013J,01 October 2023,31 October 2023
183096,AAA,2013J,01 October 2023,31 October 2023
183947,AAA,2013J,01 October 2023,31 October 2023
184271,AAA,2013J,01 October 2023,31 October 2023
185439,AAA,2013J,01 October 2023,31 October 2023
186149,AAA,2013J,01 October 2023,31 October 2023
187100,AAA,2013J,01 October 2023,31 October 2023
188278,AAA,2013J,01 October 2023,31 October 2023
189879,AAA,2013J,01 October 2023,31 October 2023
192183,AAA,2013J,01 October 2023,31 October 2023
195262,AAA,2013J,01 October 2023,31 October 2023
200860,AAA,2013J,01 October 2023,31 October 2023
202635,AAA,2013J,01 October 2023,31 October 2023
205350,AAA,2013J,01 October 2023,31 October 2023
205719,AAA,2013J,01 October 2023,31 October 2023
227499,AAA,2013J,01 October 2023,31 October 2023
227517,AAA,2013J,01 October 2023,31 October 2023
228082,AAA,2013J,01 October 2023,31 October 2023
228222,AAA,2013J,01 October 2023,31 October 2023
229179,AAA,2013J,01 October 2023,31 October 2023
229361,AAA,2013J,01 October 2023,31 October 2023
231554,AAA,2013J,01 October 2023,31 October 2023
235507,AAA,2013J,01 October 2023,31 October 2023
236284,AAA,2013J,01 October 2023,31 October 2023
238007,AAA,2013J,01 October 2023,31 October 2023
240712,AAA,2013J,01 October 2023,31 October 2023
240884,AAA,2013J,01 October 2023,31 October 2023
241649,AAA,2013J,01 October 2023,31 October 2023
241729,AAA,2013J,01 October 2023,31 October 2023
242793,AAA,2013J,01 October 2023,31 October 2023
246834,AAA,2013J,01 October 2023,31 October 2023
248270,AAA,2013J,01 October 2023,31 October 2023
255548,AAA,2013J,01 October 2023,31 October 2023
256815,AAA,2013J,01 October 2023,31 October 2023
258392,AAA,2013J,01 October 2023,31 October 2023
258894,AAA,2013J,01 October 2023,31 October 2023
260355,AAA,2013J,01 October 2023,31 October 2023
262011,AAA,2013J,01 October 2023,31 October 2023
262934,AAA,2013J,01 October 2023,31 October 2023
268073,AAA,2013J,01 October 2023,31 October 2023
268733,AAA,2013J,01 October 2023,31 October 2023
271251,AAA,2013J,01 October 2023,31 October 2023
277880,AAA,2013J,01 October 2023,31 October 2023
279572,AAA,2013J,01 October 2023,31 October 2023
281022,AAA,2013J,01 October 2023,31 October 2023
281250,AAA,2013J,01 October 2023,31 October 2023
281589,AAA,2013J,01 October 2023,31 October 2023
282821,AAA,2013J,01 October 2023,31 October 2023
286488,AAA,2013J,01 October 2023,31 October 2023
287548,AAA,2013J,01 October 2023,31 October 2023
290201,AAA,2013J,01 October 2023,31 October 2023
290757,AAA,2013J,01 October 2023,31 October 2023
291334,AAA,2013J,01 October 2023,31 October 2023
292923,AAA,2013J,01 October 2023,31 October 2023
293699,AAA,2013J,01 October 2023,31 October 2023
294570,AAA,2013J,01 October 2023,31 October 2023
294594,AAA,2013J,01 October 2023,31 October 2023
295741,AAA,2013J,01 October 2023,31 October 2023
296332,AAA,2013J,01 October 2023,31 October 2023
298696,AAA,2013J,01 October 2023,31 October 2023
300398,AAA,2013J,01 October 2023,31 October 2023
302302,AAA,2013J,01 October 2023,31 October 2023
305152,AAA,2013J,01 October 2023,31 October 2023
305386,AAA,2013J,01 October 2023,31 October 2023
305539,AAA,2013J,01 October 2023,31 October 2023
306107,AAA,2013J,01 October 2023,31 October 2023
306466,AAA,2013J,01 October 2023,31 October 2023
306897,AAA,2013J,01 October 2023,31 October 2023
307061,AAA,2013J,01 October 2023,31 October 2023
307866,AAA,2013J,01 October 2023,31 October 2023
311917,AAA,2013J,01 October 2023,31 October 2023
312537,AAA,2013J,01 October 2023,31 October 2023
312782,AAA,2013J,01 October 2023,31 October 2023
318933,AAA,2013J,01 October 2023,31 October 2023
319047,AAA,2013J,01 October 2023,31 October 2023
321942,AAA,2013J,01 October 2023,31 October 2023
324002,AAA,2013J,01 October 2023,31 October 2023
324084,AAA,2013J,01 October 2023,31 October 2023
324282,AAA,2013J,01 October 2023,31 October 2023
331358,AAA,2013J,01 October 2023,31 October 2023
332789,AAA,2013J,01 October 2023,31 October 2023
333059,AAA,2013J,01 October 2023,31 October 2023
333323,AAA,2013J,01 October 2023,31 October 2023
334259,AAA,2013J,01 October 2023,31 October 2023
334333,AAA,2013J,01 October 2023,31 October 2023
335764,AAA,2013J,01 October 2023,31 October 2023
336207,AAA,2013J,01 October 2023,31 October 2023
339972,AAA,2013J,01 October 2023,31 October 2023
341872,AAA,2013J,01 October 2023,31 October 2023
342007,AAA,2013J,01 October 2023,31 October 2023
342514,AAA,2013J,01 October 2023,31 October 2023
342972,AAA,2013J,01 October 2023,31 October 2023
343446,AAA,2013J,01 October 2023,31 October 2023
344282,AAA,2013J,01 October 2023,31 October 2023
345068,AAA,2013J,01 October 2023,31 October 2023
345357,AAA,2013J,01 October 2023,31 October 2023
346025,AAA,2013J,01 October 2023,31 October 2023
346843,AAA,2013J,01 October 2023,31 October 2023
350188,AAA,2013J,01 October 2023,31 October 2023
354858,AAA,2013J,01 October 2023,31 October 2023
357668,AAA,2013J,01 October 2023,31 October 2023
364177,AAA,2013J,01 October 2023,31 October 2023
365244,AAA,2013J,01 October 2023,31 October 2023
365642,AAA,2013J,01 October 2023,31 October 2023
366483,AAA,2013J,01 October 2023,31 October 2023
368194,AAA,2013J,01 October 2023,31 October 2023
368824,AAA,2013J,01 October 2023,31 October 2023
368963,AAA,2013J,01 October 2023,31 October 2023
376439,AAA,2013J,01 October 2023,31 October 2023
376581,AAA,2013J,01 October 2023,31 October 2023
380953,AAA,2013J,01 October 2023,31 October 2023
383254,AAA,2013J,01 October 2023,31 October 2023
386924,AAA,2013J,01 October 2023,31 October 2023
386952,AAA,2013J,01 October 2023,31 October 2023
388722,AAA,2013J,01 October 2023,31 October 2023
388885,AAA,2013J,01 October 2023,31 October 2023
390890,AAA,2013J,01 October 2023,31 October 2023
392756,AAA,2013J,01 October 2023,31 October 2023
392931,AAA,2013J,01 October 2023,31 October 2023
393207,AAA,2013J,01 October 2023,31 October 2023
396872,AAA,2013J,01 October 2023,31 October 2023
398552,AAA,2013J,01 October 2023,31 October 2023
401869,AAA,2013J,01 October 2023,31 October 2023
402470,AAA,2013J,01 October 2023,31 October 2023
404804,AAA,2013J,01 October 2023,31 October 2023
405088,AAA,2013J,01 October 2023,31 October 2023
405961,AAA,2013J,01 October 2023,31 October 2023
414117,AAA,2013J,01 October 2023,31 October 2023
415969,AAA,2013J,01 October 2023,31 October 2023
420087,AAA,2013J,01 October 2023,31 October 2023
429958,AAA,2013J,01 October 2023,31 October 2023
441018,AAA,2013J,01 October 2023,31 October 2023
441888,AAA,2013J,01 October 2023,31 October 2023
442442,AAA,2013J,01 October 2023,31 October 2023
444677,AAA,2013J,01 October 2023,31 October 2023
470588,AAA,2013J,01 October 2023,31 October 2023
489455,AAA,2013J,01 October 2023,31 October 2023
494424,AAA,2013J,01 October 2023,31 October 2023
495284,AAA,2013J,01 October 2023,31 October 2023
498857,AAA,2013J,01 October 2023,31 October 2023
508818,AAA,2013J,01 October 2023,31 October 2023
512460,AAA,2013J,01 October 2023,31 October 2023
544103,AAA,2013J,01 October 2023,31 October 2023
550383,AAA,2013J,01 October 2023,31 October 2023
564450,AAA,2013J,01 October 2023,31 October 2023
568601,AAA,2013J,01 October 2023,31 October 2023
572652,AAA,2013J,01 October 2023,31 October 2023
580389,AAA,2013J,01 October 2023,31 October 2023
581129,AAA,2013J,01 October 2023,31 October 2023
588775,AAA,2013J,01 October 2023,31 October 2023
591774,AAA,2013J,01 October 2023,31 October 2023
603861,AAA,2013J,01 October 2023,31 October 2023
606143,AAA,2013J,01 October 2023,31 October 2023
704156,AAA,2013J,01 October 2023,31 October 2023
705379,AAA,2013J,01 October 2023,31 October 2023
721259,AAA,2013J,01 October 2023,31 October 2023
749412,AAA,2013J,01 October 2023,31 October 2023
760729,AAA,2013J,01 October 2023,31 October 2023
905042,AAA,2013J,01 October 2023,31 October 2023
949618,AAA,2013J,01 October 2023,31 October 2023
958987,AAA,2013J,01 October 2023,31 October 2023
968578,AAA,2013J,01 October 2023,31 October 2023
969076,AAA,2013J,01 October 2023,31 October 2023
971027,AAA,2013J,01 October 2023,31 October 2023
978739,AAA,2013J,01 October 2023,31 October 2023
1035023,AAA,2013J,01 October 2023,31 October 2023
1105478,AAA,2013J,01 October 2023,31 October 2023
1352868,AAA,2013J,01 October 2023,31 October 2023
1401935,AAA,2013J,01 October 2023,31 October 2023
1402638,AAA,2013J,01 October 2023,31 October 2023
1414443,AAA,2013J,01 October 2023,31 October 2023
1456619,AAA,2013J,01 October 2023,31 October 2023
1465690,AAA,2013J,01 October 2023,31 October 2023
1472925,AAA,2013J,01 October 2023,31 October 2023
1488959,AAA,2013J,01 October 2023,31 October 2023
1518989,AAA,2013J,01 October 2023,31 October 2023
1618738,AAA,2013J,01 October 2023,31 October 2023
1620151,AAA,2013J,01 October 2023,31 October 2023
1626710,AAA,2013J,01 October 2023,31 October 2023
1640609,AAA,2013J,01 October 2023,31 October 2023
1686521,AAA,2013J,01 October 2023,31 October 2023
1729319,AAA,2013J,01 October 2023,31 October 2023
1746134,AAA,2013J,01 October 2023,31 October 2023
1758449,AAA,2013J,01 October 2023,31 October 2023
1763015,AAA,2013J,01 October 2023,31 October 2023
1765788,AAA,2013J,01 October 2023,31 October 2023
1801229,AAA,2013J,01 October 2023,31 October 2023
1801641,AAA,2013J,01 October 2023,31 October 2023
1847830,AAA,2013J,01 October 2023,31 October 2023
1860318,AAA,2013J,01 October 2023,31 October 2023
1889511,AAA,2013J,01 October 2023,31 October 2023
1889577,AAA,2013J,01 October 2023,31 October 2023
1894188,AAA,2013J,01 October 2023,31 October 2023
1938355,AAA,2013J,01 October 2023,31 October 2023
1942396,AAA,2013J,01 October 2023,31 October 2023
1970390,AAA,2013J,01 October 2023,31 October 2023
1976139,AAA,2013J,01 October 2023,31 October 2023
2011876,AAA,2013J,01 October 2023,31 October 2023
2012966,AAA,2013J,01 October 2023,31 October 2023
2051699,AAA,2013J,01 October 2023,31 October 2023
2062879,AAA,2013J,01 October 2023,31 October 2023
2065691,AAA,2013J,01 October 2023,31 October 2023
2073016,AAA,2013J,01 October 2023,31 October 2023
2080474,AAA,2013J,01 October 2023,31 October 2023
2083877,AAA,2013J,01 October 2023,31 October 2023
2084066,AAA,2013J,01 October 2023,31 October 2023
2104505,AAA,2013J,01 October 2023,31 October 2023
2122180,AAA,2013J,01 October 2023,31 October 2023
2139353,AAA,2013J,01 October 2023,31 October 2023
2143752,AAA,2013J,01 October 2023,31 October 2023
2146792,AAA,2013J,01 October 2023,31 October 2023
2149225,AAA,2013J,01 October 2023,31 October 2023
2153153,AAA,2013J,01 October 2023,31 October 2023
2155014,AAA,2013J,01 October 2023,31 October 2023
2164705,AAA,2013J,01 October 2023,31 October 2023
2171627,AAA,2013J,01 October 2023,31 October 2023
2182846,AAA,2013J,01 October 2023,31 October 2023
2194100,AAA,2013J,01 October 2023,31 October 2023
2197016,AAA,2013J,01 October 2023,31 October 2023
2208424,AAA,2013J,01 October 2023,31 October 2023
2229865,AAA,2013J,01 October 2023,31 October 2023
2255601,AAA,2013J,01 October 2023,31 October 2023
2268379,AAA,2013J,01 October 2023,31 October 2023
2278464,AAA,2013J,01 October 2023,31 October 2023
2293923,AAA,2013J,01 October 2023,31 October 2023
2312620,AAA,2013J,01 October 2023,31 October 2023
2318055,AAA,2013J,01 October 2023,31 October 2023
2324976,AAA,2013J,01 October 2023,31 October 2023
2329342,AAA,2013J,01 October 2023,31 October 2023
2339528,AAA,2013J,01 October 2023,31 October 2023
2342426,AAA,2013J,01 October 2023,31 October 2023
2344901,AAA,2013J,01 October 2023,31 October 2023
2358056,AAA,2013J,01 October 2023,31 October 2023
2358969,AAA,2013J,01 October 2023,31 October 2023
2364471,AAA,2013J,01 October 2023,31 October 2023
2365101,AAA,2013J,01 October 2023,31 October 2023
2367155,AAA,2013J,01 October 2023,31 October 2023
2369266,AAA,2013J,01 October 2023,31 October 2023
2376496,AAA,2013J,01 October 2023,31 October 2023
2391984,AAA,2013J,01 October 2023,31 October 2023
2411661,AAA,2013J,01 October 2023,31 October 2023
2411778,AAA,2013J,01 October 2023,31 October 2023
2412002,AAA,2013J,01 October 2023,31 October 2023
2412967,AAA,2013J,01 October 2023,31 October 2023
2429854,AAA,2013J,01 October 2023,31 October 2023
2437837,AAA,2013J,01 October 2023,31 October 2023
2449878,AAA,2013J,01 October 2023,31 October 2023
2456480,AAA,2013J,01 October 2023,31 October 2023
2457256,AAA,2013J,01 October 2023,31 October 2023
2458355,AAA,2013J,01 October 2023,31 October 2023
2460080,AAA,2013J,01 October 2023,31 October 2023
2461190,AAA,2013J,01 October 2023,31 October 2023
2469673,AAA,2013J,01 October 2023,31 October 2023
2470694,AAA,2013J,01 October 2023,31 October 2023
2479954,AAA,2013J,01 October 2023,31 October 2023
2481901,AAA,2013J,01 October 2023,31 October 2023
2482700,AAA,2013J,01 October 2023,31 October 2023
2486127,AAA,2013J,01 October 2023,31 October 2023
2498700,AAA,2013J,01 October 2023,31 October 2023
2516503,AAA,2013J,01 October 2023,31 October 2023
2518069,AAA,2013J,01 October 2023,31 October 2023
2521459,AAA,2013J,01 October 2023,31 October 2023
2523736,AAA,2013J,01 October 2023,31 October 2023
2529279,AAA,2013J,01 October 2023,31 October 2023
2532302,AAA,2013J,01 October 2023,31 October 2023
2536991,AAA,2013J,01 October 2023,31 October 2023
2542724,AAA,2013J,01 October 2023,31 October 2023
2550279,AAA,2013J,01 October 2023,31 October 2023
2551220,AAA,2013J,01 October 2023,31 October 2023
2552472,AAA,2013J,01 October 2023,31 October 2023
2555340,AAA,2013J,01 October 2023,31 October 2023
2557283,AAA,2013J,01 October 2023,31 October 2023
2559575,AAA,2013J,01 October 2023,31 October 2023
2562034,AAA,2013J,01 October 2023,31 October 2023
2566163,AAA,2013J,01 October 2023,31 October 2023
2566592,AAA,2013J,01 October 2023,31 October 2023
2569324,AAA,2013J,01 October 2023,31 October 2023
2574528,AAA,2013J,01 October 2023,31 October 2023
2574583,AAA,2013J,01 October 2023,31 October 2023
2576122,AAA,2013J,01 October 2023,31 October 2023
2578995,AAA,2013J,01 October 2023,31 October 2023
2586560,AAA,2013J,01 October 2023,31 October 2023
2594139,AAA,2013J,01 October 2023,31 October 2023
2598871,AAA,2013J,01 October 2023,31 October 2023
2599352,AAA,2013J,01 October 2023,31 October 2023
2600688,AAA,2013J,01 October 2023,31 October 2023
2606098,AAA,2013J,01 October 2023,31 October 2023
2613116,AAA,2013J,01 October 2023,31 October 2023
2617002,AAA,2013J,01 October 2023,31 October 2023
2620584,AAA,2013J,01 October 2023,31 October 2023
2639449,AAA,2013J,01 October 2023,31 October 2023
2639540,AAA,2013J,01 October 2023,31 October 2023
2639641,AAA,2013J,01 October 2023,31 October 2023
2641155,AAA,2013J,01 October 2023,31 October 2023
2643002,AAA,2013J,01 October 2023,31 October 2023
2645733,AAA,2013J,01 October 2023,31 October 2023
2649826,AAA,2013J,01 October 2023,31 October 2023
2650282,AAA,2013J,01 October 2023,31 October 2023
2664024,AAA,2013J,01 October 2023,31 October 2023
2666246,AAA,2013J,01 October 2023,31 October 2023
2669816,AAA,2013J,01 October 2023,31 October 2023
2671132,AAA,2013J,01 October 2023,31 October 2023
2676809,AAA,2013J,01 October 2023,31 October 2023
2678643,AAA,2013J,01 October 2023,31 October 2023
2685865,AAA,2013J,01 October 2023,31 October 2023
2688067,AAA,2013J,01 October 2023,31 October 2023
2689958,AAA,2013J,01 October 2023,31 October 2023
2691206,AAA,2013J,01 October 2023,31 October 2023
2691244,AAA,2013J,01 October 2023,31 October 2023
2694424,AAA,2013J,01 October 2023,31 October 2023
2698257,AAA,2013J,01 October 2023,31 October 2023
6516,AAA,2014J,01 October 2023,31 October 2023
24734,AAA,2014J,01 October 2023,31 October 2023
26192,AAA,2014J,01 October 2023,31 October 2023
28061,AAA,2014J,01 October 2023,31 October 2023
31600,AAA,2014J,01 October 2023,31 October 2023
46844,AAA,2014J,01 October 2023,31 October 2023
52765,AAA,2014J,01 October 2023,31 October 2023
55104,AAA,2014J,01 October 2023,31 October 2023
58071,AAA,2014J,01 October 2023,31 October 2023
58316,AAA,2014J,01 October 2023,31 October 2023
62487,AAA,2014J,01 October 2023,31 October 2023
63165,AAA,2014J,01 October 2023,31 October 2023
70011,AAA,2014J,01 October 2023,31 October 2023
75255,AAA,2014J,01 October 2023,31 October 2023
79403,AAA,2014J,01 October 2023,31 October 2023
85092,AAA,2014J,01 October 2023,31 October 2023
85144,AAA,2014J,01 October 2023,31 October 2023
85302,AAA,2014J,01 October 2023,31 October 2023
87431,AAA,2014J,01 October 2023,31 October 2023
95755,AAA,2014J,01 October 2023,31 October 2023
101116,AAA,2014J,01 October 2023,31 October 2023
107489,AAA,2014J,01 October 2023,31 October 2023
108872,AAA,2014J,01 October 2023,31 October 2023
109155,AAA,2014J,01 October 2023,31 October 2023
111512,AAA,2014J,01 October 2023,31 October 2023
117818,AAA,2014J,01 October 2023,31 October 2023
119902,AAA,2014J,01 October 2023,31 October 2023
121349,AAA,2014J,01 October 2023,31 October 2023
124064,AAA,2014J,01 October 2023,31 October 2023
125018,AAA,2014J,01 October 2023,31 October 2023
130034,AAA,2014J,01 October 2023,31 October 2023
130547,AAA,2014J,01 October 2023,31 October 2023
130636,AAA,2014J,01 October 2023,31 October 2023
131390,AAA,2014J,01 October 2023,31 October 2023
133816,AAA,2014J,01 October 2023,31 October 2023
133922,AAA,2014J,01 October 2023,31 October 2023
135471,AAA,2014J,01 October 2023,31 October 2023
139033,AAA,2014J,01 October 2023,31 October 2023
141506,AAA,2014J,01 October 2023,31 October 2023
146503,AAA,2014J,01 October 2023,31 October 2023
149741,AAA,2014J,01 October 2023,31 October 2023
149962,AAA,2014J,01 October 2023,31 October 2023
151587,AAA,2014J,01 October 2023,31 October 2023
152668,AAA,2014J,01 October 2023,31 October 2023
158707,AAA,2014J,01 October 2023,31 October 2023
164944,AAA,2014J,01 October 2023,31 October 2023
165226,AAA,2014J,01 October 2023,31 October 2023
167961,AAA,2014J,01 October 2023,31 October 2023
174024,AAA,2014J,01 October 2023,31 October 2023
174094,AAA,2014J,01 October 2023,31 October 2023
174745,AAA,2014J,01 October 2023,31 October 2023
175447,AAA,2014J,01 October 2023,31 October 2023
175772,AAA,2014J,01 October 2023,31 October 2023
183057,AAA,2014J,01 October 2023,31 October 2023
185350,AAA,2014J,01 October 2023,31 October 2023
199636,AAA,2014J,01 October 2023,31 October 2023
199897,AAA,2014J,01 October 2023,31 October 2023
200804,AAA,2014J,01 October 2023,31 October 2023
205494,AAA,2014J,01 October 2023,31 October 2023
228021,AAA,2014J,01 October 2023,31 October 2023
228383,AAA,2014J,01 October 2023,31 October 2023
232307,AAA,2014J,01 October 2023,31 October 2023
235068,AAA,2014J,01 October 2023,31 October 2023
236875,AAA,2014J,01 October 2023,31 October 2023
237274,AAA,2014J,01 October 2023,31 October 2023
243510,AAA,2014J,01 October 2023,31 October 2023
244246,AAA,2014J,01 October 2023,31 October 2023
248581,AAA,2014J,01 October 2023,31 October 2023
252073,AAA,2014J,01 October 2023,31 October 2023
254625,AAA,2014J,01 October 2023,31 October 2023
258587,AAA,2014J,01 October 2023,31 October 2023
260623,AAA,2014J,01 October 2023,31 October 2023
263251,AAA,2014J,01 October 2023,31 October 2023
263543,AAA,2014J,01 October 2023,31 October 2023
263952,AAA,2014J,01 October 2023,31 October 2023
266524,AAA,2014J,01 October 2023,31 October 2023
273346,AAA,2014J,01 October 2023,31 October 2023
274947,AAA,2014J,01 October 2023,31 October 2023
275674,AAA,2014J,01 October 2023,31 October 2023
275792,AAA,2014J,01 October 2023,31 October 2023
277123,AAA,2014J,01 October 2023,31 October 2023
281077,AAA,2014J,01 October 2023,31 October 2023
281636,AAA,2014J,01 October 2023,31 October 2023
285315,AAA,2014J,01 October 2023,31 October 2023
287040,AAA,2014J,01 October 2023,31 October 2023
287204,AAA,2014J,01 October 2023,31 October 2023
287210,AAA,2014J,01 October 2023,31 October 2023
288994,AAA,2014J,01 October 2023,31 October 2023
289449,AAA,2014J,01 October 2023,31 October 2023
290164,AAA,2014J,01 October 2023,31 October 2023
292525,AAA,2014J,01 October 2023,31 October 2023
292775,AAA,2014J,01 October 2023,31 October 2023
293824,AAA,2014J,01 October 2023,31 October 2023
294496,AAA,2014J,01 October 2023,31 October 2023
294655,AAA,2014J,01 October 2023,31 October 2023
295060,AAA,2014J,01 October 2023,31 October 2023
295075,AAA,2014J,01 October 2023,31 October 2023
296424,AAA,2014J,01 October 2023,31 October 2023
298034,AAA,2014J,01 October 2023,31 October 2023
298838,AAA,2014J,01 October 2023,31 October 2023
301967,AAA,2014J,01 October 2023,31 October 2023
302476,AAA,2014J,01 October 2023,31 October 2023
303521,AAA,2014J,01 October 2023,31 October 2023
303985,AAA,2014J,01 October 2023,31 October 2023
304465,AAA,2014J,01 October 2023,31 October 2023
306646,AAA,2014J,01 October 2023,31 October 2023
309142,AAA,2014J,01 October 2023,31 October 2023
310412,AAA,2014J,01 October 2023,31 October 2023
311235,AAA,2014J,01 October 2023,31 October 2023
311659,AAA,2014J,01 October 2023,31 October 2023
313937,AAA,2014J,01 October 2023,31 October 2023
315076,AAA,2014J,01 October 2023,31 October 2023
315744,AAA,2014J,01 October 2023,31 October 2023
323370,AAA,2014J,01 October 2023,31 October 2023
323805,AAA,2014J,01 October 2023,31 October 2023
328024,AAA,2014J,01 October 2023,31 October 2023
328734,AAA,2014J,01 October 2023,31 October 2023
329659,AAA,2014J,01 October 2023,31 October 2023
330594,AAA,2014J,01 October 2023,31 October 2023
332884,AAA,2014J,01 October 2023,31 October 2023
334441,AAA,2014J,01 October 2023,31 October 2023
335247,AAA,2014J,01 October 2023,31 October 2023
337748,AAA,2014J,01 October 2023,31 October 2023
338407,AAA,2014J,01 October 2023,31 October 2023
341876,AAA,2014J,01 October 2023,31 October 2023
345440,AAA,2014J,01 October 2023,31 October 2023
345519,AAA,2014J,01 October 2023,31 October 2023
346118,AAA,2014J,01 October 2023,31 October 2023
348275,AAA,2014J,01 October 2023,31 October 2023
348807,AAA,2014J,01 October 2023,31 October 2023
350156,AAA,2014J,01 October 2023,31 October 2023
350939,AAA,2014J,01 October 2023,31 October 2023
351336,AAA,2014J,01 October 2023,31 October 2023
353665,AAA,2014J,01 October 2023,31 October 2023
354170,AAA,2014J,01 October 2023,31 October 2023
356170,AAA,2014J,01 October 2023,31 October 2023
358182,AAA,2014J,01 October 2023,31 October 2023
364957,AAA,2014J,01 October 2023,31 October 2023
369834,AAA,2014J,01 October 2023,31 October 2023
371710,AAA,2014J,01 October 2023,31 October 2023
373872,AAA,2014J,01 October 2023,31 October 2023
375260,AAA,2014J,01 October 2023,31 October 2023
375646,AAA,2014J,01 October 2023,31 October 2023
377546,AAA,2014J,01 October 2023,31 October 2023
381642,AAA,2014J,01 October 2023,31 October 2023
382095,AAA,2014J,01 October 2023,31 October 2023
383180,AAA,2014J,01 October 2023,31 October 2023
383600,AAA,2014J,01 October 2023,31 October 2023
383723,AAA,2014J,01 October 2023,31 October 2023
384203,AAA,2014J,01 October 2023,31 October 2023
384725,AAA,2014J,01 October 2023,31 October 2023
387533,AAA,2014J,01 October 2023,31 October 2023
387954,AAA,2014J,01 October 2023,31 October 2023
388147,AAA,2014J,01 October 2023,31 October 2023
391249,AAA,2014J,01 October 2023,31 October 2023
396599,AAA,2014J,01 October 2023,31 October 2023
396655,AAA,2014J,01 October 2023,31 October 2023
398171,AAA,2014J,01 October 2023,31 October 2023
398349,AAA,2014J,01 October 2023,31 October 2023
400147,AAA,2014J,01 October 2023,31 October 2023
400682,AAA,2014J,01 October 2023,31 October 2023
401404,AAA,2014J,01 October 2023,31 October 2023
402204,AAA,2014J,01 October 2023,31 October 2023
402727,AAA,2014J,01 October 2023,31 October 2023
402961,AAA,2014J,01 October 2023,31 October 2023
404356,AAA,2014J,01 October 2023,31 October 2023
406671,AAA,2014J,01 October 2023,31 October 2023
406682,AAA,2014J,01 October 2023,31 October 2023
409100,AAA,2014J,01 October 2023,31 October 2023
409703,AAA,2014J,01 October 2023,31 October 2023
410092,AAA,2014J,01 October 2023,31 October 2023
411971,AAA,2014J,01 October 2023,31 October 2023
418731,AAA,2014J,01 October 2023,31 October 2023
421455,AAA,2014J,01 October 2023,31 October 2023
424577,AAA,2014J,01 October 2023,31 October 2023
429858,AAA,2014J,01 October 2023,31 October 2023
431025,AAA,2014J,01 October 2023,31 October 2023
439305,AAA,2014J,01 October 2023,31 October 2023
440319,AAA,2014J,01 October 2023,31 October 2023
442064,AAA,2014J,01 October 2023,31 October 2023
442132,AAA,2014J,01 October 2023,31 October 2023
446108,AAA,2014J,01 October 2023,31 October 2023
447481,AAA,2014J,01 October 2023,31 October 2023
468120,AAA,2014J,01 October 2023,31 October 2023
468694,AAA,2014J,01 October 2023,31 October 2023
470982,AAA,2014J,01 October 2023,31 October 2023
476603,AAA,2014J,01 October 2023,31 October 2023
481022,AAA,2014J,01 October 2023,31 October 2023
483800,AAA,2014J,01 October 2023,31 October 2023
484897,AAA,2014J,01 October 2023,31 October 2023
485962,AAA,2014J,01 October 2023,31 October 2023
488382,AAA,2014J,01 October 2023,31 October 2023
488990,AAA,2014J,01 October 2023,31 October 2023
500113,AAA,2014J,01 October 2023,31 October 2023
503889,AAA,2014J,01 October 2023,31 October 2023
514526,AAA,2014J,01 October 2023,31 October 2023
518808,AAA,2014J,01 October 2023,31 October 2023
522482,AAA,2014J,01 October 2023,31 October 2023
527100,AAA,2014J,01 October 2023,31 October 2023
527801,AAA,2014J,01 October 2023,31 October 2023
533068,AAA,2014J,01 October 2023,31 October 2023
537081,AAA,2014J,01 October 2023,31 October 2023
544253,AAA,2014J,01 October 2023,31 October 2023
548120,AAA,2014J,01 October 2023,31 October 2023
561467,AAA,2014J,01 October 2023,31 October 2023
567922,AAA,2014J,01 October 2023,31 October 2023
569505,AAA,2014J,01 October 2023,31 October 2023
570317,AAA,2014J,01 October 2023,31 October 2023
574505,AAA,2014J,01 October 2023,31 October 2023
588477,AAA,2014J,01 October 2023,31 October 2023
593846,AAA,2014J,01 October 2023,31 October 2023
593987,AAA,2014J,01 October 2023,31 October 2023
596288,AAA,2014J,01 October 2023,31 October 2023
598070,AAA,2014J,01 October 2023,31 October 2023
603834,AAA,2014J,01 October 2023,31 October 2023
608440,AAA,2014J,01 October 2023,31 October 2023
623710,AAA,2014J,01 October 2023,31 October 2023
623840,AAA,2014J,01 October 2023,31 October 2023
626240,AAA,2014J,01 October 2023,31 October 2023
628088,AAA,2014J,01 October 2023,31 October 2023
628312,AAA,2014J,01 October 2023,31 October 2023
630142,AAA,2014J,01 October 2023,31 October 2023
637665,AAA,2014J,01 October 2023,31 October 2023
639053,AAA,2014J,01 October 2023,31 October 2023
642878,AAA,2014J,01 October 2023,31 October 2023
648130,AAA,2014J,01 October 2023,31 October 2023
676546,AAA,2014J,01 October 2023,31 October 2023
677186,AAA,2014J,01 October 2023,31 October 2023
677281,AAA,2014J,01 October 2023,31 October 2023
684180,AAA,2014J,01 October 2023,31 October 2023
687698,AAA,2014J,01 October 2023,31 October 2023
696073,AAA,2014J,01 October 2023,31 October 2023
696578,AAA,2014J,01 October 2023,31 October 2023
852847,AAA,2014J,01 October 2023,31 October 2023
998493,AAA,2014J,01 October 2023,31 October 2023
1045203,AAA,2014J,01 October 2023,31 October 2023
1112555,AAA,2014J,01 October 2023,31 October 2023
1183831,AAA,2014J,01 October 2023,31 October 2023
1268696,AAA,2014J,01 October 2023,31 October 2023
1336190,AAA,2014J,01 October 2023,31 October 2023
1398979,AAA,2014J,01 October 2023,31 October 2023
1469279,AAA,2014J,01 October 2023,31 October 2023
1471214,AAA,2014J,01 October 2023,31 October 2023
1484804,AAA,2014J,01 October 2023,31 October 2023
1511033,AAA,2014J,01 October 2023,31 October 2023
1576513,AAA,2014J,01 October 2023,31 October 2023
1609002,AAA,2014J,01 October 2023,31 October 2023
1629771,AAA,2014J,01 October 2023,31 October 2023
1676594,AAA,2014J,01 October 2023,31 October 2023
1686551,AAA,2014J,01 October 2023,31 October 2023
1689639,AAA,2014J,01 October 2023,31 October 2023
1715896,AAA,2014J,01 October 2023,31 October 2023
1721270,AAA,2014J,01 October 2023,31 October 2023
1757766,AAA,2014J,01 October 2023,31 October 2023
1773377,AAA,2014J,01 October 2023,31 October 2023
1799111,AAA,2014J,01 October 2023,31 October 2023
1818673,AAA,2014J,01 October 2023,31 October 2023
1839386,AAA,2014J,01 October 2023,31 October 2023
1926668,AAA,2014J,01 October 2023,31 October 2023
1947156,AAA,2014J,01 October 2023,31 October 2023
1967783,AAA,2014J,01 October 2023,31 October 2023
1975209,AAA,2014J,01 October 2023,31 October 2023
2010232,AAA,2014J,01 October 2023,31 October 2023
2045084,AAA,2014J,01 October 2023,31 October 2023
2057803,AAA,2014J,01 October 2023,31 October 2023
2085209,AAA,2014J,01 October 2023,31 October 2023
2086400,AAA,2014J,01 October 2023,31 October 2023
2148681,AAA,2014J,01 October 2023,31 October 2023
2158048,AAA,2014J,01 October 2023,31 October 2023
2158196,AAA,2014J,01 October 2023,31 October 2023
2165164,AAA,2014J,01 October 2023,31 October 2023
2168833,AAA,2014J,01 October 2023,31 October 2023
2207874,AAA,2014J,01 October 2023,31 October 2023
2240349,AAA,2014J,01 October 2023,31 October 2023
2244332,AAA,2014J,01 October 2023,31 October 2023
2273119,AAA,2014J,01 October 2023,31 October 2023
2277857,AAA,2014J,01 October 2023,31 October 2023
2297896,AAA,2014J,01 October 2023,31 October 2023
2313257,AAA,2014J,01 October 2023,31 October 2023
2330254,AAA,2014J,01 October 2023,31 October 2023
2355470,AAA,2014J,01 October 2023,31 October 2023
2363863,AAA,2014J,01 October 2023,31 October 2023
2369415,AAA,2014J,01 October 2023,31 October 2023
2375975,AAA,2014J,01 October 2023,31 October 2023
2397661,AAA,2014J,01 October 2023,31 October 2023
2398313,AAA,2014J,01 October 2023,31 October 2023
2404408,AAA,2014J,01 October 2023,31 October 2023
2425993,AAA,2014J,01 October 2023,31 October 2023
2432796,AAA,2014J,01 October 2023,31 October 2023
2434159,AAA,2014J,01 October 2023,31 October 2023
2436812,AAA,2014J,01 October 2023,31 October 2023
2467267,AAA,2014J,01 October 2023,31 October 2023
2473538,AAA,2014J,01 October 2023,31 October 2023
2474849,AAA,2014J,01 October 2023,31 October 2023
2494700,AAA,2014J,01 October 2023,31 October 2023
2500258,AAA,2014J,01 October 2023,31 October 2023
2507842,AAA,2014J,01 October 2023,31 October 2023
2509639,AAA,2014J,01 October 2023,31 October 2023
2514368,AAA,2014J,01 October 2023,31 October 2023
2514898,AAA,2014J,01 October 2023,31 October 2023
2521865,AAA,2014J,01 October 2023,31 October 2023
2522927,AAA,2014J,01 October 2023,31 October 2023
2540168,AAA,2014J,01 October 2023,31 October 2023
2546445,AAA,2014J,01 October 2023,31 October 2023
2551797,AAA,2014J,01 October 2023,31 October 2023
2551932,AAA,2014J,01 October 2023,31 October 2023
2574990,AAA,2014J,01 October 2023,31 October 2023
2578676,AAA,2014J,01 October 2023,31 October 2023
2581477,AAA,2014J,01 October 2023,31 October 2023
2584873,AAA,2014J,01 October 2023,31 October 2023
2595841,AAA,2014J,01 October 2023,31 October 2023
2596621,AAA,2014J,01 October 2023,31 October 2023
2601889,AAA,2014J,01 October 2023,31 October 2023
2602338,AAA,2014J,01 October 2023,31 October 2023
2606802,AAA,2014J,01 October 2023,31 October 2023
2624961,AAA,2014J,01 October 2023,31 October 2023
2630087,AAA,2014J,01 October 2023,31 October 2023
2633226,AAA,2014J,01 October 2023,31 October 2023
2642616,AAA,2014J,01 October 2023,31 October 2023
2642935,AAA,2014J,01 October 2023,31 October 2023
2648611,AAA,2014J,01 October 2023,31 October 2023
2649800,AAA,2014J,01 October 2023,31 October 2023
2654628,AAA,2014J,01 October 2023,31 October 2023
2677624,AAA,2014J,01 October 2023,31 October 2023
2680312,AAA,2014J,01 October 2023,31 October 2023
2688166,AAA,2014J,01 October 2023,31 October 2023
2690062,AAA,2014J,01 October 2023,31 October 2023
2692514,AAA,2014J,01 October 2023,31 October 2023
2694788,AAA,2014J,01 October 2023,31 October 2023
23629,BBB,2013B,01 October 2023,31 October 2023
25107,BBB,2013B,01 October 2023,31 October 2023
27891,BBB,2013B,01 October 2023,31 October 2023
29144,BBB,2013B,01 October 2023,31 October 2023
31663,BBB,2013B,01 October 2023,31 October 2023
33666,BBB,2013B,01 October 2023,31 October 2023
34229,BBB,2013B,01 October 2023,31 October 2023
34353,BBB,2013B,01 October 2023,31 October 2023
34431,BBB,2013B,01 October 2023,31 October 2023
34694,BBB,2013B,01 October 2023,31 October 2023
34756,BBB,2013B,01 October 2023,31 October 2023
34863,BBB,2013B,01 October 2023,31 October 2023
35812,BBB,2013B,01 October 2023,31 October 2023
39655,BBB,2013B,01 October 2023,31 October 2023
50993,BBB,2013B,01 October 2023,31 October 2023
52899,BBB,2013B,01 October 2023,31 October 2023
58089,BBB,2013B,01 October 2023,31 October 2023
62631,BBB,2013B,01 October 2023,31 October 2023
70608,BBB,2013B,01 October 2023,31 October 2023
71433,BBB,2013B,01 October 2023,31 October 2023
72070,BBB,2013B,01 October 2023,31 October 2023
74695,BBB,2013B,01 October 2023,31 October 2023
74734,BBB,2013B,01 October 2023,31 October 2023
75399,BBB,2013B,01 October 2023,31 October 2023
78645,BBB,2013B,01 October 2023,31 October 2023
79378,BBB,2013B,01 October 2023,31 October 2023
82535,BBB,2013B,01 October 2023,31 October 2023
82741,BBB,2013B,01 October 2023,31 October 2023
83254,BBB,2013B,01 October 2023,31 October 2023
84245,BBB,2013B,01 October 2023,31 October 2023
84664,BBB,2013B,01 October 2023,31 October 2023
86291,BBB,2013B,01 October 2023,31 October 2023
87604,BBB,2013B,01 October 2023,31 October 2023
87732,BBB,2013B,01 October 2023,31 October 2023
88580,BBB,2013B,01 October 2023,31 October 2023
91322,BBB,2013B,01 October 2023,31 October 2023
92274,BBB,2013B,01 October 2023,31 October 2023
92832,BBB,2013B,01 October 2023,31 October 2023
92947,BBB,2013B,01 October 2023,31 October 2023
92993,BBB,2013B,01 October 2023,31 October 2023
94616,BBB,2013B,01 October 2023,31 October 2023
96291,BBB,2013B,01 October 2023,31 October 2023
97154,BBB,2013B,01 October 2023,31 October 2023
98313,BBB,2013B,01 October 2023,31 October 2023
102849,BBB,2013B,01 October 2023,31 October 2023
104054,BBB,2013B,01 October 2023,31 October 2023
108377,BBB,2013B,01 October 2023,31 October 2023
108589,BBB,2013B,01 October 2023,31 October 2023
109938,BBB,2013B,01 October 2023,31 October 2023
110881,BBB,2013B,01 October 2023,31 October 2023
116603,BBB,2013B,01 October 2023,31 October 2023
117071,BBB,2013B,01 October 2023,31 October 2023
120994,BBB,2013B,01 October 2023,31 October 2023
122524,BBB,2013B,01 October 2023,31 October 2023
123379,BBB,2013B,01 October 2023,31 October 2023
123860,BBB,2013B,01 October 2023,31 October 2023
126322,BBB,2013B,01 October 2023,31 October 2023
126411,BBB,2013B,01 October 2023,31 October 2023
127209,BBB,2013B,01 October 2023,31 October 2023
128776,BBB,2013B,01 October 2023,31 October 2023
133155,BBB,2013B,01 October 2023,31 October 2023
133531,BBB,2013B,01 October 2023,31 October 2023
133748,BBB,2013B,01 October 2023,31 October 2023
141823,BBB,2013B,01 October 2023,31 October 2023
142324,BBB,2013B,01 October 2023,31 October 2023
143741,BBB,2013B,01 October 2023,31 October 2023
143854,BBB,2013B,01 October 2023,31 October 2023
145544,BBB,2013B,01 October 2023,31 October 2023
147876,BBB,2013B,01 October 2023,31 October 2023
151697,BBB,2013B,01 October 2023,31 October 2023
152153,BBB,2013B,01 October 2023,31 October 2023
152910,BBB,2013B,01 October 2023,31 October 2023
152929,BBB,2013B,01 October 2023,31 October 2023
153212,BBB,2013B,01 October 2023,31 October 2023
153704,BBB,2013B,01 October 2023,31 October 2023
154027,BBB,2013B,01 October 2023,31 October 2023
154125,BBB,2013B,01 October 2023,31 October 2023
154540,BBB,2013B,01 October 2023,31 October 2023
155735,BBB,2013B,01 October 2023,31 October 2023
156835,BBB,2013B,01 October 2023,31 October 2023
161678,BBB,2013B,01 October 2023,31 October 2023
165243,BBB,2013B,01 October 2023,31 October 2023
169515,BBB,2013B,01 October 2023,31 October 2023
170356,BBB,2013B,01 October 2023,31 October 2023
171377,BBB,2013B,01 October 2023,31 October 2023
173316,BBB,2013B,01 October 2023,31 October 2023
173335,BBB,2013B,01 October 2023,31 October 2023
174321,BBB,2013B,01 October 2023,31 October 2023
177639,BBB,2013B,01 October 2023,31 October 2023
179605,BBB,2013B,01 October 2023,31 October 2023
182824,BBB,2013B,01 October 2023,31 October 2023
183806,BBB,2013B,01 October 2023,31 October 2023
185240,BBB,2013B,01 October 2023,31 October 2023
185349,BBB,2013B,01 October 2023,31 October 2023
186670,BBB,2013B,01 October 2023,31 October 2023
186780,BBB,2013B,01 October 2023,31 October 2023
186988,BBB,2013B,01 October 2023,31 October 2023
187793,BBB,2013B,01 October 2023,31 October 2023
188152,BBB,2013B,01 October 2023,31 October 2023
192424,BBB,2013B,01 October 2023,31 October 2023
193822,BBB,2013B,01 October 2023,31 October 2023
197595,BBB,2013B,01 October 2023,31 October 2023
198956,BBB,2013B,01 October 2023,31 October 2023
199520,BBB,2013B,01 October 2023,31 October 2023
200863,BBB,2013B,01 October 2023,31 October 2023
200905,BBB,2013B,01 October 2023,31 October 2023
203108,BBB,2013B,01 October 2023,31 October 2023
203481,BBB,2013B,01 October 2023,31 October 2023
203652,BBB,2013B,01 October 2023,31 October 2023
204746,BBB,2013B,01 October 2023,31 October 2023
205231,BBB,2013B,01 October 2023,31 October 2023
226374,BBB,2013B,01 October 2023,31 October 2023
226827,BBB,2013B,01 October 2023,31 October 2023
228049,BBB,2013B,01 October 2023,31 October 2023
228235,BBB,2013B,01 October 2023,31 October 2023
229240,BBB,2013B,01 October 2023,31 October 2023
229426,BBB,2013B,01 October 2023,31 October 2023
230348,BBB,2013B,01 October 2023,31 October 2023
232600,BBB,2013B,01 October 2023,31 October 2023
232695,BBB,2013B,01 October 2023,31 October 2023
232745,BBB,2013B,01 October 2023,31 October 2023
235097,BBB,2013B,01 October 2023,31 October 2023
237304,BBB,2013B,01 October 2023,31 October 2023
237913,BBB,2013B,01 October 2023,31 October 2023
242149,BBB,2013B,01 October 2023,31 October 2023
245404,BBB,2013B,01 October 2023,31 October 2023
247267,BBB,2013B,01 October 2023,31 October 2023
248103,BBB,2013B,01 October 2023,31 October 2023
249534,BBB,2013B,01 October 2023,31 October 2023
251351,BBB,2013B,01 October 2023,31 October 2023
252340,BBB,2013B,01 October 2023,31 October 2023
252652,BBB,2013B,01 October 2023,31 October 2023
253250,BBB,2013B,01 October 2023,31 October 2023
255347,BBB,2013B,01 October 2023,31 October 2023
255998,BBB,2013B,01 October 2023,31 October 2023
256215,BBB,2013B,01 October 2023,31 October 2023
258402,BBB,2013B,01 October 2023,31 October 2023
259182,BBB,2013B,01 October 2023,31 October 2023
262294,BBB,2013B,01 October 2023,31 October 2023
262454,BBB,2013B,01 October 2023,31 October 2023
262741,BBB,2013B,01 October 2023,31 October 2023
263499,BBB,2013B,01 October 2023,31 October 2023
263531,BBB,2013B,01 October 2023,31 October 2023
265405,BBB,2013B,01 October 2023,31 October 2023
265958,BBB,2013B,01 October 2023,31 October 2023
267761,BBB,2013B,01 October 2023,31 October 2023
267853,BBB,2013B,01 October 2023,31 October 2023
269076,BBB,2013B,01 October 2023,31 October 2023
269289,BBB,2013B,01 October 2023,31 October 2023
270399,BBB,2013B,01 October 2023,31 October 2023
270567,BBB,2013B,01 October 2023,31 October 2023
271036,BBB,2013B,01 October 2023,31 October 2023
272580,BBB,2013B,01 October 2023,31 October 2023
273731,BBB,2013B,01 October 2023,31 October 2023
273877,BBB,2013B,01 October 2023,31 October 2023
276717,BBB,2013B,01 October 2023,31 October 2023
277733,BBB,2013B,01 October 2023,31 October 2023
278447,BBB,2013B,01 October 2023,31 October 2023
280962,BBB,2013B,01 October 2023,31 October 2023
281564,BBB,2013B,01 October 2023,31 October 2023
284076,BBB,2013B,01 October 2023,31 October 2023
285633,BBB,2013B,01 October 2023,31 October 2023
285912,BBB,2013B,01 October 2023,31 October 2023
288380,BBB,2013B,01 October 2023,31 October 2023
288990,BBB,2013B,01 October 2023,31 October 2023
290550,BBB,2013B,01 October 2023,31 October 2023
291037,BBB,2013B,01 October 2023,31 October 2023
291194,BBB,2013B,01 October 2023,31 October 2023
291701,BBB,2013B,01 October 2023,31 October 2023
292027,BBB,2013B,01 October 2023,31 October 2023
294381,BBB,2013B,01 October 2023,31 October 2023
294961,BBB,2013B,01 October 2023,31 October 2023
294999,BBB,2013B,01 October 2023,31 October 2023
295754,BBB,2013B,01 October 2023,31 October 2023
296408,BBB,2013B,01 October 2023,31 October 2023
297484,BBB,2013B,01 October 2023,31 October 2023
298322,BBB,2013B,01 October 2023,31 October 2023
298476,BBB,2013B,01 October 2023,31 October 2023
299561,BBB,2013B,01 October 2023,31 October 2023
302550,BBB,2013B,01 October 2023,31 October 2023
305945,BBB,2013B,01 October 2023,31 October 2023
306886,BBB,2013B,01 October 2023,31 October 2023
306984,BBB,2013B,01 October 2023,31 October 2023
309175,BBB,2013B,01 October 2023,31 October 2023
309709,BBB,2013B,01 October 2023,31 October 2023
309734,BBB,2013B,01 October 2023,31 October 2023
311042,BBB,2013B,01 October 2023,31 October 2023
312141,BBB,2013B,01 October 2023,31 October 2023
313810,BBB,2013B,01 October 2023,31 October 2023
315186,BBB,2013B,01 October 2023,31 October 2023
316841,BBB,2013B,01 October 2023,31 October 2023
318056,BBB,2013B,01 October 2023,31 October 2023
318101,BBB,2013B,01 October 2023,31 October 2023
319209,BBB,2013B,01 October 2023,31 October 2023
322745,BBB,2013B,01 October 2023,31 October 2023
322960,BBB,2013B,01 October 2023,31 October 2023
323914,BBB,2013B,01 October 2023,31 October 2023
324236,BBB,2013B,01 October 2023,31 October 2023
325511,BBB,2013B,01 October 2023,31 October 2023
325879,BBB,2013B,01 October 2023,31 October 2023
326012,BBB,2013B,01 October 2023,31 October 2023
329226,BBB,2013B,01 October 2023,31 October 2023
329321,BBB,2013B,01 October 2023,31 October 2023
329800,BBB,2013B,01 October 2023,31 October 2023
330376,BBB,2013B,01 October 2023,31 October 2023
331354,BBB,2013B,01 October 2023,31 October 2023
331844,BBB,2013B,01 October 2023,31 October 2023
333129,BBB,2013B,01 October 2023,31 October 2023
333837,BBB,2013B,01 October 2023,31 October 2023
334291,BBB,2013B,01 October 2023,31 October 2023
334794,BBB,2013B,01 October 2023,31 October 2023
335421,BBB,2013B,01 October 2023,31 October 2023
335600,BBB,2013B,01 October 2023,31 October 2023
335910,BBB,2013B,01 October 2023,31 October 2023
336165,BBB,2013B,01 October 2023,31 October 2023
338056,BBB,2013B,01 October 2023,31 October 2023
338861,BBB,2013B,01 October 2023,31 October 2023
338912,BBB,2013B,01 October 2023,31 October 2023
339379,BBB,2013B,01 October 2023,31 October 2023
339526,BBB,2013B,01 October 2023,31 October 2023
339946,BBB,2013B,01 October 2023,31 October 2023
340378,BBB,2013B,01 October 2023,31 October 2023
340831,BBB,2013B,01 October 2023,31 October 2023
341040,BBB,2013B,01 October 2023,31 October 2023
341229,BBB,2013B,01 October 2023,31 October 2023
341235,BBB,2013B,01 October 2023,31 October 2023
341509,BBB,2013B,01 October 2023,31 October 2023
349040,BBB,2013B,01 October 2023,31 October 2023
349424,BBB,2013B,01 October 2023,31 October 2023
350622,BBB,2013B,01 October 2023,31 October 2023
350795,BBB,2013B,01 October 2023,31 October 2023
351271,BBB,2013B,01 October 2023,31 October 2023
351290,BBB,2013B,01 October 2023,31 October 2023
351543,BBB,2013B,01 October 2023,31 October 2023
352161,BBB,2013B,01 October 2023,31 October 2023
352364,BBB,2013B,01 October 2023,31 October 2023
353093,BBB,2013B,01 October 2023,31 October 2023
353352,BBB,2013B,01 October 2023,31 October 2023
353918,BBB,2013B,01 October 2023,31 October 2023
354058,BBB,2013B,01 October 2023,31 October 2023
354815,BBB,2013B,01 October 2023,31 October 2023
354895,BBB,2013B,01 October 2023,31 October 2023
355369,BBB,2013B,01 October 2023,31 October 2023
355998,BBB,2013B,01 October 2023,31 October 2023
357030,BBB,2013B,01 October 2023,31 October 2023
357038,BBB,2013B,01 October 2023,31 October 2023
357928,BBB,2013B,01 October 2023,31 October 2023
359170,BBB,2013B,01 October 2023,31 October 2023
360188,BBB,2013B,01 October 2023,31 October 2023
360489,BBB,2013B,01 October 2023,31 October 2023
360877,BBB,2013B,01 October 2023,31 October 2023
361603,BBB,2013B,01 October 2023,31 October 2023
362760,BBB,2013B,01 October 2023,31 October 2023
362877,BBB,2013B,01 October 2023,31 October 2023
363401,BBB,2013B,01 October 2023,31 October 2023
363416,BBB,2013B,01 October 2023,31 October 2023
363660,BBB,2013B,01 October 2023,31 October 2023
364323,BBB,2013B,01 October 2023,31 October 2023
365439,BBB,2013B,01 October 2023,31 October 2023
365452,BBB,2013B,01 October 2023,31 October 2023
365488,BBB,2013B,01 October 2023,31 October 2023
365707,BBB,2013B,01 October 2023,31 October 2023
366821,BBB,2013B,01 October 2023,31 October 2023
367304,BBB,2013B,01 October 2023,31 October 2023
367348,BBB,2013B,01 October 2023,31 October 2023
367609,BBB,2013B,01 October 2023,31 October 2023
368439,BBB,2013B,01 October 2023,31 October 2023
369212,BBB,2013B,01 October 2023,31 October 2023
370302,BBB,2013B,01 October 2023,31 October 2023
370720,BBB,2013B,01 October 2023,31 October 2023
371679,BBB,2013B,01 October 2023,31 October 2023
372624,BBB,2013B,01 October 2023,31 October 2023
374102,BBB,2013B,01 October 2023,31 October 2023
374234,BBB,2013B,01 October 2023,31 October 2023
375312,BBB,2013B,01 October 2023,31 October 2023
376617,BBB,2013B,01 October 2023,31 October 2023
377695,BBB,2013B,01 October 2023,31 October 2023
377759,BBB,2013B,01 October 2023,31 October 2023
377846,BBB,2013B,01 October 2023,31 October 2023
377905,BBB,2013B,01 October 2023,31 October 2023
378462,BBB,2013B,01 October 2023,31 October 2023
378543,BBB,2013B,01 October 2023,31 October 2023
378721,BBB,2013B,01 October 2023,31 October 2023
379402,BBB,2013B,01 October 2023,31 October 2023
379405,BBB,2013B,01 October 2023,31 October 2023
380151,BBB,2013B,01 October 2023,31 October 2023
381640,BBB,2013B,01 October 2023,31 October 2023
381722,BBB,2013B,01 October 2023,31 October 2023
383828,BBB,2013B,01 October 2023,31 October 2023
384678,BBB,2013B,01 October 2023,31 October 2023
384909,BBB,2013B,01 October 2023,31 October 2023
385034,BBB,2013B,01 October 2023,31 October 2023
386348,BBB,2013B,01 October 2023,31 October 2023
386957,BBB,2013B,01 October 2023,31 October 2023
387276,BBB,2013B,01 October 2023,31 October 2023
387702,BBB,2013B,01 October 2023,31 October 2023
388014,BBB,2013B,01 October 2023,31 October 2023
388205,BBB,2013B,01 October 2023,31 October 2023
388360,BBB,2013B,01 October 2023,31 October 2023
388410,BBB,2013B,01 October 2023,31 October 2023
388484,BBB,2013B,01 October 2023,31 October 2023
389369,BBB,2013B,01 October 2023,31 October 2023
390220,BBB,2013B,01 October 2023,31 October 2023
390442,BBB,2013B,01 October 2023,31 October 2023
390461,BBB,2013B,01 October 2023,31 October 2023
392213,BBB,2013B,01 October 2023,31 October 2023
392281,BBB,2013B,01 October 2023,31 October 2023
392428,BBB,2013B,01 October 2023,31 October 2023
392614,BBB,2013B,01 October 2023,31 October 2023
393327,BBB,2013B,01 October 2023,31 October 2023
394956,BBB,2013B,01 October 2023,31 October 2023
395107,BBB,2013B,01 October 2023,31 October 2023
395229,BBB,2013B,01 October 2023,31 October 2023
397118,BBB,2013B,01 October 2023,31 October 2023
397763,BBB,2013B,01 October 2023,31 October 2023
398084,BBB,2013B,01 October 2023,31 October 2023
398949,BBB,2013B,01 October 2023,31 October 2023
398965,BBB,2013B,01 October 2023,31 October 2023
399108,BBB,2013B,01 October 2023,31 October 2023
399792,BBB,2013B,01 October 2023,31 October 2023
400049,BBB,2013B,01 October 2023,31 October 2023
400469,BBB,2013B,01 October 2023,31 October 2023
400474,BBB,2013B,01 October 2023,31 October 2023
400718,BBB,2013B,01 October 2023,31 October 2023
400894,BBB,2013B,01 October 2023,31 October 2023
401339,BBB,2013B,01 October 2023,31 October 2023
401349,BBB,2013B,01 October 2023,31 October 2023
402660,BBB,2013B,01 October 2023,31 October 2023
403093,BBB,2013B,01 October 2023,31 October 2023
403191,BBB,2013B,01 October 2023,31 October 2023
404022,BBB,2013B,01 October 2023,31 October 2023
404727,BBB,2013B,01 October 2023,31 October 2023
405471,BBB,2013B,01 October 2023,31 October 2023
405746,BBB,2013B,01 October 2023,31 October 2023
405995,BBB,2013B,01 October 2023,31 October 2023
406311,BBB,2013B,01 October 2023,31 October 2023
406416,BBB,2013B,01 October 2023,31 October 2023
406974,BBB,2013B,01 October 2023,31 October 2023
408112,BBB,2013B,01 October 2023,31 October 2023
409662,BBB,2013B,01 October 2023,31 October 2023
410739,BBB,2013B,01 October 2023,31 October 2023
411197,BBB,2013B,01 October 2023,31 October 2023
412407,BBB,2013B,01 October 2023,31 October 2023
412654,BBB,2013B,01 October 2023,31 October 2023
413984,BBB,2013B,01 October 2023,31 October 2023
414958,BBB,2013B,01 October 2023,31 October 2023
415548,BBB,2013B,01 October 2023,31 October 2023
415716,BBB,2013B,01 October 2023,31 October 2023
415760,BBB,2013B,01 October 2023,31 October 2023
416007,BBB,2013B,01 October 2023,31 October 2023
416314,BBB,2013B,01 October 2023,31 October 2023
416654,BBB,2013B,01 October 2023,31 October 2023
417462,BBB,2013B,01 October 2023,31 October 2023
418065,BBB,2013B,01 October 2023,31 October 2023
418325,BBB,2013B,01 October 2023,31 October 2023
420604,BBB,2013B,01 October 2023,31 October 2023
421205,BBB,2013B,01 October 2023,31 October 2023
422070,BBB,2013B,01 October 2023,31 October 2023
422752,BBB,2013B,01 October 2023,31 October 2023
423314,BBB,2013B,01 October 2023,31 October 2023
423317,BBB,2013B,01 October 2023,31 October 2023
423871,BBB,2013B,01 October 2023,31 October 2023
425747,BBB,2013B,01 October 2023,31 October 2023
425808,BBB,2013B,01 October 2023,31 October 2023
425817,BBB,2013B,01 October 2023,31 October 2023
425820,BBB,2013B,01 October 2023,31 October 2023
426650,BBB,2013B,01 October 2023,31 October 2023
426838,BBB,2013B,01 October 2023,31 October 2023
427536,BBB,2013B,01 October 2023,31 October 2023
427704,BBB,2013B,01 October 2023,31 October 2023
427773,BBB,2013B,01 October 2023,31 October 2023
429038,BBB,2013B,01 October 2023,31 October 2023
429158,BBB,2013B,01 October 2023,31 October 2023
429494,BBB,2013B,01 October 2023,31 October 2023
430160,BBB,2013B,01 October 2023,31 October 2023
430357,BBB,2013B,01 October 2023,31 October 2023
431071,BBB,2013B,01 October 2023,31 October 2023
432004,BBB,2013B,01 October 2023,31 October 2023
432232,BBB,2013B,01 October 2023,31 October 2023
432319,BBB,2013B,01 October 2023,31 October 2023
432870,BBB,2013B,01 October 2023,31 October 2023
433531,BBB,2013B,01 October 2023,31 October 2023
433755,BBB,2013B,01 October 2023,31 October 2023
433939,BBB,2013B,01 October 2023,31 October 2023
434094,BBB,2013B,01 October 2023,31 October 2023
434192,BBB,2013B,01 October 2023,31 October 2023
434353,BBB,2013B,01 October 2023,31 October 2023
434646,BBB,2013B,01 October 2023,31 October 2023
435245,BBB,2013B,01 October 2023,31 October 2023
435803,BBB,2013B,01 October 2023,31 October 2023
437562,BBB,2013B,01 October 2023,31 October 2023
437967,BBB,2013B,01 October 2023,31 October 2023
438210,BBB,2013B,01 October 2023,31 October 2023
438379,BBB,2013B,01 October 2023,31 October 2023
438703,BBB,2013B,01 October 2023,31 October 2023
439857,BBB,2013B,01 October 2023,31 October 2023
440057,BBB,2013B,01 October 2023,31 October 2023
440509,BBB,2013B,01 October 2023,31 October 2023
441000,BBB,2013B,01 October 2023,31 October 2023
441181,BBB,2013B,01 October 2023,31 October 2023
441255,BBB,2013B,01 October 2023,31 October 2023
441423,BBB,2013B,01 October 2023,31 October 2023
442012,BBB,2013B,01 October 2023,31 October 2023
442143,BBB,2013B,01 October 2023,31 October 2023
442183,BBB,2013B,01 October 2023,31 October 2023
442456,BBB,2013B,01 October 2023,31 October 2023
442466,BBB,2013B,01 October 2023,31 October 2023
443108,BBB,2013B,01 October 2023,31 October 2023
443288,BBB,2013B,01 October 2023,31 October 2023
443452,BBB,2013B,01 October 2023,31 October 2023
444117,BBB,2013B,01 October 2023,31 October 2023
444408,BBB,2013B,01 October 2023,31 October 2023
444784,BBB,2013B,01 October 2023,31 October 2023
444926,BBB,2013B,01 October 2023,31 October 2023
445065,BBB,2013B,01 October 2023,31 October 2023
445125,BBB,2013B,01 October 2023,31 October 2023
445889,BBB,2013B,01 October 2023,31 October 2023
446045,BBB,2013B,01 October 2023,31 October 2023
446145,BBB,2013B,01 October 2023,31 October 2023
446247,BBB,2013B,01 October 2023,31 October 2023
446357,BBB,2013B,01 October 2023,31 October 2023
446856,BBB,2013B,01 October 2023,31 October 2023
447007,BBB,2013B,01 October 2023,31 October 2023
447759,BBB,2013B,01 October 2023,31 October 2023
447782,BBB,2013B,01 October 2023,31 October 2023
447790,BBB,2013B,01 October 2023,31 October 2023
465599,BBB,2013B,01 October 2023,31 October 2023
465730,BBB,2013B,01 October 2023,31 October 2023
466037,BBB,2013B,01 October 2023,31 October 2023
466800,BBB,2013B,01 October 2023,31 October 2023
466810,BBB,2013B,01 October 2023,31 October 2023
466959,BBB,2013B,01 October 2023,31 October 2023
466973,BBB,2013B,01 October 2023,31 October 2023
467035,BBB,2013B,01 October 2023,31 October 2023
467292,BBB,2013B,01 October 2023,31 October 2023
467756,BBB,2013B,01 October 2023,31 October 2023
467835,BBB,2013B,01 October 2023,31 October 2023
468021,BBB,2013B,01 October 2023,31 October 2023
468792,BBB,2013B,01 October 2023,31 October 2023
468949,BBB,2013B,01 October 2023,31 October 2023
469683,BBB,2013B,01 October 2023,31 October 2023
470318,BBB,2013B,01 October 2023,31 October 2023
470653,BBB,2013B,01 October 2023,31 October 2023
471219,BBB,2013B,01 October 2023,31 October 2023
471525,BBB,2013B,01 October 2023,31 October 2023
472182,BBB,2013B,01 October 2023,31 October 2023
472348,BBB,2013B,01 October 2023,31 October 2023
472586,BBB,2013B,01 October 2023,31 October 2023
473095,BBB,2013B,01 October 2023,31 October 2023
473328,BBB,2013B,01 October 2023,31 October 2023
475078,BBB,2013B,01 October 2023,31 October 2023
475095,BBB,2013B,01 October 2023,31 October 2023
475460,BBB,2013B,01 October 2023,31 October 2023
475688,BBB,2013B,01 October 2023,31 October 2023
475901,BBB,2013B,01 October 2023,31 October 2023
476037,BBB,2013B,01 October 2023,31 October 2023
476201,BBB,2013B,01 October 2023,31 October 2023
476297,BBB,2013B,01 October 2023,31 October 2023
476369,BBB,2013B,01 October 2023,31 October 2023
476457,BBB,2013B,01 October 2023,31 October 2023
476596,BBB,2013B,01 October 2023,31 October 2023
476709,BBB,2013B,01 October 2023,31 October 2023
476710,BBB,2013B,01 October 2023,31 October 2023
476783,BBB,2013B,01 October 2023,31 October 2023
476816,BBB,2013B,01 October 2023,31 October 2023
476855,BBB,2013B,01 October 2023,31 October 2023
476859,BBB,2013B,01 October 2023,31 October 2023
477009,BBB,2013B,01 October 2023,31 October 2023
477011,BBB,2013B,01 October 2023,31 October 2023
477164,BBB,2013B,01 October 2023,31 October 2023
477167,BBB,2013B,01 October 2023,31 October 2023
477734,BBB,2013B,01 October 2023,31 October 2023
477835,BBB,2013B,01 October 2023,31 October 2023
478317,BBB,2013B,01 October 2023,31 October 2023
478444,BBB,2013B,01 October 2023,31 October 2023
478718,BBB,2013B,01 October 2023,31 October 2023
478792,BBB,2013B,01 October 2023,31 October 2023
478873,BBB,2013B,01 October 2023,31 October 2023
479060,BBB,2013B,01 October 2023,31 October 2023
479171,BBB,2013B,01 October 2023,31 October 2023
479267,BBB,2013B,01 October 2023,31 October 2023
479343,BBB,2013B,01 October 2023,31 October 2023
479516,BBB,2013B,01 October 2023,31 October 2023
479519,BBB,2013B,01 October 2023,31 October 2023
480151,BBB,2013B,01 October 2023,31 October 2023
480382,BBB,2013B,01 October 2023,31 October 2023
480458,BBB,2013B,01 October 2023,31 October 2023
480507,BBB,2013B,01 October 2023,31 October 2023
480554,BBB,2013B,01 October 2023,31 October 2023
480650,BBB,2013B,01 October 2023,31 October 2023
480815,BBB,2013B,01 October 2023,31 October 2023
481010,BBB,2013B,01 October 2023,31 October 2023
481143,BBB,2013B,01 October 2023,31 October 2023
481580,BBB,2013B,01 October 2023,31 October 2023
481607,BBB,2013B,01 October 2023,31 October 2023
482467,BBB,2013B,01 October 2023,31 October 2023
482710,BBB,2013B,01 October 2023,31 October 2023
482766,BBB,2013B,01 October 2023,31 October 2023
482945,BBB,2013B,01 October 2023,31 October 2023
483064,BBB,2013B,01 October 2023,31 October 2023
483074,BBB,2013B,01 October 2023,31 October 2023
483109,BBB,2013B,01 October 2023,31 October 2023
483243,BBB,2013B,01 October 2023,31 October 2023
483309,BBB,2013B,01 October 2023,31 October 2023
483371,BBB,2013B,01 October 2023,31 October 2023
483411,BBB,2013B,01 October 2023,31 October 2023
483479,BBB,2013B,01 October 2023,31 October 2023
483952,BBB,2013B,01 October 2023,31 October 2023
484039,BBB,2013B,01 October 2023,31 October 2023
484135,BBB,2013B,01 October 2023,31 October 2023
484161,BBB,2013B,01 October 2023,31 October 2023
484768,BBB,2013B,01 October 2023,31 October 2023
484885,BBB,2013B,01 October 2023,31 October 2023
484933,BBB,2013B,01 October 2023,31 October 2023
485352,BBB,2013B,01 October 2023,31 October 2023
485399,BBB,2013B,01 October 2023,31 October 2023
485568,BBB,2013B,01 October 2023,31 October 2023
485630,BBB,2013B,01 October 2023,31 October 2023
485782,BBB,2013B,01 October 2023,31 October 2023
486099,BBB,2013B,01 October 2023,31 October 2023
486214,BBB,2013B,01 October 2023,31 October 2023
486282,BBB,2013B,01 October 2023,31 October 2023
486391,BBB,2013B,01 October 2023,31 October 2023
486521,BBB,2013B,01 October 2023,31 October 2023
486650,BBB,2013B,01 October 2023,31 October 2023
486656,BBB,2013B,01 October 2023,31 October 2023
487329,BBB,2013B,01 October 2023,31 October 2023
487646,BBB,2013B,01 October 2023,31 October 2023
488185,BBB,2013B,01 October 2023,31 October 2023
488364,BBB,2013B,01 October 2023,31 October 2023
488425,BBB,2013B,01 October 2023,31 October 2023
488477,BBB,2013B,01 October 2023,31 October 2023
488863,BBB,2013B,01 October 2023,31 October 2023
488929,BBB,2013B,01 October 2023,31 October 2023
489251,BBB,2013B,01 October 2023,31 October 2023
490110,BBB,2013B,01 October 2023,31 October 2023
490152,BBB,2013B,01 October 2023,31 October 2023
490514,BBB,2013B,01 October 2023,31 October 2023
490733,BBB,2013B,01 October 2023,31 October 2023
492182,BBB,2013B,01 October 2023,31 October 2023
492240,BBB,2013B,01 October 2023,31 October 2023
492336,BBB,2013B,01 October 2023,31 October 2023
492590,BBB,2013B,01 October 2023,31 October 2023
492946,BBB,2013B,01 October 2023,31 October 2023
493186,BBB,2013B,01 October 2023,31 October 2023
493377,BBB,2013B,01 October 2023,31 October 2023
493451,BBB,2013B,01 October 2023,31 October 2023
493515,BBB,2013B,01 October 2023,31 October 2023
493773,BBB,2013B,01 October 2023,31 October 2023
493912,BBB,2013B,01 October 2023,31 October 2023
493958,BBB,2013B,01 October 2023,31 October 2023
494095,BBB,2013B,01 October 2023,31 October 2023
494278,BBB,2013B,01 October 2023,31 October 2023
494304,BBB,2013B,01 October 2023,31 October 2023
494673,BBB,2013B,01 October 2023,31 October 2023
494786,BBB,2013B,01 October 2023,31 October 2023
494838,BBB,2013B,01 October 2023,31 October 2023
494840,BBB,2013B,01 October 2023,31 October 2023
494927,BBB,2013B,01 October 2023,31 October 2023
495324,BBB,2013B,01 October 2023,31 October 2023
495377,BBB,2013B,01 October 2023,31 October 2023
495674,BBB,2013B,01 October 2023,31 October 2023
495856,BBB,2013B,01 October 2023,31 October 2023
495875,BBB,2013B,01 October 2023,31 October 2023
495913,BBB,2013B,01 October 2023,31 October 2023
496041,BBB,2013B,01 October 2023,31 October 2023
496070,BBB,2013B,01 October 2023,31 October 2023
496220,BBB,2013B,01 October 2023,31 October 2023
496243,BBB,2013B,01 October 2023,31 October 2023
496674,BBB,2013B,01 October 2023,31 October 2023
497088,BBB,2013B,01 October 2023,31 October 2023
497278,BBB,2013B,01 October 2023,31 October 2023
497280,BBB,2013B,01 October 2023,31 October 2023
497468,BBB,2013B,01 October 2023,31 October 2023
497607,BBB,2013B,01 October 2023,31 October 2023
497793,BBB,2013B,01 October 2023,31 October 2023
498065,BBB,2013B,01 October 2023,31 October 2023
498131,BBB,2013B,01 October 2023,31 October 2023
498175,BBB,2013B,01 October 2023,31 October 2023
498296,BBB,2013B,01 October 2023,31 October 2023
498371,BBB,2013B,01 October 2023,31 October 2023
498455,BBB,2013B,01 October 2023,31 October 2023
498967,BBB,2013B,01 October 2023,31 October 2023
499027,BBB,2013B,01 October 2023,31 October 2023
499067,BBB,2013B,01 October 2023,31 October 2023
499118,BBB,2013B,01 October 2023,31 October 2023
499380,BBB,2013B,01 October 2023,31 October 2023
499387,BBB,2013B,01 October 2023,31 October 2023
499483,BBB,2013B,01 October 2023,31 October 2023
499511,BBB,2013B,01 October 2023,31 October 2023
499891,BBB,2013B,01 October 2023,31 October 2023
499931,BBB,2013B,01 October 2023,31 October 2023
500507,BBB,2013B,01 October 2023,31 October 2023
500585,BBB,2013B,01 October 2023,31 October 2023
500659,BBB,2013B,01 October 2023,31 October 2023
500719,BBB,2013B,01 October 2023,31 October 2023
500791,BBB,2013B,01 October 2023,31 October 2023
500815,BBB,2013B,01 October 2023,31 October 2023
500819,BBB,2013B,01 October 2023,31 October 2023
500836,BBB,2013B,01 October 2023,31 October 2023
500958,BBB,2013B,01 October 2023,31 October 2023
501008,BBB,2013B,01 October 2023,31 October 2023
501432,BBB,2013B,01 October 2023,31 October 2023
501550,BBB,2013B,01 October 2023,31 October 2023
501879,BBB,2013B,01 October 2023,31 October 2023
501955,BBB,2013B,01 October 2023,31 October 2023
502088,BBB,2013B,01 October 2023,31 October 2023
502131,BBB,2013B,01 October 2023,31 October 2023
502279,BBB,2013B,01 October 2023,31 October 2023
502441,BBB,2013B,01 October 2023,31 October 2023
502604,BBB,2013B,01 October 2023,31 October 2023
502694,BBB,2013B,01 October 2023,31 October 2023
502713,BBB,2013B,01 October 2023,31 October 2023
502717,BBB,2013B,01 October 2023,31 October 2023
502872,BBB,2013B,01 October 2023,31 October 2023
503353,BBB,2013B,01 October 2023,31 October 2023
503390,BBB,2013B,01 October 2023,31 October 2023
503491,BBB,2013B,01 October 2023,31 October 2023
503509,BBB,2013B,01 October 2023,31 October 2023
503878,BBB,2013B,01 October 2023,31 October 2023
504014,BBB,2013B,01 October 2023,31 October 2023
504021,BBB,2013B,01 October 2023,31 October 2023
504028,BBB,2013B,01 October 2023,31 October 2023
504102,BBB,2013B,01 October 2023,31 October 2023
504689,BBB,2013B,01 October 2023,31 October 2023
504936,BBB,2013B,01 October 2023,31 October 2023
505123,BBB,2013B,01 October 2023,31 October 2023
505376,BBB,2013B,01 October 2023,31 October 2023
505417,BBB,2013B,01 October 2023,31 October 2023
505499,BBB,2013B,01 October 2023,31 October 2023
505592,BBB,2013B,01 October 2023,31 October 2023
505595,BBB,2013B,01 October 2023,31 October 2023
505606,BBB,2013B,01 October 2023,31 October 2023
505694,BBB,2013B,01 October 2023,31 October 2023
505871,BBB,2013B,01 October 2023,31 October 2023
505959,BBB,2013B,01 October 2023,31 October 2023
505961,BBB,2013B,01 October 2023,31 October 2023
506233,BBB,2013B,01 October 2023,31 October 2023
506360,BBB,2013B,01 October 2023,31 October 2023
506650,BBB,2013B,01 October 2023,31 October 2023
506753,BBB,2013B,01 October 2023,31 October 2023
507184,BBB,2013B,01 October 2023,31 October 2023
507221,BBB,2013B,01 October 2023,31 October 2023
507303,BBB,2013B,01 October 2023,31 October 2023
507320,BBB,2013B,01 October 2023,31 October 2023
507359,BBB,2013B,01 October 2023,31 October 2023
507485,BBB,2013B,01 October 2023,31 October 2023
507685,BBB,2013B,01 October 2023,31 October 2023
507817,BBB,2013B,01 October 2023,31 October 2023
508103,BBB,2013B,01 October 2023,31 October 2023
508452,BBB,2013B,01 October 2023,31 October 2023
508537,BBB,2013B,01 October 2023,31 October 2023
508662,BBB,2013B,01 October 2023,31 October 2023
508668,BBB,2013B,01 October 2023,31 October 2023
509130,BBB,2013B,01 October 2023,31 October 2023
509226,BBB,2013B,01 October 2023,31 October 2023
509295,BBB,2013B,01 October 2023,31 October 2023
509334,BBB,2013B,01 October 2023,31 October 2023
509737,BBB,2013B,01 October 2023,31 October 2023
509768,BBB,2013B,01 October 2023,31 October 2023
509797,BBB,2013B,01 October 2023,31 October 2023
509901,BBB,2013B,01 October 2023,31 October 2023
509926,BBB,2013B,01 October 2023,31 October 2023
510141,BBB,2013B,01 October 2023,31 October 2023
510492,BBB,2013B,01 October 2023,31 October 2023
510556,BBB,2013B,01 October 2023,31 October 2023
510756,BBB,2013B,01 October 2023,31 October 2023
510845,BBB,2013B,01 October 2023,31 October 2023
511050,BBB,2013B,01 October 2023,31 October 2023
511067,BBB,2013B,01 October 2023,31 October 2023
511306,BBB,2013B,01 October 2023,31 October 2023
511459,BBB,2013B,01 October 2023,31 October 2023
511474,BBB,2013B,01 October 2023,31 October 2023
511515,BBB,2013B,01 October 2023,31 October 2023
511524,BBB,2013B,01 October 2023,31 October 2023
511527,BBB,2013B,01 October 2023,31 October 2023
511652,BBB,2013B,01 October 2023,31 October 2023
511693,BBB,2013B,01 October 2023,31 October 2023
512070,BBB,2013B,01 October 2023,31 October 2023
512180,BBB,2013B,01 October 2023,31 October 2023
512242,BBB,2013B,01 October 2023,31 October 2023
512468,BBB,2013B,01 October 2023,31 October 2023
512805,BBB,2013B,01 October 2023,31 October 2023
512883,BBB,2013B,01 October 2023,31 October 2023
512911,BBB,2013B,01 October 2023,31 October 2023
512924,BBB,2013B,01 October 2023,31 October 2023
512929,BBB,2013B,01 October 2023,31 October 2023
512995,BBB,2013B,01 October 2023,31 October 2023
513005,BBB,2013B,01 October 2023,31 October 2023
513016,BBB,2013B,01 October 2023,31 October 2023
513093,BBB,2013B,01 October 2023,31 October 2023
513196,BBB,2013B,01 October 2023,31 October 2023
513210,BBB,2013B,01 October 2023,31 October 2023
513315,BBB,2013B,01 October 2023,31 October 2023
513368,BBB,2013B,01 October 2023,31 October 2023
513733,BBB,2013B,01 October 2023,31 October 2023
513757,BBB,2013B,01 October 2023,31 October 2023
513881,BBB,2013B,01 October 2023,31 October 2023
514140,BBB,2013B,01 October 2023,31 October 2023
514365,BBB,2013B,01 October 2023,31 October 2023
514819,BBB,2013B,01 October 2023,31 October 2023
514951,BBB,2013B,01 October 2023,31 October 2023
514981,BBB,2013B,01 October 2023,31 October 2023
514987,BBB,2013B,01 October 2023,31 October 2023
515035,BBB,2013B,01 October 2023,31 October 2023
515105,BBB,2013B,01 October 2023,31 October 2023
515130,BBB,2013B,01 October 2023,31 October 2023
515174,BBB,2013B,01 October 2023,31 October 2023
515311,BBB,2013B,01 October 2023,31 October 2023
515474,BBB,2013B,01 October 2023,31 October 2023
515497,BBB,2013B,01 October 2023,31 October 2023
515959,BBB,2013B,01 October 2023,31 October 2023
516057,BBB,2013B,01 October 2023,31 October 2023
516432,BBB,2013B,01 October 2023,31 October 2023
516456,BBB,2013B,01 October 2023,31 October 2023
516475,BBB,2013B,01 October 2023,31 October 2023
516495,BBB,2013B,01 October 2023,31 October 2023
516529,BBB,2013B,01 October 2023,31 October 2023
516776,BBB,2013B,01 October 2023,31 October 2023
516841,BBB,2013B,01 October 2023,31 October 2023
517043,BBB,2013B,01 October 2023,31 October 2023
517175,BBB,2013B,01 October 2023,31 October 2023
517474,BBB,2013B,01 October 2023,31 October 2023
517617,BBB,2013B,01 October 2023,31 October 2023
517701,BBB,2013B,01 October 2023,31 October 2023
517778,BBB,2013B,01 October 2023,31 October 2023
517853,BBB,2013B,01 October 2023,31 October 2023
517890,BBB,2013B,01 October 2023,31 October 2023
518189,BBB,2013B,01 October 2023,31 October 2023
518469,BBB,2013B,01 October 2023,31 October 2023
518876,BBB,2013B,01 October 2023,31 October 2023
518879,BBB,2013B,01 October 2023,31 October 2023
518904,BBB,2013B,01 October 2023,31 October 2023
518970,BBB,2013B,01 October 2023,31 October 2023
519012,BBB,2013B,01 October 2023,31 October 2023
519222,BBB,2013B,01 October 2023,31 October 2023
519387,BBB,2013B,01 October 2023,31 October 2023
519602,BBB,2013B,01 October 2023,31 October 2023
519647,BBB,2013B,01 October 2023,31 October 2023
519800,BBB,2013B,01 October 2023,31 October 2023
520049,BBB,2013B,01 October 2023,31 October 2023
520230,BBB,2013B,01 October 2023,31 October 2023
520749,BBB,2013B,01 October 2023,31 October 2023
520836,BBB,2013B,01 October 2023,31 October 2023
521069,BBB,2013B,01 October 2023,31 October 2023
521081,BBB,2013B,01 October 2023,31 October 2023
521096,BBB,2013B,01 October 2023,31 October 2023
521394,BBB,2013B,01 October 2023,31 October 2023
521430,BBB,2013B,01 October 2023,31 October 2023
521496,BBB,2013B,01 October 2023,31 October 2023
521764,BBB,2013B,01 October 2023,31 October 2023
521903,BBB,2013B,01 October 2023,31 October 2023
522090,BBB,2013B,01 October 2023,31 October 2023
522249,BBB,2013B,01 October 2023,31 October 2023
522302,BBB,2013B,01 October 2023,31 October 2023
522373,BBB,2013B,01 October 2023,31 October 2023
522383,BBB,2013B,01 October 2023,31 October 2023
522512,BBB,2013B,01 October 2023,31 October 2023
523012,BBB,2013B,01 October 2023,31 October 2023
523156,BBB,2013B,01 October 2023,31 October 2023
523596,BBB,2013B,01 October 2023,31 October 2023
523630,BBB,2013B,01 October 2023,31 October 2023
523672,BBB,2013B,01 October 2023,31 October 2023
523789,BBB,2013B,01 October 2023,31 October 2023
523966,BBB,2013B,01 October 2023,31 October 2023
524101,BBB,2013B,01 October 2023,31 October 2023
524171,BBB,2013B,01 October 2023,31 October 2023
524452,BBB,2013B,01 October 2023,31 October 2023
524496,BBB,2013B,01 October 2023,31 October 2023
524598,BBB,2013B,01 October 2023,31 October 2023
524769,BBB,2013B,01 October 2023,31 October 2023
524968,BBB,2013B,01 October 2023,31 October 2023
525501,BBB,2013B,01 October 2023,31 October 2023
525520,BBB,2013B,01 October 2023,31 October 2023
525543,BBB,2013B,01 October 2023,31 October 2023
525679,BBB,2013B,01 October 2023,31 October 2023
525683,BBB,2013B,01 October 2023,31 October 2023
525797,BBB,2013B,01 October 2023,31 October 2023
525869,BBB,2013B,01 October 2023,31 October 2023
525942,BBB,2013B,01 October 2023,31 October 2023
526200,BBB,2013B,01 October 2023,31 October 2023
526370,BBB,2013B,01 October 2023,31 October 2023
526506,BBB,2013B,01 October 2023,31 October 2023
527020,BBB,2013B,01 October 2023,31 October 2023
527164,BBB,2013B,01 October 2023,31 October 2023
527227,BBB,2013B,01 October 2023,31 October 2023
527313,BBB,2013B,01 October 2023,31 October 2023
527343,BBB,2013B,01 October 2023,31 October 2023
527382,BBB,2013B,01 October 2023,31 October 2023
527400,BBB,2013B,01 October 2023,31 October 2023
527659,BBB,2013B,01 October 2023,31 October 2023
527886,BBB,2013B,01 October 2023,31 October 2023
527980,BBB,2013B,01 October 2023,31 October 2023
528161,BBB,2013B,01 October 2023,31 October 2023
528175,BBB,2013B,01 October 2023,31 October 2023
528220,BBB,2013B,01 October 2023,31 October 2023
528250,BBB,2013B,01 October 2023,31 October 2023
528261,BBB,2013B,01 October 2023,31 October 2023
528270,BBB,2013B,01 October 2023,31 October 2023
528353,BBB,2013B,01 October 2023,31 October 2023
528649,BBB,2013B,01 October 2023,31 October 2023
528698,BBB,2013B,01 October 2023,31 October 2023
528904,BBB,2013B,01 October 2023,31 October 2023
528918,BBB,2013B,01 October 2023,31 October 2023
529065,BBB,2013B,01 October 2023,31 October 2023
529118,BBB,2013B,01 October 2023,31 October 2023
529174,BBB,2013B,01 October 2023,31 October 2023
529212,BBB,2013B,01 October 2023,31 October 2023
529383,BBB,2013B,01 October 2023,31 October 2023
529446,BBB,2013B,01 October 2023,31 October 2023
529452,BBB,2013B,01 October 2023,31 October 2023
529502,BBB,2013B,01 October 2023,31 October 2023
529767,BBB,2013B,01 October 2023,31 October 2023
530065,BBB,2013B,01 October 2023,31 October 2023
530153,BBB,2013B,01 October 2023,31 October 2023
530215,BBB,2013B,01 October 2023,31 October 2023
530226,BBB,2013B,01 October 2023,31 October 2023
530245,BBB,2013B,01 October 2023,31 October 2023
530266,BBB,2013B,01 October 2023,31 October 2023
530398,BBB,2013B,01 October 2023,31 October 2023
530483,BBB,2013B,01 October 2023,31 October 2023
530493,BBB,2013B,01 October 2023,31 October 2023
530669,BBB,2013B,01 October 2023,31 October 2023
530987,BBB,2013B,01 October 2023,31 October 2023
531000,BBB,2013B,01 October 2023,31 October 2023
531027,BBB,2013B,01 October 2023,31 October 2023
531205,BBB,2013B,01 October 2023,31 October 2023
531235,BBB,2013B,01 October 2023,31 October 2023
531427,BBB,2013B,01 October 2023,31 October 2023
531428,BBB,2013B,01 October 2023,31 October 2023
531464,BBB,2013B,01 October 2023,31 October 2023
531481,BBB,2013B,01 October 2023,31 October 2023
531569,BBB,2013B,01 October 2023,31 October 2023
531573,BBB,2013B,01 October 2023,31 October 2023
531634,BBB,2013B,01 October 2023,31 October 2023
531689,BBB,2013B,01 October 2023,31 October 2023
532000,BBB,2013B,01 October 2023,31 October 2023
532034,BBB,2013B,01 October 2023,31 October 2023
532140,BBB,2013B,01 October 2023,31 October 2023
532142,BBB,2013B,01 October 2023,31 October 2023
532317,BBB,2013B,01 October 2023,31 October 2023
532396,BBB,2013B,01 October 2023,31 October 2023
532500,BBB,2013B,01 October 2023,31 October 2023
532512,BBB,2013B,01 October 2023,31 October 2023
532534,BBB,2013B,01 October 2023,31 October 2023
532584,BBB,2013B,01 October 2023,31 October 2023
532665,BBB,2013B,01 October 2023,31 October 2023
532668,BBB,2013B,01 October 2023,31 October 2023
532710,BBB,2013B,01 October 2023,31 October 2023
532742,BBB,2013B,01 October 2023,31 October 2023
532839,BBB,2013B,01 October 2023,31 October 2023
532886,BBB,2013B,01 October 2023,31 October 2023
532928,BBB,2013B,01 October 2023,31 October 2023
532950,BBB,2013B,01 October 2023,31 October 2023
533324,BBB,2013B,01 October 2023,31 October 2023
533347,BBB,2013B,01 October 2023,31 October 2023
533365,BBB,2013B,01 October 2023,31 October 2023
533512,BBB,2013B,01 October 2023,31 October 2023
533545,BBB,2013B,01 October 2023,31 October 2023
533697,BBB,2013B,01 October 2023,31 October 2023
533722,BBB,2013B,01 October 2023,31 October 2023
533737,BBB,2013B,01 October 2023,31 October 2023
533839,BBB,2013B,01 October 2023,31 October 2023
533846,BBB,2013B,01 October 2023,31 October 2023
533969,BBB,2013B,01 October 2023,31 October 2023
533996,BBB,2013B,01 October 2023,31 October 2023
534051,BBB,2013B,01 October 2023,31 October 2023
534086,BBB,2013B,01 October 2023,31 October 2023
534151,BBB,2013B,01 October 2023,31 October 2023
534217,BBB,2013B,01 October 2023,31 October 2023
534343,BBB,2013B,01 October 2023,31 October 2023
534360,BBB,2013B,01 October 2023,31 October 2023
534373,BBB,2013B,01 October 2023,31 October 2023
534426,BBB,2013B,01 October 2023,31 October 2023
534432,BBB,2013B,01 October 2023,31 October 2023
534530,BBB,2013B,01 October 2023,31 October 2023
534652,BBB,2013B,01 October 2023,31 October 2023
534671,BBB,2013B,01 October 2023,31 October 2023
534698,BBB,2013B,01 October 2023,31 October 2023
534709,BBB,2013B,01 October 2023,31 October 2023
534713,BBB,2013B,01 October 2023,31 October 2023
534744,BBB,2013B,01 October 2023,31 October 2023
534758,BBB,2013B,01 October 2023,31 October 2023
534765,BBB,2013B,01 October 2023,31 October 2023
534830,BBB,2013B,01 October 2023,31 October 2023
534908,BBB,2013B,01 October 2023,31 October 2023
534922,BBB,2013B,01 October 2023,31 October 2023
534983,BBB,2013B,01 October 2023,31 October 2023
534991,BBB,2013B,01 October 2023,31 October 2023
535012,BBB,2013B,01 October 2023,31 October 2023
535140,BBB,2013B,01 October 2023,31 October 2023
535145,BBB,2013B,01 October 2023,31 October 2023
535152,BBB,2013B,01 October 2023,31 October 2023
535155,BBB,2013B,01 October 2023,31 October 2023
535269,BBB,2013B,01 October 2023,31 October 2023
535272,BBB,2013B,01 October 2023,31 October 2023
535278,BBB,2013B,01 October 2023,31 October 2023
535303,BBB,2013B,01 October 2023,31 October 2023
535328,BBB,2013B,01 October 2023,31 October 2023
535396,BBB,2013B,01 October 2023,31 October 2023
535407,BBB,2013B,01 October 2023,31 October 2023
535468,BBB,2013B,01 October 2023,31 October 2023
535526,BBB,2013B,01 October 2023,31 October 2023
535530,BBB,2013B,01 October 2023,31 October 2023
535558,BBB,2013B,01 October 2023,31 October 2023
535605,BBB,2013B,01 October 2023,31 October 2023
535618,BBB,2013B,01 October 2023,31 October 2023
535755,BBB,2013B,01 October 2023,31 October 2023
535760,BBB,2013B,01 October 2023,31 October 2023
535773,BBB,2013B,01 October 2023,31 October 2023
535778,BBB,2013B,01 October 2023,31 October 2023
535800,BBB,2013B,01 October 2023,31 October 2023
535807,BBB,2013B,01 October 2023,31 October 2023
535820,BBB,2013B,01 October 2023,31 October 2023
536050,BBB,2013B,01 October 2023,31 October 2023
536112,BBB,2013B,01 October 2023,31 October 2023
536188,BBB,2013B,01 October 2023,31 October 2023
536189,BBB,2013B,01 October 2023,31 October 2023
536203,BBB,2013B,01 October 2023,31 October 2023
536205,BBB,2013B,01 October 2023,31 October 2023
536216,BBB,2013B,01 October 2023,31 October 2023
536243,BBB,2013B,01 October 2023,31 October 2023
536270,BBB,2013B,01 October 2023,31 October 2023
536442,BBB,2013B,01 October 2023,31 October 2023
536452,BBB,2013B,01 October 2023,31 October 2023
536471,BBB,2013B,01 October 2023,31 October 2023
536510,BBB,2013B,01 October 2023,31 October 2023
536519,BBB,2013B,01 October 2023,31 October 2023
536520,BBB,2013B,01 October 2023,31 October 2023
536551,BBB,2013B,01 October 2023,31 October 2023
536670,BBB,2013B,01 October 2023,31 October 2023
536722,BBB,2013B,01 October 2023,31 October 2023
536726,BBB,2013B,01 October 2023,31 October 2023
536856,BBB,2013B,01 October 2023,31 October 2023
536900,BBB,2013B,01 October 2023,31 October 2023
537162,BBB,2013B,01 October 2023,31 October 2023
537193,BBB,2013B,01 October 2023,31 October 2023
537255,BBB,2013B,01 October 2023,31 October 2023
537259,BBB,2013B,01 October 2023,31 October 2023
537263,BBB,2013B,01 October 2023,31 October 2023
537320,BBB,2013B,01 October 2023,31 October 2023
537342,BBB,2013B,01 October 2023,31 October 2023
537392,BBB,2013B,01 October 2023,31 October 2023
537414,BBB,2013B,01 October 2023,31 October 2023
537433,BBB,2013B,01 October 2023,31 October 2023
537434,BBB,2013B,01 October 2023,31 October 2023
537464,BBB,2013B,01 October 2023,31 October 2023
537473,BBB,2013B,01 October 2023,31 October 2023
537488,BBB,2013B,01 October 2023,31 October 2023
537558,BBB,2013B,01 October 2023,31 October 2023
537572,BBB,2013B,01 October 2023,31 October 2023
537584,BBB,2013B,01 October 2023,31 October 2023
537676,BBB,2013B,01 October 2023,31 October 2023
537679,BBB,2013B,01 October 2023,31 October 2023
537688,BBB,2013B,01 October 2023,31 October 2023
537704,BBB,2013B,01 October 2023,31 October 2023
537844,BBB,2013B,01 October 2023,31 October 2023
537875,BBB,2013B,01 October 2023,31 October 2023
537898,BBB,2013B,01 October 2023,31 October 2023
537905,BBB,2013B,01 October 2023,31 October 2023
538138,BBB,2013B,01 October 2023,31 October 2023
538196,BBB,2013B,01 October 2023,31 October 2023
538221,BBB,2013B,01 October 2023,31 October 2023
538232,BBB,2013B,01 October 2023,31 October 2023
538897,BBB,2013B,01 October 2023,31 October 2023
538942,BBB,2013B,01 October 2023,31 October 2023
538987,BBB,2013B,01 October 2023,31 October 2023
539041,BBB,2013B,01 October 2023,31 October 2023
539056,BBB,2013B,01 October 2023,31 October 2023
539232,BBB,2013B,01 October 2023,31 October 2023
539253,BBB,2013B,01 October 2023,31 October 2023
539265,BBB,2013B,01 October 2023,31 October 2023
539303,BBB,2013B,01 October 2023,31 October 2023
539345,BBB,2013B,01 October 2023,31 October 2023
539365,BBB,2013B,01 October 2023,31 October 2023
539385,BBB,2013B,01 October 2023,31 October 2023
539416,BBB,2013B,01 October 2023,31 October 2023
539418,BBB,2013B,01 October 2023,31 October 2023
539426,BBB,2013B,01 October 2023,31 October 2023
539558,BBB,2013B,01 October 2023,31 October 2023
539572,BBB,2013B,01 October 2023,31 October 2023
539710,BBB,2013B,01 October 2023,31 October 2023
539737,BBB,2013B,01 October 2023,31 October 2023
539891,BBB,2013B,01 October 2023,31 October 2023
539962,BBB,2013B,01 October 2023,31 October 2023
540055,BBB,2013B,01 October 2023,31 October 2023
540122,BBB,2013B,01 October 2023,31 October 2023
540184,BBB,2013B,01 October 2023,31 October 2023
540511,BBB,2013B,01 October 2023,31 October 2023
540513,BBB,2013B,01 October 2023,31 October 2023
540530,BBB,2013B,01 October 2023,31 October 2023
540568,BBB,2013B,01 October 2023,31 October 2023
540594,BBB,2013B,01 October 2023,31 October 2023
540607,BBB,2013B,01 October 2023,31 October 2023
540614,BBB,2013B,01 October 2023,31 October 2023
540656,BBB,2013B,01 October 2023,31 October 2023
540750,BBB,2013B,01 October 2023,31 October 2023
540767,BBB,2013B,01 October 2023,31 October 2023
540780,BBB,2013B,01 October 2023,31 October 2023
540787,BBB,2013B,01 October 2023,31 October 2023
540826,BBB,2013B,01 October 2023,31 October 2023
540918,BBB,2013B,01 October 2023,31 October 2023
540953,BBB,2013B,01 October 2023,31 October 2023
541013,BBB,2013B,01 October 2023,31 October 2023
541048,BBB,2013B,01 October 2023,31 October 2023
541061,BBB,2013B,01 October 2023,31 October 2023
541073,BBB,2013B,01 October 2023,31 October 2023
541113,BBB,2013B,01 October 2023,31 October 2023
541196,BBB,2013B,01 October 2023,31 October 2023
541231,BBB,2013B,01 October 2023,31 October 2023
541232,BBB,2013B,01 October 2023,31 October 2023
541363,BBB,2013B,01 October 2023,31 October 2023
541523,BBB,2013B,01 October 2023,31 October 2023
541573,BBB,2013B,01 October 2023,31 October 2023
541697,BBB,2013B,01 October 2023,31 October 2023
541706,BBB,2013B,01 October 2023,31 October 2023
541709,BBB,2013B,01 October 2023,31 October 2023
541727,BBB,2013B,01 October 2023,31 October 2023
541763,BBB,2013B,01 October 2023,31 October 2023
541764,BBB,2013B,01 October 2023,31 October 2023
541794,BBB,2013B,01 October 2023,31 October 2023
541803,BBB,2013B,01 October 2023,31 October 2023
541808,BBB,2013B,01 October 2023,31 October 2023
541822,BBB,2013B,01 October 2023,31 October 2023
541832,BBB,2013B,01 October 2023,31 October 2023
541838,BBB,2013B,01 October 2023,31 October 2023
541884,BBB,2013B,01 October 2023,31 October 2023
541973,BBB,2013B,01 October 2023,31 October 2023
541985,BBB,2013B,01 October 2023,31 October 2023
542010,BBB,2013B,01 October 2023,31 October 2023
542012,BBB,2013B,01 October 2023,31 October 2023
542081,BBB,2013B,01 October 2023,31 October 2023
542084,BBB,2013B,01 October 2023,31 October 2023
542115,BBB,2013B,01 October 2023,31 October 2023
542172,BBB,2013B,01 October 2023,31 October 2023
542259,BBB,2013B,01 October 2023,31 October 2023
542260,BBB,2013B,01 October 2023,31 October 2023
542291,BBB,2013B,01 October 2023,31 October 2023
542396,BBB,2013B,01 October 2023,31 October 2023
542543,BBB,2013B,01 October 2023,31 October 2023
542562,BBB,2013B,01 October 2023,31 October 2023
542602,BBB,2013B,01 October 2023,31 October 2023
542613,BBB,2013B,01 October 2023,31 October 2023
542622,BBB,2013B,01 October 2023,31 October 2023
542663,BBB,2013B,01 October 2023,31 October 2023
542687,BBB,2013B,01 October 2023,31 October 2023
542692,BBB,2013B,01 October 2023,31 October 2023
542745,BBB,2013B,01 October 2023,31 October 2023
542748,BBB,2013B,01 October 2023,31 October 2023
542760,BBB,2013B,01 October 2023,31 October 2023
542991,BBB,2013B,01 October 2023,31 October 2023
543124,BBB,2013B,01 October 2023,31 October 2023
543140,BBB,2013B,01 October 2023,31 October 2023
543165,BBB,2013B,01 October 2023,31 October 2023
543180,BBB,2013B,01 October 2023,31 October 2023
543199,BBB,2013B,01 October 2023,31 October 2023
543351,BBB,2013B,01 October 2023,31 October 2023
543356,BBB,2013B,01 October 2023,31 October 2023
543365,BBB,2013B,01 October 2023,31 October 2023
543408,BBB,2013B,01 October 2023,31 October 2023
543465,BBB,2013B,01 October 2023,31 October 2023
543473,BBB,2013B,01 October 2023,31 October 2023
543533,BBB,2013B,01 October 2023,31 October 2023
543630,BBB,2013B,01 October 2023,31 October 2023
543719,BBB,2013B,01 October 2023,31 October 2023
543853,BBB,2013B,01 October 2023,31 October 2023
543864,BBB,2013B,01 October 2023,31 October 2023
543896,BBB,2013B,01 October 2023,31 October 2023
543926,BBB,2013B,01 October 2023,31 October 2023
543970,BBB,2013B,01 October 2023,31 October 2023
544017,BBB,2013B,01 October 2023,31 October 2023
544186,BBB,2013B,01 October 2023,31 October 2023
544351,BBB,2013B,01 October 2023,31 October 2023
544408,BBB,2013B,01 October 2023,31 October 2023
544435,BBB,2013B,01 October 2023,31 October 2023
544444,BBB,2013B,01 October 2023,31 October 2023
544455,BBB,2013B,01 October 2023,31 October 2023
544491,BBB,2013B,01 October 2023,31 October 2023
544500,BBB,2013B,01 October 2023,31 October 2023
544519,BBB,2013B,01 October 2023,31 October 2023
544532,BBB,2013B,01 October 2023,31 October 2023
544627,BBB,2013B,01 October 2023,31 October 2023
544632,BBB,2013B,01 October 2023,31 October 2023
544639,BBB,2013B,01 October 2023,31 October 2023
544642,BBB,2013B,01 October 2023,31 October 2023
544686,BBB,2013B,01 October 2023,31 October 2023
544741,BBB,2013B,01 October 2023,31 October 2023
544796,BBB,2013B,01 October 2023,31 October 2023
544848,BBB,2013B,01 October 2023,31 October 2023
544859,BBB,2013B,01 October 2023,31 October 2023
544881,BBB,2013B,01 October 2023,31 October 2023
544890,BBB,2013B,01 October 2023,31 October 2023
544978,BBB,2013B,01 October 2023,31 October 2023
544989,BBB,2013B,01 October 2023,31 October 2023
545001,BBB,2013B,01 October 2023,31 October 2023
545041,BBB,2013B,01 October 2023,31 October 2023
545072,BBB,2013B,01 October 2023,31 October 2023
545191,BBB,2013B,01 October 2023,31 October 2023
545219,BBB,2013B,01 October 2023,31 October 2023
545223,BBB,2013B,01 October 2023,31 October 2023
545240,BBB,2013B,01 October 2023,31 October 2023
545337,BBB,2013B,01 October 2023,31 October 2023
545340,BBB,2013B,01 October 2023,31 October 2023
545376,BBB,2013B,01 October 2023,31 October 2023
545381,BBB,2013B,01 October 2023,31 October 2023
545392,BBB,2013B,01 October 2023,31 October 2023
545480,BBB,2013B,01 October 2023,31 October 2023
545514,BBB,2013B,01 October 2023,31 October 2023
545521,BBB,2013B,01 October 2023,31 October 2023
545658,BBB,2013B,01 October 2023,31 October 2023
545697,BBB,2013B,01 October 2023,31 October 2023
545702,BBB,2013B,01 October 2023,31 October 2023
545725,BBB,2013B,01 October 2023,31 October 2023
545780,BBB,2013B,01 October 2023,31 October 2023
545799,BBB,2013B,01 October 2023,31 October 2023
545803,BBB,2013B,01 October 2023,31 October 2023
545896,BBB,2013B,01 October 2023,31 October 2023
545927,BBB,2013B,01 October 2023,31 October 2023
546015,BBB,2013B,01 October 2023,31 October 2023
546019,BBB,2013B,01 October 2023,31 October 2023
546052,BBB,2013B,01 October 2023,31 October 2023
546136,BBB,2013B,01 October 2023,31 October 2023
546157,BBB,2013B,01 October 2023,31 October 2023
546202,BBB,2013B,01 October 2023,31 October 2023
546322,BBB,2013B,01 October 2023,31 October 2023
546333,BBB,2013B,01 October 2023,31 October 2023
546407,BBB,2013B,01 October 2023,31 October 2023
546428,BBB,2013B,01 October 2023,31 October 2023
546455,BBB,2013B,01 October 2023,31 October 2023
546500,BBB,2013B,01 October 2023,31 October 2023
546533,BBB,2013B,01 October 2023,31 October 2023
546609,BBB,2013B,01 October 2023,31 October 2023
546632,BBB,2013B,01 October 2023,31 October 2023
546681,BBB,2013B,01 October 2023,31 October 2023
546685,BBB,2013B,01 October 2023,31 October 2023
546749,BBB,2013B,01 October 2023,31 October 2023
546786,BBB,2013B,01 October 2023,31 October 2023
546811,BBB,2013B,01 October 2023,31 October 2023
546837,BBB,2013B,01 October 2023,31 October 2023
546843,BBB,2013B,01 October 2023,31 October 2023
546892,BBB,2013B,01 October 2023,31 October 2023
546909,BBB,2013B,01 October 2023,31 October 2023
546921,BBB,2013B,01 October 2023,31 October 2023
546941,BBB,2013B,01 October 2023,31 October 2023
546947,BBB,2013B,01 October 2023,31 October 2023
546958,BBB,2013B,01 October 2023,31 October 2023
547052,BBB,2013B,01 October 2023,31 October 2023
547165,BBB,2013B,01 October 2023,31 October 2023
547192,BBB,2013B,01 October 2023,31 October 2023
547259,BBB,2013B,01 October 2023,31 October 2023
547267,BBB,2013B,01 October 2023,31 October 2023
547303,BBB,2013B,01 October 2023,31 October 2023
547372,BBB,2013B,01 October 2023,31 October 2023
547390,BBB,2013B,01 October 2023,31 October 2023
547403,BBB,2013B,01 October 2023,31 October 2023
547409,BBB,2013B,01 October 2023,31 October 2023
547427,BBB,2013B,01 October 2023,31 October 2023
547466,BBB,2013B,01 October 2023,31 October 2023
547472,BBB,2013B,01 October 2023,31 October 2023
547620,BBB,2013B,01 October 2023,31 October 2023
547663,BBB,2013B,01 October 2023,31 October 2023
547689,BBB,2013B,01 October 2023,31 October 2023
547690,BBB,2013B,01 October 2023,31 October 2023
547697,BBB,2013B,01 October 2023,31 October 2023
547755,BBB,2013B,01 October 2023,31 October 2023
547757,BBB,2013B,01 October 2023,31 October 2023
547841,BBB,2013B,01 October 2023,31 October 2023
547855,BBB,2013B,01 October 2023,31 October 2023
547873,BBB,2013B,01 October 2023,31 October 2023
547892,BBB,2013B,01 October 2023,31 October 2023
547902,BBB,2013B,01 October 2023,31 October 2023
547903,BBB,2013B,01 October 2023,31 October 2023
548090,BBB,2013B,01 October 2023,31 October 2023
548097,BBB,2013B,01 October 2023,31 October 2023
548106,BBB,2013B,01 October 2023,31 October 2023
548124,BBB,2013B,01 October 2023,31 October 2023
548241,BBB,2013B,01 October 2023,31 October 2023
548255,BBB,2013B,01 October 2023,31 October 2023
548275,BBB,2013B,01 October 2023,31 October 2023
548307,BBB,2013B,01 October 2023,31 October 2023
548321,BBB,2013B,01 October 2023,31 October 2023
548334,BBB,2013B,01 October 2023,31 October 2023
548344,BBB,2013B,01 October 2023,31 October 2023
548355,BBB,2013B,01 October 2023,31 October 2023
548403,BBB,2013B,01 October 2023,31 October 2023
548439,BBB,2013B,01 October 2023,31 October 2023
548488,BBB,2013B,01 October 2023,31 October 2023
548504,BBB,2013B,01 October 2023,31 October 2023
548520,BBB,2013B,01 October 2023,31 October 2023
548585,BBB,2013B,01 October 2023,31 October 2023
548617,BBB,2013B,01 October 2023,31 October 2023
548642,BBB,2013B,01 October 2023,31 October 2023
548714,BBB,2013B,01 October 2023,31 October 2023
548744,BBB,2013B,01 October 2023,31 October 2023
548791,BBB,2013B,01 October 2023,31 October 2023
548800,BBB,2013B,01 October 2023,31 October 2023
548813,BBB,2013B,01 October 2023,31 October 2023
548831,BBB,2013B,01 October 2023,31 October 2023
548834,BBB,2013B,01 October 2023,31 October 2023
548838,BBB,2013B,01 October 2023,31 October 2023
548839,BBB,2013B,01 October 2023,31 October 2023
548843,BBB,2013B,01 October 2023,31 October 2023
548871,BBB,2013B,01 October 2023,31 October 2023
548881,BBB,2013B,01 October 2023,31 October 2023
548884,BBB,2013B,01 October 2023,31 October 2023
548885,BBB,2013B,01 October 2023,31 October 2023
548900,BBB,2013B,01 October 2023,31 October 2023
548921,BBB,2013B,01 October 2023,31 October 2023
548924,BBB,2013B,01 October 2023,31 October 2023
548935,BBB,2013B,01 October 2023,31 October 2023
548954,BBB,2013B,01 October 2023,31 October 2023
548981,BBB,2013B,01 October 2023,31 October 2023
548990,BBB,2013B,01 October 2023,31 October 2023
549009,BBB,2013B,01 October 2023,31 October 2023
549047,BBB,2013B,01 October 2023,31 October 2023
549078,BBB,2013B,01 October 2023,31 October 2023
549106,BBB,2013B,01 October 2023,31 October 2023
549143,BBB,2013B,01 October 2023,31 October 2023
549158,BBB,2013B,01 October 2023,31 October 2023
549196,BBB,2013B,01 October 2023,31 October 2023
549203,BBB,2013B,01 October 2023,31 October 2023
549204,BBB,2013B,01 October 2023,31 October 2023
549261,BBB,2013B,01 October 2023,31 October 2023
549278,BBB,2013B,01 October 2023,31 October 2023
549352,BBB,2013B,01 October 2023,31 October 2023
549391,BBB,2013B,01 October 2023,31 October 2023
549406,BBB,2013B,01 October 2023,31 October 2023
549512,BBB,2013B,01 October 2023,31 October 2023
549563,BBB,2013B,01 October 2023,31 October 2023
549568,BBB,2013B,01 October 2023,31 October 2023
549590,BBB,2013B,01 October 2023,31 October 2023
549622,BBB,2013B,01 October 2023,31 October 2023
549651,BBB,2013B,01 October 2023,31 October 2023
549713,BBB,2013B,01 October 2023,31 October 2023
549732,BBB,2013B,01 October 2023,31 October 2023
549754,BBB,2013B,01 October 2023,31 October 2023
549862,BBB,2013B,01 October 2023,31 October 2023
549873,BBB,2013B,01 October 2023,31 October 2023
549907,BBB,2013B,01 October 2023,31 October 2023
550018,BBB,2013B,01 October 2023,31 October 2023
550051,BBB,2013B,01 October 2023,31 October 2023
550077,BBB,2013B,01 October 2023,31 October 2023
550098,BBB,2013B,01 October 2023,31 October 2023
550106,BBB,2013B,01 October 2023,31 October 2023
550163,BBB,2013B,01 October 2023,31 October 2023
550208,BBB,2013B,01 October 2023,31 October 2023
550209,BBB,2013B,01 October 2023,31 October 2023
550278,BBB,2013B,01 October 2023,31 October 2023
550322,BBB,2013B,01 October 2023,31 October 2023
550342,BBB,2013B,01 October 2023,31 October 2023
550354,BBB,2013B,01 October 2023,31 October 2023
550381,BBB,2013B,01 October 2023,31 October 2023
550400,BBB,2013B,01 October 2023,31 October 2023
550403,BBB,2013B,01 October 2023,31 October 2023
550428,BBB,2013B,01 October 2023,31 October 2023
550429,BBB,2013B,01 October 2023,31 October 2023
550520,BBB,2013B,01 October 2023,31 October 2023
550549,BBB,2013B,01 October 2023,31 October 2023
550597,BBB,2013B,01 October 2023,31 October 2023
550613,BBB,2013B,01 October 2023,31 October 2023
550668,BBB,2013B,01 October 2023,31 October 2023
550676,BBB,2013B,01 October 2023,31 October 2023
550707,BBB,2013B,01 October 2023,31 October 2023
550708,BBB,2013B,01 October 2023,31 October 2023
550777,BBB,2013B,01 October 2023,31 October 2023
550842,BBB,2013B,01 October 2023,31 October 2023
550867,BBB,2013B,01 October 2023,31 October 2023
550898,BBB,2013B,01 October 2023,31 October 2023
550921,BBB,2013B,01 October 2023,31 October 2023
550923,BBB,2013B,01 October 2023,31 October 2023
550960,BBB,2013B,01 October 2023,31 October 2023
550963,BBB,2013B,01 October 2023,31 October 2023
551032,BBB,2013B,01 October 2023,31 October 2023
551053,BBB,2013B,01 October 2023,31 October 2023
551080,BBB,2013B,01 October 2023,31 October 2023
551129,BBB,2013B,01 October 2023,31 October 2023
551172,BBB,2013B,01 October 2023,31 October 2023
551274,BBB,2013B,01 October 2023,31 October 2023
551282,BBB,2013B,01 October 2023,31 October 2023
551480,BBB,2013B,01 October 2023,31 October 2023
551487,BBB,2013B,01 October 2023,31 October 2023
551504,BBB,2013B,01 October 2023,31 October 2023
551576,BBB,2013B,01 October 2023,31 October 2023
551601,BBB,2013B,01 October 2023,31 October 2023
551655,BBB,2013B,01 October 2023,31 October 2023
551702,BBB,2013B,01 October 2023,31 October 2023
551706,BBB,2013B,01 October 2023,31 October 2023
551714,BBB,2013B,01 October 2023,31 October 2023
551715,BBB,2013B,01 October 2023,31 October 2023
551716,BBB,2013B,01 October 2023,31 October 2023
551724,BBB,2013B,01 October 2023,31 October 2023
551759,BBB,2013B,01 October 2023,31 October 2023
551762,BBB,2013B,01 October 2023,31 October 2023
551770,BBB,2013B,01 October 2023,31 October 2023
551886,BBB,2013B,01 October 2023,31 October 2023
551891,BBB,2013B,01 October 2023,31 October 2023
551895,BBB,2013B,01 October 2023,31 October 2023
551906,BBB,2013B,01 October 2023,31 October 2023
551938,BBB,2013B,01 October 2023,31 October 2023
551954,BBB,2013B,01 October 2023,31 October 2023
551985,BBB,2013B,01 October 2023,31 October 2023
552007,BBB,2013B,01 October 2023,31 October 2023
552017,BBB,2013B,01 October 2023,31 October 2023
552025,BBB,2013B,01 October 2023,31 October 2023
552039,BBB,2013B,01 October 2023,31 October 2023
552056,BBB,2013B,01 October 2023,31 October 2023
552069,BBB,2013B,01 October 2023,31 October 2023
552110,BBB,2013B,01 October 2023,31 October 2023
552135,BBB,2013B,01 October 2023,31 October 2023
552222,BBB,2013B,01 October 2023,31 October 2023
552273,BBB,2013B,01 October 2023,31 October 2023
552420,BBB,2013B,01 October 2023,31 October 2023
552535,BBB,2013B,01 October 2023,31 October 2023
552640,BBB,2013B,01 October 2023,31 October 2023
552667,BBB,2013B,01 October 2023,31 October 2023
552701,BBB,2013B,01 October 2023,31 October 2023
552718,BBB,2013B,01 October 2023,31 October 2023
552719,BBB,2013B,01 October 2023,31 October 2023
552749,BBB,2013B,01 October 2023,31 October 2023
552822,BBB,2013B,01 October 2023,31 October 2023
552826,BBB,2013B,01 October 2023,31 October 2023
552859,BBB,2013B,01 October 2023,31 October 2023
552894,BBB,2013B,01 October 2023,31 October 2023
552902,BBB,2013B,01 October 2023,31 October 2023
552914,BBB,2013B,01 October 2023,31 October 2023
552929,BBB,2013B,01 October 2023,31 October 2023
552939,BBB,2013B,01 October 2023,31 October 2023
552991,BBB,2013B,01 October 2023,31 October 2023
553047,BBB,2013B,01 October 2023,31 October 2023
553125,BBB,2013B,01 October 2023,31 October 2023
553320,BBB,2013B,01 October 2023,31 October 2023
553321,BBB,2013B,01 October 2023,31 October 2023
553442,BBB,2013B,01 October 2023,31 October 2023
553443,BBB,2013B,01 October 2023,31 October 2023
553462,BBB,2013B,01 October 2023,31 October 2023
553487,BBB,2013B,01 October 2023,31 October 2023
553490,BBB,2013B,01 October 2023,31 October 2023
553502,BBB,2013B,01 October 2023,31 October 2023
553508,BBB,2013B,01 October 2023,31 October 2023
553520,BBB,2013B,01 October 2023,31 October 2023
553526,BBB,2013B,01 October 2023,31 October 2023
553572,BBB,2013B,01 October 2023,31 October 2023
553716,BBB,2013B,01 October 2023,31 October 2023
553729,BBB,2013B,01 October 2023,31 October 2023
553755,BBB,2013B,01 October 2023,31 October 2023
553763,BBB,2013B,01 October 2023,31 October 2023
553800,BBB,2013B,01 October 2023,31 October 2023
553807,BBB,2013B,01 October 2023,31 October 2023
553840,BBB,2013B,01 October 2023,31 October 2023
553938,BBB,2013B,01 October 2023,31 October 2023
554068,BBB,2013B,01 October 2023,31 October 2023
554083,BBB,2013B,01 October 2023,31 October 2023
554139,BBB,2013B,01 October 2023,31 October 2023
554203,BBB,2013B,01 October 2023,31 October 2023
554206,BBB,2013B,01 October 2023,31 October 2023
554226,BBB,2013B,01 October 2023,31 October 2023
554249,BBB,2013B,01 October 2023,31 October 2023
554290,BBB,2013B,01 October 2023,31 October 2023
554294,BBB,2013B,01 October 2023,31 October 2023
554336,BBB,2013B,01 October 2023,31 October 2023
554344,BBB,2013B,01 October 2023,31 October 2023
554352,BBB,2013B,01 October 2023,31 October 2023
554362,BBB,2013B,01 October 2023,31 October 2023
554374,BBB,2013B,01 October 2023,31 October 2023
554393,BBB,2013B,01 October 2023,31 October 2023
554454,BBB,2013B,01 October 2023,31 October 2023
554482,BBB,2013B,01 October 2023,31 October 2023
554512,BBB,2013B,01 October 2023,31 October 2023
554545,BBB,2013B,01 October 2023,31 October 2023
554551,BBB,2013B,01 October 2023,31 October 2023
554608,BBB,2013B,01 October 2023,31 October 2023
554637,BBB,2013B,01 October 2023,31 October 2023
554783,BBB,2013B,01 October 2023,31 October 2023
554795,BBB,2013B,01 October 2023,31 October 2023
554818,BBB,2013B,01 October 2023,31 October 2023
554830,BBB,2013B,01 October 2023,31 October 2023
554894,BBB,2013B,01 October 2023,31 October 2023
554898,BBB,2013B,01 October 2023,31 October 2023
554920,BBB,2013B,01 October 2023,31 October 2023
554930,BBB,2013B,01 October 2023,31 October 2023
554986,BBB,2013B,01 October 2023,31 October 2023
554998,BBB,2013B,01 October 2023,31 October 2023
555035,BBB,2013B,01 October 2023,31 October 2023
555059,BBB,2013B,01 October 2023,31 October 2023
555086,BBB,2013B,01 October 2023,31 October 2023
555102,BBB,2013B,01 October 2023,31 October 2023
555157,BBB,2013B,01 October 2023,31 October 2023
555212,BBB,2013B,01 October 2023,31 October 2023
555263,BBB,2013B,01 October 2023,31 October 2023
555309,BBB,2013B,01 October 2023,31 October 2023
555338,BBB,2013B,01 October 2023,31 October 2023
555407,BBB,2013B,01 October 2023,31 October 2023
555414,BBB,2013B,01 October 2023,31 October 2023
555552,BBB,2013B,01 October 2023,31 October 2023
555627,BBB,2013B,01 October 2023,31 October 2023
555667,BBB,2013B,01 October 2023,31 October 2023
555670,BBB,2013B,01 October 2023,31 October 2023
555672,BBB,2013B,01 October 2023,31 October 2023
555673,BBB,2013B,01 October 2023,31 October 2023
555674,BBB,2013B,01 October 2023,31 October 2023
555675,BBB,2013B,01 October 2023,31 October 2023
555695,BBB,2013B,01 October 2023,31 October 2023
555707,BBB,2013B,01 October 2023,31 October 2023
555747,BBB,2013B,01 October 2023,31 October 2023
555837,BBB,2013B,01 October 2023,31 October 2023
555838,BBB,2013B,01 October 2023,31 October 2023
555880,BBB,2013B,01 October 2023,31 October 2023
555902,BBB,2013B,01 October 2023,31 October 2023
555909,BBB,2013B,01 October 2023,31 October 2023
555930,BBB,2013B,01 October 2023,31 October 2023
555935,BBB,2013B,01 October 2023,31 October 2023
555946,BBB,2013B,01 October 2023,31 October 2023
555995,BBB,2013B,01 October 2023,31 October 2023
556077,BBB,2013B,01 October 2023,31 October 2023
556138,BBB,2013B,01 October 2023,31 October 2023
556224,BBB,2013B,01 October 2023,31 October 2023
556284,BBB,2013B,01 October 2023,31 October 2023
556292,BBB,2013B,01 October 2023,31 October 2023
556301,BBB,2013B,01 October 2023,31 October 2023
556318,BBB,2013B,01 October 2023,31 October 2023
556349,BBB,2013B,01 October 2023,31 October 2023
556481,BBB,2013B,01 October 2023,31 October 2023
556502,BBB,2013B,01 October 2023,31 October 2023
556553,BBB,2013B,01 October 2023,31 October 2023
556568,BBB,2013B,01 October 2023,31 October 2023
556585,BBB,2013B,01 October 2023,31 October 2023
556605,BBB,2013B,01 October 2023,31 October 2023
556648,BBB,2013B,01 October 2023,31 October 2023
556692,BBB,2013B,01 October 2023,31 October 2023
556840,BBB,2013B,01 October 2023,31 October 2023
556860,BBB,2013B,01 October 2023,31 October 2023
556863,BBB,2013B,01 October 2023,31 October 2023
556865,BBB,2013B,01 October 2023,31 October 2023
556871,BBB,2013B,01 October 2023,31 October 2023
556876,BBB,2013B,01 October 2023,31 October 2023
556877,BBB,2013B,01 October 2023,31 October 2023
556878,BBB,2013B,01 October 2023,31 October 2023
556882,BBB,2013B,01 October 2023,31 October 2023
556883,BBB,2013B,01 October 2023,31 October 2023
556887,BBB,2013B,01 October 2023,31 October 2023
556892,BBB,2013B,01 October 2023,31 October 2023
556898,BBB,2013B,01 October 2023,31 October 2023
556929,BBB,2013B,01 October 2023,31 October 2023
556959,BBB,2013B,01 October 2023,31 October 2023
556986,BBB,2013B,01 October 2023,31 October 2023
556987,BBB,2013B,01 October 2023,31 October 2023
556988,BBB,2013B,01 October 2023,31 October 2023
556990,BBB,2013B,01 October 2023,31 October 2023
556992,BBB,2013B,01 October 2023,31 October 2023
556997,BBB,2013B,01 October 2023,31 October 2023
556999,BBB,2013B,01 October 2023,31 October 2023
557006,BBB,2013B,01 October 2023,31 October 2023
557024,BBB,2013B,01 October 2023,31 October 2023
557032,BBB,2013B,01 October 2023,31 October 2023
557057,BBB,2013B,01 October 2023,31 October 2023
557060,BBB,2013B,01 October 2023,31 October 2023
557145,BBB,2013B,01 October 2023,31 October 2023
557155,BBB,2013B,01 October 2023,31 October 2023
557170,BBB,2013B,01 October 2023,31 October 2023
557220,BBB,2013B,01 October 2023,31 October 2023
557285,BBB,2013B,01 October 2023,31 October 2023
557308,BBB,2013B,01 October 2023,31 October 2023
557325,BBB,2013B,01 October 2023,31 October 2023
557338,BBB,2013B,01 October 2023,31 October 2023
557351,BBB,2013B,01 October 2023,31 October 2023
557451,BBB,2013B,01 October 2023,31 October 2023
557528,BBB,2013B,01 October 2023,31 October 2023
557594,BBB,2013B,01 October 2023,31 October 2023
557622,BBB,2013B,01 October 2023,31 October 2023
557709,BBB,2013B,01 October 2023,31 October 2023
557729,BBB,2013B,01 October 2023,31 October 2023
557758,BBB,2013B,01 October 2023,31 October 2023
557775,BBB,2013B,01 October 2023,31 October 2023
557803,BBB,2013B,01 October 2023,31 October 2023
557827,BBB,2013B,01 October 2023,31 October 2023
557865,BBB,2013B,01 October 2023,31 October 2023
557935,BBB,2013B,01 October 2023,31 October 2023
557938,BBB,2013B,01 October 2023,31 October 2023
557968,BBB,2013B,01 October 2023,31 October 2023
557979,BBB,2013B,01 October 2023,31 October 2023
557997,BBB,2013B,01 October 2023,31 October 2023
558024,BBB,2013B,01 October 2023,31 October 2023
558040,BBB,2013B,01 October 2023,31 October 2023
558042,BBB,2013B,01 October 2023,31 October 2023
558066,BBB,2013B,01 October 2023,31 October 2023
558068,BBB,2013B,01 October 2023,31 October 2023
558075,BBB,2013B,01 October 2023,31 October 2023
558092,BBB,2013B,01 October 2023,31 October 2023
558099,BBB,2013B,01 October 2023,31 October 2023
558113,BBB,2013B,01 October 2023,31 October 2023
558114,BBB,2013B,01 October 2023,31 October 2023
558146,BBB,2013B,01 October 2023,31 October 2023
558163,BBB,2013B,01 October 2023,31 October 2023
558168,BBB,2013B,01 October 2023,31 October 2023
558212,BBB,2013B,01 October 2023,31 October 2023
558231,BBB,2013B,01 October 2023,31 October 2023
558247,BBB,2013B,01 October 2023,31 October 2023
558250,BBB,2013B,01 October 2023,31 October 2023
558324,BBB,2013B,01 October 2023,31 October 2023
558326,BBB,2013B,01 October 2023,31 October 2023
558373,BBB,2013B,01 October 2023,31 October 2023
558395,BBB,2013B,01 October 2023,31 October 2023
558435,BBB,2013B,01 October 2023,31 October 2023
558602,BBB,2013B,01 October 2023,31 October 2023
558622,BBB,2013B,01 October 2023,31 October 2023
558654,BBB,2013B,01 October 2023,31 October 2023
558662,BBB,2013B,01 October 2023,31 October 2023
558689,BBB,2013B,01 October 2023,31 October 2023
558701,BBB,2013B,01 October 2023,31 October 2023
558703,BBB,2013B,01 October 2023,31 October 2023
558747,BBB,2013B,01 October 2023,31 October 2023
558769,BBB,2013B,01 October 2023,31 October 2023
558809,BBB,2013B,01 October 2023,31 October 2023
558820,BBB,2013B,01 October 2023,31 October 2023
558903,BBB,2013B,01 October 2023,31 October 2023
558955,BBB,2013B,01 October 2023,31 October 2023
558965,BBB,2013B,01 October 2023,31 October 2023
558974,BBB,2013B,01 October 2023,31 October 2023
559011,BBB,2013B,01 October 2023,31 October 2023
559031,BBB,2013B,01 October 2023,31 October 2023
559173,BBB,2013B,01 October 2023,31 October 2023
559180,BBB,2013B,01 October 2023,31 October 2023
559227,BBB,2013B,01 October 2023,31 October 2023
559253,BBB,2013B,01 October 2023,31 October 2023
559291,BBB,2013B,01 October 2023,31 October 2023
559350,BBB,2013B,01 October 2023,31 October 2023
559389,BBB,2013B,01 October 2023,31 October 2023
559425,BBB,2013B,01 October 2023,31 October 2023
559452,BBB,2013B,01 October 2023,31 October 2023
559458,BBB,2013B,01 October 2023,31 October 2023
559475,BBB,2013B,01 October 2023,31 October 2023
559495,BBB,2013B,01 October 2023,31 October 2023
559595,BBB,2013B,01 October 2023,31 October 2023
559603,BBB,2013B,01 October 2023,31 October 2023
559606,BBB,2013B,01 October 2023,31 October 2023
559608,BBB,2013B,01 October 2023,31 October 2023
559610,BBB,2013B,01 October 2023,31 October 2023
559611,BBB,2013B,01 October 2023,31 October 2023
559651,BBB,2013B,01 October 2023,31 October 2023
559697,BBB,2013B,01 October 2023,31 October 2023
559744,BBB,2013B,01 October 2023,31 October 2023
559808,BBB,2013B,01 October 2023,31 October 2023
559989,BBB,2013B,01 October 2023,31 October 2023
560005,BBB,2013B,01 October 2023,31 October 2023
560012,BBB,2013B,01 October 2023,31 October 2023
560075,BBB,2013B,01 October 2023,31 October 2023
560102,BBB,2013B,01 October 2023,31 October 2023
560117,BBB,2013B,01 October 2023,31 October 2023
560160,BBB,2013B,01 October 2023,31 October 2023
560161,BBB,2013B,01 October 2023,31 October 2023
560170,BBB,2013B,01 October 2023,31 October 2023
560185,BBB,2013B,01 October 2023,31 October 2023
560208,BBB,2013B,01 October 2023,31 October 2023
560319,BBB,2013B,01 October 2023,31 October 2023
560335,BBB,2013B,01 October 2023,31 October 2023
560455,BBB,2013B,01 October 2023,31 October 2023
560458,BBB,2013B,01 October 2023,31 October 2023
560468,BBB,2013B,01 October 2023,31 October 2023
560891,BBB,2013B,01 October 2023,31 October 2023
560968,BBB,2013B,01 October 2023,31 October 2023
560970,BBB,2013B,01 October 2023,31 October 2023
561138,BBB,2013B,01 October 2023,31 October 2023
561161,BBB,2013B,01 October 2023,31 October 2023
561164,BBB,2013B,01 October 2023,31 October 2023
561166,BBB,2013B,01 October 2023,31 October 2023
561167,BBB,2013B,01 October 2023,31 October 2023
561343,BBB,2013B,01 October 2023,31 October 2023
561366,BBB,2013B,01 October 2023,31 October 2023
561437,BBB,2013B,01 October 2023,31 October 2023
561444,BBB,2013B,01 October 2023,31 October 2023
561445,BBB,2013B,01 October 2023,31 October 2023
561448,BBB,2013B,01 October 2023,31 October 2023
561452,BBB,2013B,01 October 2023,31 October 2023
561455,BBB,2013B,01 October 2023,31 October 2023
561458,BBB,2013B,01 October 2023,31 October 2023
561459,BBB,2013B,01 October 2023,31 October 2023
561461,BBB,2013B,01 October 2023,31 October 2023
561711,BBB,2013B,01 October 2023,31 October 2023
561713,BBB,2013B,01 October 2023,31 October 2023
561715,BBB,2013B,01 October 2023,31 October 2023
561716,BBB,2013B,01 October 2023,31 October 2023
561718,BBB,2013B,01 October 2023,31 October 2023
562146,BBB,2013B,01 October 2023,31 October 2023
562465,BBB,2013B,01 October 2023,31 October 2023
562483,BBB,2013B,01 October 2023,31 October 2023
562489,BBB,2013B,01 October 2023,31 October 2023
562494,BBB,2013B,01 October 2023,31 October 2023
562495,BBB,2013B,01 October 2023,31 October 2023
563157,BBB,2013B,01 October 2023,31 October 2023
563330,BBB,2013B,01 October 2023,31 October 2023
563363,BBB,2013B,01 October 2023,31 October 2023
563874,BBB,2013B,01 October 2023,31 October 2023
563877,BBB,2013B,01 October 2023,31 October 2023
563878,BBB,2013B,01 October 2023,31 October 2023
563879,BBB,2013B,01 October 2023,31 October 2023
565870,BBB,2013B,01 October 2023,31 October 2023
630346,BBB,2013B,01 October 2023,31 October 2023
1008675,BBB,2013B,01 October 2023,31 October 2023
1098728,BBB,2013B,01 October 2023,31 October 2023
1413989,BBB,2013B,01 October 2023,31 October 2023
1436591,BBB,2013B,01 October 2023,31 October 2023
1480800,BBB,2013B,01 October 2023,31 October 2023
1493476,BBB,2013B,01 October 2023,31 October 2023
1521540,BBB,2013B,01 October 2023,31 October 2023
1536591,BBB,2013B,01 October 2023,31 October 2023
1574398,BBB,2013B,01 October 2023,31 October 2023
1659662,BBB,2013B,01 October 2023,31 October 2023
1678401,BBB,2013B,01 October 2023,31 October 2023
1721462,BBB,2013B,01 October 2023,31 October 2023
1728437,BBB,2013B,01 October 2023,31 October 2023
1730702,BBB,2013B,01 October 2023,31 October 2023
1747892,BBB,2013B,01 October 2023,31 October 2023
1753965,BBB,2013B,01 October 2023,31 October 2023
1770733,BBB,2013B,01 October 2023,31 October 2023
1771053,BBB,2013B,01 October 2023,31 October 2023
1776925,BBB,2013B,01 October 2023,31 October 2023
1789199,BBB,2013B,01 October 2023,31 October 2023
1797614,BBB,2013B,01 October 2023,31 October 2023
1847146,BBB,2013B,01 October 2023,31 October 2023
1858523,BBB,2013B,01 October 2023,31 October 2023
1903527,BBB,2013B,01 October 2023,31 October 2023
1904710,BBB,2013B,01 October 2023,31 October 2023
1912438,BBB,2013B,01 October 2023,31 October 2023
1923618,BBB,2013B,01 October 2023,31 October 2023
1930254,BBB,2013B,01 October 2023,31 October 2023
1930367,BBB,2013B,01 October 2023,31 October 2023
1937864,BBB,2013B,01 October 2023,31 October 2023
1971393,BBB,2013B,01 October 2023,31 October 2023
1993672,BBB,2013B,01 October 2023,31 October 2023
1996746,BBB,2013B,01 October 2023,31 October 2023
1997796,BBB,2013B,01 October 2023,31 October 2023
2019837,BBB,2013B,01 October 2023,31 October 2023
2023366,BBB,2013B,01 October 2023,31 October 2023
2034350,BBB,2013B,01 October 2023,31 October 2023
2035022,BBB,2013B,01 October 2023,31 October 2023
2076177,BBB,2013B,01 October 2023,31 October 2023
2092834,BBB,2013B,01 October 2023,31 October 2023
2097916,BBB,2013B,01 October 2023,31 October 2023
2132811,BBB,2013B,01 October 2023,31 October 2023
2173572,BBB,2013B,01 October 2023,31 October 2023
2205383,BBB,2013B,01 October 2023,31 October 2023
2210318,BBB,2013B,01 October 2023,31 October 2023
2216178,BBB,2013B,01 October 2023,31 October 2023
2231614,BBB,2013B,01 October 2023,31 October 2023
2236738,BBB,2013B,01 October 2023,31 October 2023
2243551,BBB,2013B,01 October 2023,31 October 2023
2244724,BBB,2013B,01 October 2023,31 October 2023
2249372,BBB,2013B,01 October 2023,31 October 2023
2254619,BBB,2013B,01 October 2023,31 October 2023
2265234,BBB,2013B,01 October 2023,31 October 2023
2269480,BBB,2013B,01 October 2023,31 October 2023
2273828,BBB,2013B,01 October 2023,31 October 2023
2279538,BBB,2013B,01 October 2023,31 October 2023
2280038,BBB,2013B,01 October 2023,31 October 2023
2287671,BBB,2013B,01 October 2023,31 October 2023
2288607,BBB,2013B,01 October 2023,31 October 2023
2290090,BBB,2013B,01 October 2023,31 October 2023
2291598,BBB,2013B,01 October 2023,31 October 2023
2293443,BBB,2013B,01 October 2023,31 October 2023
2296749,BBB,2013B,01 October 2023,31 October 2023
2300911,BBB,2013B,01 October 2023,31 October 2023
2301111,BBB,2013B,01 October 2023,31 October 2023
2302925,BBB,2013B,01 October 2023,31 October 2023
2303034,BBB,2013B,01 October 2023,31 October 2023
2303848,BBB,2013B,01 October 2023,31 October 2023
2308528,BBB,2013B,01 October 2023,31 October 2023
2322046,BBB,2013B,01 October 2023,31 October 2023
2322342,BBB,2013B,01 October 2023,31 October 2023
2327072,BBB,2013B,01 October 2023,31 October 2023
2336550,BBB,2013B,01 October 2023,31 October 2023
2340190,BBB,2013B,01 October 2023,31 October 2023
2366070,BBB,2013B,01 October 2023,31 October 2023
2375144,BBB,2013B,01 October 2023,31 October 2023
2376628,BBB,2013B,01 October 2023,31 October 2023
2377567,BBB,2013B,01 October 2023,31 October 2023
2380539,BBB,2013B,01 October 2023,31 October 2023
2384819,BBB,2013B,01 October 2023,31 October 2023
2394212,BBB,2013B,01 October 2023,31 October 2023
2395222,BBB,2013B,01 October 2023,31 October 2023
2399361,BBB,2013B,01 October 2023,31 October 2023
2415962,BBB,2013B,01 October 2023,31 October 2023
2418877,BBB,2013B,01 October 2023,31 October 2023
2422639,BBB,2013B,01 October 2023,31 October 2023
2423078,BBB,2013B,01 October 2023,31 October 2023
2425333,BBB,2013B,01 October 2023,31 October 2023
2425726,BBB,2013B,01 October 2023,31 October 2023
2439201,BBB,2013B,01 October 2023,31 October 2023
2442685,BBB,2013B,01 October 2023,31 October 2023
2444088,BBB,2013B,01 October 2023,31 October 2023
2444102,BBB,2013B,01 October 2023,31 October 2023
2444703,BBB,2013B,01 October 2023,31 October 2023
2445088,BBB,2013B,01 October 2023,31 October 2023
2445949,BBB,2013B,01 October 2023,31 October 2023
2446144,BBB,2013B,01 October 2023,31 October 2023
2458984,BBB,2013B,01 October 2023,31 October 2023
2464963,BBB,2013B,01 October 2023,31 October 2023
2466123,BBB,2013B,01 October 2023,31 October 2023
2470672,BBB,2013B,01 October 2023,31 October 2023
2474493,BBB,2013B,01 October 2023,31 October 2023
2475034,BBB,2013B,01 October 2023,31 October 2023
2475780,BBB,2013B,01 October 2023,31 October 2023
2476649,BBB,2013B,01 October 2023,31 October 2023
2480865,BBB,2013B,01 October 2023,31 October 2023
2481224,BBB,2013B,01 October 2023,31 October 2023
2481765,BBB,2013B,01 October 2023,31 October 2023
2483179,BBB,2013B,01 October 2023,31 October 2023
2483568,BBB,2013B,01 October 2023,31 October 2023
2487541,BBB,2013B,01 October 2023,31 October 2023
2498182,BBB,2013B,01 October 2023,31 October 2023
2498299,BBB,2013B,01 October 2023,31 October 2023
2512392,BBB,2013B,01 October 2023,31 October 2023
2517864,BBB,2013B,01 October 2023,31 October 2023
2518653,BBB,2013B,01 October 2023,31 October 2023
2521745,BBB,2013B,01 October 2023,31 October 2023
2522093,BBB,2013B,01 October 2023,31 October 2023
2524127,BBB,2013B,01 October 2023,31 October 2023
2528352,BBB,2013B,01 October 2023,31 October 2023
2528966,BBB,2013B,01 October 2023,31 October 2023
2531031,BBB,2013B,01 October 2023,31 October 2023
2534033,BBB,2013B,01 October 2023,31 October 2023
2535788,BBB,2013B,01 October 2023,31 October 2023
2540362,BBB,2013B,01 October 2023,31 October 2023
2540746,BBB,2013B,01 October 2023,31 October 2023
2541120,BBB,2013B,01 October 2023,31 October 2023
2553749,BBB,2013B,01 October 2023,31 October 2023
2560219,BBB,2013B,01 October 2023,31 October 2023
2568958,BBB,2013B,01 October 2023,31 October 2023
2569163,BBB,2013B,01 October 2023,31 October 2023
2570633,BBB,2013B,01 October 2023,31 October 2023
2571447,BBB,2013B,01 October 2023,31 October 2023
2572118,BBB,2013B,01 October 2023,31 October 2023
2575914,BBB,2013B,01 October 2023,31 October 2023
2578041,BBB,2013B,01 October 2023,31 October 2023
2578567,BBB,2013B,01 October 2023,31 October 2023
2579459,BBB,2013B,01 October 2023,31 October 2023
2580439,BBB,2013B,01 October 2023,31 October 2023
2581528,BBB,2013B,01 October 2023,31 October 2023
2587260,BBB,2013B,01 October 2023,31 October 2023
2591421,BBB,2013B,01 October 2023,31 October 2023
2597027,BBB,2013B,01 October 2023,31 October 2023
2598220,BBB,2013B,01 October 2023,31 October 2023
2602809,BBB,2013B,01 October 2023,31 October 2023
2608235,BBB,2013B,01 October 2023,31 October 2023
2608453,BBB,2013B,01 October 2023,31 October 2023
2612483,BBB,2013B,01 October 2023,31 October 2023
2616787,BBB,2013B,01 October 2023,31 October 2023
2617596,BBB,2013B,01 October 2023,31 October 2023
2617650,BBB,2013B,01 October 2023,31 October 2023
2617999,BBB,2013B,01 October 2023,31 October 2023
2620178,BBB,2013B,01 October 2023,31 October 2023
2622465,BBB,2013B,01 October 2023,31 October 2023
2626410,BBB,2013B,01 October 2023,31 October 2023
2635505,BBB,2013B,01 October 2023,31 October 2023
2635829,BBB,2013B,01 October 2023,31 October 2023
2639611,BBB,2013B,01 October 2023,31 October 2023
2641393,BBB,2013B,01 October 2023,31 October 2023
2642029,BBB,2013B,01 October 2023,31 October 2023
2645061,BBB,2013B,01 October 2023,31 October 2023
2649947,BBB,2013B,01 October 2023,31 October 2023
2654302,BBB,2013B,01 October 2023,31 October 2023
2654411,BBB,2013B,01 October 2023,31 October 2023
2664301,BBB,2013B,01 October 2023,31 October 2023
2680770,BBB,2013B,01 October 2023,31 October 2023
2685831,BBB,2013B,01 October 2023,31 October 2023
2692381,BBB,2013B,01 October 2023,31 October 2023
2692384,BBB,2013B,01 October 2023,31 October 2023
2693974,BBB,2013B,01 October 2023,31 October 2023
23632,BBB,2013J,01 October 2023,31 October 2023
23798,BBB,2013J,01 October 2023,31 October 2023
25629,BBB,2013J,01 October 2023,31 October 2023
26677,BBB,2013J,01 October 2023,31 October 2023
27457,BBB,2013J,01 October 2023,31 October 2023
27759,BBB,2013J,01 October 2023,31 October 2023
30091,BBB,2013J,01 October 2023,31 October 2023
31014,BBB,2013J,01 October 2023,31 October 2023
31849,BBB,2013J,01 October 2023,31 October 2023
37622,BBB,2013J,01 October 2023,31 October 2023
38234,BBB,2013J,01 October 2023,31 October 2023
47855,BBB,2013J,01 October 2023,31 October 2023
48040,BBB,2013J,01 October 2023,31 October 2023
48503,BBB,2013J,01 October 2023,31 October 2023
51301,BBB,2013J,01 October 2023,31 October 2023
52797,BBB,2013J,01 October 2023,31 October 2023
53360,BBB,2013J,01 October 2023,31 October 2023
54388,BBB,2013J,01 October 2023,31 October 2023
55026,BBB,2013J,01 October 2023,31 October 2023
56340,BBB,2013J,01 October 2023,31 October 2023
56789,BBB,2013J,01 October 2023,31 October 2023
57079,BBB,2013J,01 October 2023,31 October 2023
57369,BBB,2013J,01 October 2023,31 October 2023
61118,BBB,2013J,01 October 2023,31 October 2023
63044,BBB,2013J,01 October 2023,31 October 2023
64246,BBB,2013J,01 October 2023,31 October 2023
65807,BBB,2013J,01 October 2023,31 October 2023
67863,BBB,2013J,01 October 2023,31 October 2023
68556,BBB,2013J,01 October 2023,31 October 2023
69843,BBB,2013J,01 October 2023,31 October 2023
72057,BBB,2013J,01 October 2023,31 October 2023
73489,BBB,2013J,01 October 2023,31 October 2023
74169,BBB,2013J,01 October 2023,31 October 2023
74585,BBB,2013J,01 October 2023,31 October 2023
78255,BBB,2013J,01 October 2023,31 October 2023
80717,BBB,2013J,01 October 2023,31 October 2023
84812,BBB,2013J,01 October 2023,31 October 2023
90243,BBB,2013J,01 October 2023,31 October 2023
96475,BBB,2013J,01 October 2023,31 October 2023
97567,BBB,2013J,01 October 2023,31 October 2023
98268,BBB,2013J,01 October 2023,31 October 2023
98720,BBB,2013J,01 October 2023,31 October 2023
100282,BBB,2013J,01 October 2023,31 October 2023
105527,BBB,2013J,01 October 2023,31 October 2023
105851,BBB,2013J,01 October 2023,31 October 2023
105883,BBB,2013J,01 October 2023,31 October 2023
106588,BBB,2013J,01 October 2023,31 October 2023
108118,BBB,2013J,01 October 2023,31 October 2023
108760,BBB,2013J,01 October 2023,31 October 2023
109372,BBB,2013J,01 October 2023,31 October 2023
109782,BBB,2013J,01 October 2023,31 October 2023
111942,BBB,2013J,01 October 2023,31 October 2023
119898,BBB,2013J,01 October 2023,31 October 2023
123716,BBB,2013J,01 October 2023,31 October 2023
124909,BBB,2013J,01 October 2023,31 October 2023
125874,BBB,2013J,01 October 2023,31 October 2023
128386,BBB,2013J,01 October 2023,31 October 2023
128889,BBB,2013J,01 October 2023,31 October 2023
131051,BBB,2013J,01 October 2023,31 October 2023
132626,BBB,2013J,01 October 2023,31 October 2023
133269,BBB,2013J,01 October 2023,31 October 2023
134563,BBB,2013J,01 October 2023,31 October 2023
138289,BBB,2013J,01 October 2023,31 October 2023
138920,BBB,2013J,01 October 2023,31 October 2023
139549,BBB,2013J,01 October 2023,31 October 2023
141949,BBB,2013J,01 October 2023,31 October 2023
146165,BBB,2013J,01 October 2023,31 October 2023
146600,BBB,2013J,01 October 2023,31 October 2023
151800,BBB,2013J,01 October 2023,31 October 2023
151917,BBB,2013J,01 October 2023,31 October 2023
152867,BBB,2013J,01 October 2023,31 October 2023
154011,BBB,2013J,01 October 2023,31 October 2023
154570,BBB,2013J,01 October 2023,31 October 2023
156311,BBB,2013J,01 October 2023,31 October 2023
156788,BBB,2013J,01 October 2023,31 October 2023
157060,BBB,2013J,01 October 2023,31 October 2023
157795,BBB,2013J,01 October 2023,31 October 2023
161491,BBB,2013J,01 October 2023,31 October 2023
162646,BBB,2013J,01 October 2023,31 October 2023
165823,BBB,2013J,01 October 2023,31 October 2023
169213,BBB,2013J,01 October 2023,31 October 2023
174222,BBB,2013J,01 October 2023,31 October 2023
174440,BBB,2013J,01 October 2023,31 October 2023
174487,BBB,2013J,01 October 2023,31 October 2023
178738,BBB,2013J,01 October 2023,31 October 2023
178963,BBB,2013J,01 October 2023,31 October 2023
179254,BBB,2013J,01 October 2023,31 October 2023
182661,BBB,2013J,01 October 2023,31 October 2023
184236,BBB,2013J,01 October 2023,31 October 2023
184897,BBB,2013J,01 October 2023,31 October 2023
185597,BBB,2013J,01 October 2023,31 October 2023
188026,BBB,2013J,01 October 2023,31 October 2023
189095,BBB,2013J,01 October 2023,31 October 2023
191269,BBB,2013J,01 October 2023,31 October 2023
193215,BBB,2013J,01 October 2023,31 October 2023
195096,BBB,2013J,01 October 2023,31 October 2023
195938,BBB,2013J,01 October 2023,31 October 2023
197240,BBB,2013J,01 October 2023,31 October 2023
197412,BBB,2013J,01 October 2023,31 October 2023
197759,BBB,2013J,01 October 2023,31 October 2023
198339,BBB,2013J,01 October 2023,31 October 2023
199029,BBB,2013J,01 October 2023,31 October 2023
199663,BBB,2013J,01 October 2023,31 October 2023
202879,BBB,2013J,01 October 2023,31 October 2023
203640,BBB,2013J,01 October 2023,31 October 2023
205788,BBB,2013J,01 October 2023,31 October 2023
227416,BBB,2013J,01 October 2023,31 October 2023
228243,BBB,2013J,01 October 2023,31 October 2023
228513,BBB,2013J,01 October 2023,31 October 2023
230081,BBB,2013J,01 October 2023,31 October 2023
231959,BBB,2013J,01 October 2023,31 October 2023
233102,BBB,2013J,01 October 2023,31 October 2023
233317,BBB,2013J,01 October 2023,31 October 2023
233752,BBB,2013J,01 October 2023,31 October 2023
233957,BBB,2013J,01 October 2023,31 October 2023
234929,BBB,2013J,01 October 2023,31 October 2023
235258,BBB,2013J,01 October 2023,31 October 2023
235428,BBB,2013J,01 October 2023,31 October 2023
238825,BBB,2013J,01 October 2023,31 October 2023
240993,BBB,2013J,01 October 2023,31 October 2023
241338,BBB,2013J,01 October 2023,31 October 2023
242893,BBB,2013J,01 October 2023,31 October 2023
243047,BBB,2013J,01 October 2023,31 October 2023
243851,BBB,2013J,01 October 2023,31 October 2023
243909,BBB,2013J,01 October 2023,31 October 2023
243992,BBB,2013J,01 October 2023,31 October 2023
244917,BBB,2013J,01 October 2023,31 October 2023
245987,BBB,2013J,01 October 2023,31 October 2023
247902,BBB,2013J,01 October 2023,31 October 2023
248653,BBB,2013J,01 October 2023,31 October 2023
248716,BBB,2013J,01 October 2023,31 October 2023
248800,BBB,2013J,01 October 2023,31 October 2023
251815,BBB,2013J,01 October 2023,31 October 2023
252257,BBB,2013J,01 October 2023,31 October 2023
253577,BBB,2013J,01 October 2023,31 October 2023
256998,BBB,2013J,01 October 2023,31 October 2023
258035,BBB,2013J,01 October 2023,31 October 2023
260179,BBB,2013J,01 October 2023,31 October 2023
261332,BBB,2013J,01 October 2023,31 October 2023
261466,BBB,2013J,01 October 2023,31 October 2023
262639,BBB,2013J,01 October 2023,31 October 2023
264152,BBB,2013J,01 October 2023,31 October 2023
264744,BBB,2013J,01 October 2023,31 October 2023
264842,BBB,2013J,01 October 2023,31 October 2023
265170,BBB,2013J,01 October 2023,31 October 2023
266331,BBB,2013J,01 October 2023,31 October 2023
266564,BBB,2013J,01 October 2023,31 October 2023
266744,BBB,2013J,01 October 2023,31 October 2023
268589,BBB,2013J,01 October 2023,31 October 2023
269082,BBB,2013J,01 October 2023,31 October 2023
269204,BBB,2013J,01 October 2023,31 October 2023
270646,BBB,2013J,01 October 2023,31 October 2023
271346,BBB,2013J,01 October 2023,31 October 2023
272172,BBB,2013J,01 October 2023,31 October 2023
272617,BBB,2013J,01 October 2023,31 October 2023
274247,BBB,2013J,01 October 2023,31 October 2023
274577,BBB,2013J,01 October 2023,31 October 2023
274971,BBB,2013J,01 October 2023,31 October 2023
276925,BBB,2013J,01 October 2023,31 October 2023
277537,BBB,2013J,01 October 2023,31 October 2023
277812,BBB,2013J,01 October 2023,31 October 2023
278272,BBB,2013J,01 October 2023,31 October 2023
278773,BBB,2013J,01 October 2023,31 October 2023
278794,BBB,2013J,01 October 2023,31 October 2023
280140,BBB,2013J,01 October 2023,31 October 2023
280151,BBB,2013J,01 October 2023,31 October 2023
280439,BBB,2013J,01 October 2023,31 October 2023
282038,BBB,2013J,01 October 2023,31 October 2023
282785,BBB,2013J,01 October 2023,31 October 2023
284906,BBB,2013J,01 October 2023,31 October 2023
285050,BBB,2013J,01 October 2023,31 October 2023
286402,BBB,2013J,01 October 2023,31 October 2023
286690,BBB,2013J,01 October 2023,31 October 2023
287107,BBB,2013J,01 October 2023,31 October 2023
287309,BBB,2013J,01 October 2023,31 October 2023
287679,BBB,2013J,01 October 2023,31 October 2023
289753,BBB,2013J,01 October 2023,31 October 2023
289965,BBB,2013J,01 October 2023,31 October 2023
290089,BBB,2013J,01 October 2023,31 October 2023
291544,BBB,2013J,01 October 2023,31 October 2023
292537,BBB,2013J,01 October 2023,31 October 2023
293712,BBB,2013J,01 October 2023,31 October 2023
293754,BBB,2013J,01 October 2023,31 October 2023
293760,BBB,2013J,01 October 2023,31 October 2023
301583,BBB,2013J,01 October 2023,31 October 2023
301987,BBB,2013J,01 October 2023,31 October 2023
303331,BBB,2013J,01 October 2023,31 October 2023
303617,BBB,2013J,01 October 2023,31 October 2023
304069,BBB,2013J,01 October 2023,31 October 2023
304795,BBB,2013J,01 October 2023,31 October 2023
305173,BBB,2013J,01 October 2023,31 October 2023
305547,BBB,2013J,01 October 2023,31 October 2023
305812,BBB,2013J,01 October 2023,31 October 2023
305935,BBB,2013J,01 October 2023,31 October 2023
306964,BBB,2013J,01 October 2023,31 October 2023
307193,BBB,2013J,01 October 2023,31 October 2023
307230,BBB,2013J,01 October 2023,31 October 2023
308359,BBB,2013J,01 October 2023,31 October 2023
308509,BBB,2013J,01 October 2023,31 October 2023
308703,BBB,2013J,01 October 2023,31 October 2023
308852,BBB,2013J,01 October 2023,31 October 2023
310125,BBB,2013J,01 October 2023,31 October 2023
310933,BBB,2013J,01 October 2023,31 October 2023
312531,BBB,2013J,01 October 2023,31 October 2023
314850,BBB,2013J,01 October 2023,31 October 2023
315105,BBB,2013J,01 October 2023,31 October 2023
316076,BBB,2013J,01 October 2023,31 October 2023
318848,BBB,2013J,01 October 2023,31 October 2023
319618,BBB,2013J,01 October 2023,31 October 2023
320051,BBB,2013J,01 October 2023,31 October 2023
320757,BBB,2013J,01 October 2023,31 October 2023
322728,BBB,2013J,01 October 2023,31 October 2023
323090,BBB,2013J,01 October 2023,31 October 2023
323606,BBB,2013J,01 October 2023,31 October 2023
324319,BBB,2013J,01 October 2023,31 October 2023
324614,BBB,2013J,01 October 2023,31 October 2023
325887,BBB,2013J,01 October 2023,31 October 2023
329030,BBB,2013J,01 October 2023,31 October 2023
329192,BBB,2013J,01 October 2023,31 October 2023
332257,BBB,2013J,01 October 2023,31 October 2023
333117,BBB,2013J,01 October 2023,31 October 2023
333651,BBB,2013J,01 October 2023,31 October 2023
335136,BBB,2013J,01 October 2023,31 October 2023
335481,BBB,2013J,01 October 2023,31 October 2023
336478,BBB,2013J,01 October 2023,31 October 2023
336646,BBB,2013J,01 October 2023,31 October 2023
337151,BBB,2013J,01 October 2023,31 October 2023
338741,BBB,2013J,01 October 2023,31 October 2023
338878,BBB,2013J,01 October 2023,31 October 2023
339494,BBB,2013J,01 October 2023,31 October 2023
339608,BBB,2013J,01 October 2023,31 October 2023
339656,BBB,2013J,01 October 2023,31 October 2023
340661,BBB,2013J,01 October 2023,31 October 2023
340911,BBB,2013J,01 October 2023,31 October 2023
340965,BBB,2013J,01 October 2023,31 October 2023
341612,BBB,2013J,01 October 2023,31 October 2023
342678,BBB,2013J,01 October 2023,31 October 2023
342685,BBB,2013J,01 October 2023,31 October 2023
344568,BBB,2013J,01 October 2023,31 October 2023
345083,BBB,2013J,01 October 2023,31 October 2023
345128,BBB,2013J,01 October 2023,31 October 2023
349554,BBB,2013J,01 October 2023,31 October 2023
349675,BBB,2013J,01 October 2023,31 October 2023
352112,BBB,2013J,01 October 2023,31 October 2023
352339,BBB,2013J,01 October 2023,31 October 2023
352688,BBB,2013J,01 October 2023,31 October 2023
354779,BBB,2013J,01 October 2023,31 October 2023
355591,BBB,2013J,01 October 2023,31 October 2023
355692,BBB,2013J,01 October 2023,31 October 2023
358289,BBB,2013J,01 October 2023,31 October 2023
360101,BBB,2013J,01 October 2023,31 October 2023
360876,BBB,2013J,01 October 2023,31 October 2023
361988,BBB,2013J,01 October 2023,31 October 2023
362907,BBB,2013J,01 October 2023,31 October 2023
363151,BBB,2013J,01 October 2023,31 October 2023
363711,BBB,2013J,01 October 2023,31 October 2023
364073,BBB,2013J,01 October 2023,31 October 2023
364185,BBB,2013J,01 October 2023,31 October 2023
364666,BBB,2013J,01 October 2023,31 October 2023
364871,BBB,2013J,01 October 2023,31 October 2023
365060,BBB,2013J,01 October 2023,31 October 2023
365169,BBB,2013J,01 October 2023,31 October 2023
365288,BBB,2013J,01 October 2023,31 October 2023
365631,BBB,2013J,01 October 2023,31 October 2023
366524,BBB,2013J,01 October 2023,31 October 2023
367433,BBB,2013J,01 October 2023,31 October 2023
368077,BBB,2013J,01 October 2023,31 October 2023
369507,BBB,2013J,01 October 2023,31 October 2023
369986,BBB,2013J,01 October 2023,31 October 2023
370307,BBB,2013J,01 October 2023,31 October 2023
370859,BBB,2013J,01 October 2023,31 October 2023
371530,BBB,2013J,01 October 2023,31 October 2023
371888,BBB,2013J,01 October 2023,31 October 2023
372172,BBB,2013J,01 October 2023,31 October 2023
372658,BBB,2013J,01 October 2023,31 October 2023
373174,BBB,2013J,01 October 2023,31 October 2023
373269,BBB,2013J,01 October 2023,31 October 2023
373633,BBB,2013J,01 October 2023,31 October 2023
373807,BBB,2013J,01 October 2023,31 October 2023
373848,BBB,2013J,01 October 2023,31 October 2023
374038,BBB,2013J,01 October 2023,31 October 2023
375960,BBB,2013J,01 October 2023,31 October 2023
379210,BBB,2013J,01 October 2023,31 October 2023
379983,BBB,2013J,01 October 2023,31 October 2023
380205,BBB,2013J,01 October 2023,31 October 2023
380240,BBB,2013J,01 October 2023,31 October 2023
381541,BBB,2013J,01 October 2023,31 October 2023
381669,BBB,2013J,01 October 2023,31 October 2023
382575,BBB,2013J,01 October 2023,31 October 2023
382920,BBB,2013J,01 October 2023,31 October 2023
382979,BBB,2013J,01 October 2023,31 October 2023
383303,BBB,2013J,01 October 2023,31 October 2023
383571,BBB,2013J,01 October 2023,31 October 2023
385040,BBB,2013J,01 October 2023,31 October 2023
385820,BBB,2013J,01 October 2023,31 October 2023
386889,BBB,2013J,01 October 2023,31 October 2023
386904,BBB,2013J,01 October 2023,31 October 2023
387378,BBB,2013J,01 October 2023,31 October 2023
387700,BBB,2013J,01 October 2023,31 October 2023
388052,BBB,2013J,01 October 2023,31 October 2023
388432,BBB,2013J,01 October 2023,31 October 2023
388549,BBB,2013J,01 October 2023,31 October 2023
388975,BBB,2013J,01 October 2023,31 October 2023
389101,BBB,2013J,01 October 2023,31 October 2023
389471,BBB,2013J,01 October 2023,31 October 2023
390958,BBB,2013J,01 October 2023,31 October 2023
392060,BBB,2013J,01 October 2023,31 October 2023
395073,BBB,2013J,01 October 2023,31 October 2023
395358,BBB,2013J,01 October 2023,31 October 2023
395715,BBB,2013J,01 October 2023,31 October 2023
396114,BBB,2013J,01 October 2023,31 October 2023
396256,BBB,2013J,01 October 2023,31 October 2023
397590,BBB,2013J,01 October 2023,31 October 2023
398067,BBB,2013J,01 October 2023,31 October 2023
398315,BBB,2013J,01 October 2023,31 October 2023
398525,BBB,2013J,01 October 2023,31 October 2023
398891,BBB,2013J,01 October 2023,31 October 2023
398956,BBB,2013J,01 October 2023,31 October 2023
401319,BBB,2013J,01 October 2023,31 October 2023
402993,BBB,2013J,01 October 2023,31 October 2023
404269,BBB,2013J,01 October 2023,31 October 2023
404671,BBB,2013J,01 October 2023,31 October 2023
404708,BBB,2013J,01 October 2023,31 October 2023
405945,BBB,2013J,01 October 2023,31 October 2023
408106,BBB,2013J,01 October 2023,31 October 2023
408975,BBB,2013J,01 October 2023,31 October 2023
409160,BBB,2013J,01 October 2023,31 October 2023
409698,BBB,2013J,01 October 2023,31 October 2023
409930,BBB,2013J,01 October 2023,31 October 2023
409945,BBB,2013J,01 October 2023,31 October 2023
410052,BBB,2013J,01 October 2023,31 October 2023
410281,BBB,2013J,01 October 2023,31 October 2023
410357,BBB,2013J,01 October 2023,31 October 2023
410537,BBB,2013J,01 October 2023,31 October 2023
410842,BBB,2013J,01 October 2023,31 October 2023
411126,BBB,2013J,01 October 2023,31 October 2023
411226,BBB,2013J,01 October 2023,31 October 2023
411642,BBB,2013J,01 October 2023,31 October 2023
413052,BBB,2013J,01 October 2023,31 October 2023
413248,BBB,2013J,01 October 2023,31 October 2023
414028,BBB,2013J,01 October 2023,31 October 2023
414350,BBB,2013J,01 October 2023,31 October 2023
414495,BBB,2013J,01 October 2023,31 October 2023
415216,BBB,2013J,01 October 2023,31 October 2023
415546,BBB,2013J,01 October 2023,31 October 2023
415698,BBB,2013J,01 October 2023,31 October 2023
417657,BBB,2013J,01 October 2023,31 October 2023
417677,BBB,2013J,01 October 2023,31 October 2023
417785,BBB,2013J,01 October 2023,31 October 2023
417967,BBB,2013J,01 October 2023,31 October 2023
419375,BBB,2013J,01 October 2023,31 October 2023
420163,BBB,2013J,01 October 2023,31 October 2023
420724,BBB,2013J,01 October 2023,31 October 2023
421018,BBB,2013J,01 October 2023,31 October 2023
422223,BBB,2013J,01 October 2023,31 October 2023
422479,BBB,2013J,01 October 2023,31 October 2023
422505,BBB,2013J,01 October 2023,31 October 2023
423399,BBB,2013J,01 October 2023,31 October 2023
424014,BBB,2013J,01 October 2023,31 October 2023
424539,BBB,2013J,01 October 2023,31 October 2023
424637,BBB,2013J,01 October 2023,31 October 2023
426458,BBB,2013J,01 October 2023,31 October 2023
427683,BBB,2013J,01 October 2023,31 October 2023
427921,BBB,2013J,01 October 2023,31 October 2023
428323,BBB,2013J,01 October 2023,31 October 2023
428653,BBB,2013J,01 October 2023,31 October 2023
429610,BBB,2013J,01 October 2023,31 October 2023
430352,BBB,2013J,01 October 2023,31 October 2023
430392,BBB,2013J,01 October 2023,31 October 2023
430708,BBB,2013J,01 October 2023,31 October 2023
432144,BBB,2013J,01 October 2023,31 October 2023
432237,BBB,2013J,01 October 2023,31 October 2023
433280,BBB,2013J,01 October 2023,31 October 2023
433864,BBB,2013J,01 October 2023,31 October 2023
434035,BBB,2013J,01 October 2023,31 October 2023
434397,BBB,2013J,01 October 2023,31 October 2023
434585,BBB,2013J,01 October 2023,31 October 2023
437030,BBB,2013J,01 October 2023,31 October 2023
438068,BBB,2013J,01 October 2023,31 October 2023
438551,BBB,2013J,01 October 2023,31 October 2023
439182,BBB,2013J,01 October 2023,31 October 2023
439294,BBB,2013J,01 October 2023,31 October 2023
439684,BBB,2013J,01 October 2023,31 October 2023
440225,BBB,2013J,01 October 2023,31 October 2023
440563,BBB,2013J,01 October 2023,31 October 2023
440593,BBB,2013J,01 October 2023,31 October 2023
440751,BBB,2013J,01 October 2023,31 October 2023
440765,BBB,2013J,01 October 2023,31 October 2023
442144,BBB,2013J,01 October 2023,31 October 2023
442910,BBB,2013J,01 October 2023,31 October 2023
443923,BBB,2013J,01 October 2023,31 October 2023
444225,BBB,2013J,01 October 2023,31 October 2023
444729,BBB,2013J,01 October 2023,31 October 2023
444821,BBB,2013J,01 October 2023,31 October 2023
444960,BBB,2013J,01 October 2023,31 October 2023
445230,BBB,2013J,01 October 2023,31 October 2023
445351,BBB,2013J,01 October 2023,31 October 2023
445760,BBB,2013J,01 October 2023,31 October 2023
446345,BBB,2013J,01 October 2023,31 October 2023
446873,BBB,2013J,01 October 2023,31 October 2023
447086,BBB,2013J,01 October 2023,31 October 2023
447516,BBB,2013J,01 October 2023,31 October 2023
464525,BBB,2013J,01 October 2023,31 October 2023
466202,BBB,2013J,01 October 2023,31 October 2023
466477,BBB,2013J,01 October 2023,31 October 2023
466854,BBB,2013J,01 October 2023,31 October 2023
467179,BBB,2013J,01 October 2023,31 October 2023
467330,BBB,2013J,01 October 2023,31 October 2023
467396,BBB,2013J,01 October 2023,31 October 2023
467606,BBB,2013J,01 October 2023,31 October 2023
467721,BBB,2013J,01 October 2023,31 October 2023
468187,BBB,2013J,01 October 2023,31 October 2023
468482,BBB,2013J,01 October 2023,31 October 2023
469878,BBB,2013J,01 October 2023,31 October 2023
470869,BBB,2013J,01 October 2023,31 October 2023
471196,BBB,2013J,01 October 2023,31 October 2023
471434,BBB,2013J,01 October 2023,31 October 2023
471711,BBB,2013J,01 October 2023,31 October 2023
472262,BBB,2013J,01 October 2023,31 October 2023
472327,BBB,2013J,01 October 2023,31 October 2023
473509,BBB,2013J,01 October 2023,31 October 2023
474071,BBB,2013J,01 October 2023,31 October 2023
475215,BBB,2013J,01 October 2023,31 October 2023
475241,BBB,2013J,01 October 2023,31 October 2023
475594,BBB,2013J,01 October 2023,31 October 2023
475682,BBB,2013J,01 October 2023,31 October 2023
476278,BBB,2013J,01 October 2023,31 October 2023
477319,BBB,2013J,01 October 2023,31 October 2023
477825,BBB,2013J,01 October 2023,31 October 2023
478069,BBB,2013J,01 October 2023,31 October 2023
478967,BBB,2013J,01 October 2023,31 October 2023
479020,BBB,2013J,01 October 2023,31 October 2023
479170,BBB,2013J,01 October 2023,31 October 2023
479305,BBB,2013J,01 October 2023,31 October 2023
479853,BBB,2013J,01 October 2023,31 October 2023
480667,BBB,2013J,01 October 2023,31 October 2023
480888,BBB,2013J,01 October 2023,31 October 2023
481448,BBB,2013J,01 October 2023,31 October 2023
482356,BBB,2013J,01 October 2023,31 October 2023
482556,BBB,2013J,01 October 2023,31 October 2023
482680,BBB,2013J,01 October 2023,31 October 2023
482810,BBB,2013J,01 October 2023,31 October 2023
483135,BBB,2013J,01 October 2023,31 October 2023
483339,BBB,2013J,01 October 2023,31 October 2023
483646,BBB,2013J,01 October 2023,31 October 2023
483703,BBB,2013J,01 October 2023,31 October 2023
483744,BBB,2013J,01 October 2023,31 October 2023
483876,BBB,2013J,01 October 2023,31 October 2023
484301,BBB,2013J,01 October 2023,31 October 2023
484412,BBB,2013J,01 October 2023,31 October 2023
484446,BBB,2013J,01 October 2023,31 October 2023
485006,BBB,2013J,01 October 2023,31 October 2023
485439,BBB,2013J,01 October 2023,31 October 2023
485534,BBB,2013J,01 October 2023,31 October 2023
485560,BBB,2013J,01 October 2023,31 October 2023
485762,BBB,2013J,01 October 2023,31 October 2023
485772,BBB,2013J,01 October 2023,31 October 2023
486004,BBB,2013J,01 October 2023,31 October 2023
486457,BBB,2013J,01 October 2023,31 October 2023
486550,BBB,2013J,01 October 2023,31 October 2023
487214,BBB,2013J,01 October 2023,31 October 2023
487371,BBB,2013J,01 October 2023,31 October 2023
487681,BBB,2013J,01 October 2023,31 October 2023
488176,BBB,2013J,01 October 2023,31 October 2023
488195,BBB,2013J,01 October 2023,31 October 2023
488427,BBB,2013J,01 October 2023,31 October 2023
488908,BBB,2013J,01 October 2023,31 October 2023
489320,BBB,2013J,01 October 2023,31 October 2023
489889,BBB,2013J,01 October 2023,31 October 2023
489966,BBB,2013J,01 October 2023,31 October 2023
490500,BBB,2013J,01 October 2023,31 October 2023
490677,BBB,2013J,01 October 2023,31 October 2023
490894,BBB,2013J,01 October 2023,31 October 2023
491097,BBB,2013J,01 October 2023,31 October 2023
491279,BBB,2013J,01 October 2023,31 October 2023
491758,BBB,2013J,01 October 2023,31 October 2023
491907,BBB,2013J,01 October 2023,31 October 2023
491966,BBB,2013J,01 October 2023,31 October 2023
492153,BBB,2013J,01 October 2023,31 October 2023
492229,BBB,2013J,01 October 2023,31 October 2023
492247,BBB,2013J,01 October 2023,31 October 2023
492286,BBB,2013J,01 October 2023,31 October 2023
492478,BBB,2013J,01 October 2023,31 October 2023
492726,BBB,2013J,01 October 2023,31 October 2023
493453,BBB,2013J,01 October 2023,31 October 2023
493465,BBB,2013J,01 October 2023,31 October 2023
493672,BBB,2013J,01 October 2023,31 October 2023
493891,BBB,2013J,01 October 2023,31 October 2023
493999,BBB,2013J,01 October 2023,31 October 2023
494214,BBB,2013J,01 October 2023,31 October 2023
494471,BBB,2013J,01 October 2023,31 October 2023
494789,BBB,2013J,01 October 2023,31 October 2023
494896,BBB,2013J,01 October 2023,31 October 2023
494960,BBB,2013J,01 October 2023,31 October 2023
495035,BBB,2013J,01 October 2023,31 October 2023
495449,BBB,2013J,01 October 2023,31 October 2023
495509,BBB,2013J,01 October 2023,31 October 2023
495625,BBB,2013J,01 October 2023,31 October 2023
495879,BBB,2013J,01 October 2023,31 October 2023
496091,BBB,2013J,01 October 2023,31 October 2023
496334,BBB,2013J,01 October 2023,31 October 2023
496442,BBB,2013J,01 October 2023,31 October 2023
496764,BBB,2013J,01 October 2023,31 October 2023
497130,BBB,2013J,01 October 2023,31 October 2023
497632,BBB,2013J,01 October 2023,31 October 2023
497925,BBB,2013J,01 October 2023,31 October 2023
498543,BBB,2013J,01 October 2023,31 October 2023
498635,BBB,2013J,01 October 2023,31 October 2023
498755,BBB,2013J,01 October 2023,31 October 2023
498841,BBB,2013J,01 October 2023,31 October 2023
498892,BBB,2013J,01 October 2023,31 October 2023
499373,BBB,2013J,01 October 2023,31 October 2023
499624,BBB,2013J,01 October 2023,31 October 2023
499822,BBB,2013J,01 October 2023,31 October 2023
500016,BBB,2013J,01 October 2023,31 October 2023
500135,BBB,2013J,01 October 2023,31 October 2023
500279,BBB,2013J,01 October 2023,31 October 2023
500552,BBB,2013J,01 October 2023,31 October 2023
500625,BBB,2013J,01 October 2023,31 October 2023
500668,BBB,2013J,01 October 2023,31 October 2023
501053,BBB,2013J,01 October 2023,31 October 2023
501208,BBB,2013J,01 October 2023,31 October 2023
501637,BBB,2013J,01 October 2023,31 October 2023
501862,BBB,2013J,01 October 2023,31 October 2023
501945,BBB,2013J,01 October 2023,31 October 2023
502391,BBB,2013J,01 October 2023,31 October 2023
502452,BBB,2013J,01 October 2023,31 October 2023
502621,BBB,2013J,01 October 2023,31 October 2023
503322,BBB,2013J,01 October 2023,31 October 2023
503516,BBB,2013J,01 October 2023,31 October 2023
503804,BBB,2013J,01 October 2023,31 October 2023
504013,BBB,2013J,01 October 2023,31 October 2023
504022,BBB,2013J,01 October 2023,31 October 2023
504466,BBB,2013J,01 October 2023,31 October 2023
504635,BBB,2013J,01 October 2023,31 October 2023
504842,BBB,2013J,01 October 2023,31 October 2023
505413,BBB,2013J,01 October 2023,31 October 2023
506185,BBB,2013J,01 October 2023,31 October 2023
506248,BBB,2013J,01 October 2023,31 October 2023
506804,BBB,2013J,01 October 2023,31 October 2023
506980,BBB,2013J,01 October 2023,31 October 2023
507016,BBB,2013J,01 October 2023,31 October 2023
507279,BBB,2013J,01 October 2023,31 October 2023
507387,BBB,2013J,01 October 2023,31 October 2023
507389,BBB,2013J,01 October 2023,31 October 2023
507676,BBB,2013J,01 October 2023,31 October 2023
507944,BBB,2013J,01 October 2023,31 October 2023
508028,BBB,2013J,01 October 2023,31 October 2023
508047,BBB,2013J,01 October 2023,31 October 2023
508079,BBB,2013J,01 October 2023,31 October 2023
508414,BBB,2013J,01 October 2023,31 October 2023
508422,BBB,2013J,01 October 2023,31 October 2023
508517,BBB,2013J,01 October 2023,31 October 2023
508759,BBB,2013J,01 October 2023,31 October 2023
509036,BBB,2013J,01 October 2023,31 October 2023
509236,BBB,2013J,01 October 2023,31 October 2023
509258,BBB,2013J,01 October 2023,31 October 2023
509390,BBB,2013J,01 October 2023,31 October 2023
509607,BBB,2013J,01 October 2023,31 October 2023
509845,BBB,2013J,01 October 2023,31 October 2023
509913,BBB,2013J,01 October 2023,31 October 2023
510149,BBB,2013J,01 October 2023,31 October 2023
510438,BBB,2013J,01 October 2023,31 October 2023
510650,BBB,2013J,01 October 2023,31 October 2023
510776,BBB,2013J,01 October 2023,31 October 2023
510868,BBB,2013J,01 October 2023,31 October 2023
511678,BBB,2013J,01 October 2023,31 October 2023
512417,BBB,2013J,01 October 2023,31 October 2023
512581,BBB,2013J,01 October 2023,31 October 2023
512775,BBB,2013J,01 October 2023,31 October 2023
512839,BBB,2013J,01 October 2023,31 October 2023
512940,BBB,2013J,01 October 2023,31 October 2023
512977,BBB,2013J,01 October 2023,31 October 2023
513076,BBB,2013J,01 October 2023,31 October 2023
513648,BBB,2013J,01 October 2023,31 October 2023
513836,BBB,2013J,01 October 2023,31 October 2023
514043,BBB,2013J,01 October 2023,31 October 2023
514074,BBB,2013J,01 October 2023,31 October 2023
514302,BBB,2013J,01 October 2023,31 October 2023
514445,BBB,2013J,01 October 2023,31 October 2023
514776,BBB,2013J,01 October 2023,31 October 2023
514824,BBB,2013J,01 October 2023,31 October 2023
514864,BBB,2013J,01 October 2023,31 October 2023
515203,BBB,2013J,01 October 2023,31 October 2023
515209,BBB,2013J,01 October 2023,31 October 2023
515417,BBB,2013J,01 October 2023,31 October 2023
515646,BBB,2013J,01 October 2023,31 October 2023
515676,BBB,2013J,01 October 2023,31 October 2023
516055,BBB,2013J,01 October 2023,31 October 2023
516165,BBB,2013J,01 October 2023,31 October 2023
516212,BBB,2013J,01 October 2023,31 October 2023
516214,BBB,2013J,01 October 2023,31 October 2023
516364,BBB,2013J,01 October 2023,31 October 2023
516447,BBB,2013J,01 October 2023,31 October 2023
516926,BBB,2013J,01 October 2023,31 October 2023
517000,BBB,2013J,01 October 2023,31 October 2023
517016,BBB,2013J,01 October 2023,31 October 2023
517075,BBB,2013J,01 October 2023,31 October 2023
517231,BBB,2013J,01 October 2023,31 October 2023
517352,BBB,2013J,01 October 2023,31 October 2023
517553,BBB,2013J,01 October 2023,31 October 2023
517922,BBB,2013J,01 October 2023,31 October 2023
518029,BBB,2013J,01 October 2023,31 October 2023
518126,BBB,2013J,01 October 2023,31 October 2023
518223,BBB,2013J,01 October 2023,31 October 2023
518258,BBB,2013J,01 October 2023,31 October 2023
518496,BBB,2013J,01 October 2023,31 October 2023
519294,BBB,2013J,01 October 2023,31 October 2023
519584,BBB,2013J,01 October 2023,31 October 2023
519622,BBB,2013J,01 October 2023,31 October 2023
519751,BBB,2013J,01 October 2023,31 October 2023
519945,BBB,2013J,01 October 2023,31 October 2023
520002,BBB,2013J,01 October 2023,31 October 2023
520006,BBB,2013J,01 October 2023,31 October 2023
520024,BBB,2013J,01 October 2023,31 October 2023
520100,BBB,2013J,01 October 2023,31 October 2023
520153,BBB,2013J,01 October 2023,31 October 2023
520286,BBB,2013J,01 October 2023,31 October 2023
520325,BBB,2013J,01 October 2023,31 October 2023
521209,BBB,2013J,01 October 2023,31 October 2023
521341,BBB,2013J,01 October 2023,31 October 2023
521456,BBB,2013J,01 October 2023,31 October 2023
521509,BBB,2013J,01 October 2023,31 October 2023
521590,BBB,2013J,01 October 2023,31 October 2023
521666,BBB,2013J,01 October 2023,31 October 2023
521895,BBB,2013J,01 October 2023,31 October 2023
521957,BBB,2013J,01 October 2023,31 October 2023
522426,BBB,2013J,01 October 2023,31 October 2023
522434,BBB,2013J,01 October 2023,31 October 2023
522441,BBB,2013J,01 October 2023,31 October 2023
522443,BBB,2013J,01 October 2023,31 October 2023
522446,BBB,2013J,01 October 2023,31 October 2023
522529,BBB,2013J,01 October 2023,31 October 2023
522622,BBB,2013J,01 October 2023,31 October 2023
522650,BBB,2013J,01 October 2023,31 October 2023
522714,BBB,2013J,01 October 2023,31 October 2023
522792,BBB,2013J,01 October 2023,31 October 2023
522889,BBB,2013J,01 October 2023,31 October 2023
522891,BBB,2013J,01 October 2023,31 October 2023
522894,BBB,2013J,01 October 2023,31 October 2023
522899,BBB,2013J,01 October 2023,31 October 2023
523331,BBB,2013J,01 October 2023,31 October 2023
523398,BBB,2013J,01 October 2023,31 October 2023
523466,BBB,2013J,01 October 2023,31 October 2023
523545,BBB,2013J,01 October 2023,31 October 2023
523655,BBB,2013J,01 October 2023,31 October 2023
523757,BBB,2013J,01 October 2023,31 October 2023
523857,BBB,2013J,01 October 2023,31 October 2023
523875,BBB,2013J,01 October 2023,31 October 2023
523885,BBB,2013J,01 October 2023,31 October 2023
523928,BBB,2013J,01 October 2023,31 October 2023
524076,BBB,2013J,01 October 2023,31 October 2023
524790,BBB,2013J,01 October 2023,31 October 2023
525877,BBB,2013J,01 October 2023,31 October 2023
525885,BBB,2013J,01 October 2023,31 October 2023
525974,BBB,2013J,01 October 2023,31 October 2023
526088,BBB,2013J,01 October 2023,31 October 2023
526177,BBB,2013J,01 October 2023,31 October 2023
526810,BBB,2013J,01 October 2023,31 October 2023
527393,BBB,2013J,01 October 2023,31 October 2023
527580,BBB,2013J,01 October 2023,31 October 2023
527636,BBB,2013J,01 October 2023,31 October 2023
527689,BBB,2013J,01 October 2023,31 October 2023
527799,BBB,2013J,01 October 2023,31 October 2023
528056,BBB,2013J,01 October 2023,31 October 2023
528204,BBB,2013J,01 October 2023,31 October 2023
528464,BBB,2013J,01 October 2023,31 October 2023
528642,BBB,2013J,01 October 2023,31 October 2023
529000,BBB,2013J,01 October 2023,31 October 2023
529163,BBB,2013J,01 October 2023,31 October 2023
529597,BBB,2013J,01 October 2023,31 October 2023
529795,BBB,2013J,01 October 2023,31 October 2023
530021,BBB,2013J,01 October 2023,31 October 2023
530112,BBB,2013J,01 October 2023,31 October 2023
530487,BBB,2013J,01 October 2023,31 October 2023
530514,BBB,2013J,01 October 2023,31 October 2023
530753,BBB,2013J,01 October 2023,31 October 2023
530841,BBB,2013J,01 October 2023,31 October 2023
531287,BBB,2013J,01 October 2023,31 October 2023
531384,BBB,2013J,01 October 2023,31 October 2023
531643,BBB,2013J,01 October 2023,31 October 2023
532114,BBB,2013J,01 October 2023,31 October 2023
532335,BBB,2013J,01 October 2023,31 October 2023
532477,BBB,2013J,01 October 2023,31 October 2023
532615,BBB,2013J,01 October 2023,31 October 2023
532739,BBB,2013J,01 October 2023,31 October 2023
532750,BBB,2013J,01 October 2023,31 October 2023
532868,BBB,2013J,01 October 2023,31 October 2023
532869,BBB,2013J,01 October 2023,31 October 2023
533091,BBB,2013J,01 October 2023,31 October 2023
533164,BBB,2013J,01 October 2023,31 October 2023
533301,BBB,2013J,01 October 2023,31 October 2023
533414,BBB,2013J,01 October 2023,31 October 2023
533449,BBB,2013J,01 October 2023,31 October 2023
534133,BBB,2013J,01 October 2023,31 October 2023
534323,BBB,2013J,01 October 2023,31 October 2023
534816,BBB,2013J,01 October 2023,31 October 2023
534946,BBB,2013J,01 October 2023,31 October 2023
534998,BBB,2013J,01 October 2023,31 October 2023
535168,BBB,2013J,01 October 2023,31 October 2023
535379,BBB,2013J,01 October 2023,31 October 2023
535833,BBB,2013J,01 October 2023,31 October 2023
536318,BBB,2013J,01 October 2023,31 October 2023
536409,BBB,2013J,01 October 2023,31 October 2023
536487,BBB,2013J,01 October 2023,31 October 2023
536632,BBB,2013J,01 October 2023,31 October 2023
536649,BBB,2013J,01 October 2023,31 October 2023
536660,BBB,2013J,01 October 2023,31 October 2023
536663,BBB,2013J,01 October 2023,31 October 2023
536664,BBB,2013J,01 October 2023,31 October 2023
536666,BBB,2013J,01 October 2023,31 October 2023
536852,BBB,2013J,01 October 2023,31 October 2023
536992,BBB,2013J,01 October 2023,31 October 2023
537271,BBB,2013J,01 October 2023,31 October 2023
538210,BBB,2013J,01 October 2023,31 October 2023
539299,BBB,2013J,01 October 2023,31 October 2023
539414,BBB,2013J,01 October 2023,31 October 2023
539670,BBB,2013J,01 October 2023,31 October 2023
540005,BBB,2013J,01 October 2023,31 October 2023
540249,BBB,2013J,01 October 2023,31 October 2023
540293,BBB,2013J,01 October 2023,31 October 2023
540521,BBB,2013J,01 October 2023,31 October 2023
540602,BBB,2013J,01 October 2023,31 October 2023
540682,BBB,2013J,01 October 2023,31 October 2023
541171,BBB,2013J,01 October 2023,31 October 2023
541274,BBB,2013J,01 October 2023,31 October 2023
541586,BBB,2013J,01 October 2023,31 October 2023
541702,BBB,2013J,01 October 2023,31 October 2023
541842,BBB,2013J,01 October 2023,31 October 2023
542296,BBB,2013J,01 October 2023,31 October 2023
542472,BBB,2013J,01 October 2023,31 October 2023
542574,BBB,2013J,01 October 2023,31 October 2023
542707,BBB,2013J,01 October 2023,31 October 2023
543021,BBB,2013J,01 October 2023,31 October 2023
543279,BBB,2013J,01 October 2023,31 October 2023
543418,BBB,2013J,01 October 2023,31 October 2023
543428,BBB,2013J,01 October 2023,31 October 2023
544122,BBB,2013J,01 October 2023,31 October 2023
545200,BBB,2013J,01 October 2023,31 October 2023
545247,BBB,2013J,01 October 2023,31 October 2023
545297,BBB,2013J,01 October 2023,31 October 2023
545298,BBB,2013J,01 October 2023,31 October 2023
545443,BBB,2013J,01 October 2023,31 October 2023
545462,BBB,2013J,01 October 2023,31 October 2023
546124,BBB,2013J,01 October 2023,31 October 2023
546195,BBB,2013J,01 October 2023,31 October 2023
546196,BBB,2013J,01 October 2023,31 October 2023
547266,BBB,2013J,01 October 2023,31 October 2023
547311,BBB,2013J,01 October 2023,31 October 2023
547718,BBB,2013J,01 October 2023,31 October 2023
547979,BBB,2013J,01 October 2023,31 October 2023
548197,BBB,2013J,01 October 2023,31 October 2023
548899,BBB,2013J,01 October 2023,31 October 2023
549129,BBB,2013J,01 October 2023,31 October 2023
549226,BBB,2013J,01 October 2023,31 October 2023
549445,BBB,2013J,01 October 2023,31 October 2023
549586,BBB,2013J,01 October 2023,31 October 2023
549745,BBB,2013J,01 October 2023,31 October 2023
549918,BBB,2013J,01 October 2023,31 October 2023
550412,BBB,2013J,01 October 2023,31 October 2023
550559,BBB,2013J,01 October 2023,31 October 2023
550880,BBB,2013J,01 October 2023,31 October 2023
550941,BBB,2013J,01 October 2023,31 October 2023
551031,BBB,2013J,01 October 2023,31 October 2023
551136,BBB,2013J,01 October 2023,31 October 2023
551205,BBB,2013J,01 October 2023,31 October 2023
551219,BBB,2013J,01 October 2023,31 October 2023
551234,BBB,2013J,01 October 2023,31 October 2023
551347,BBB,2013J,01 October 2023,31 October 2023
551515,BBB,2013J,01 October 2023,31 October 2023
551628,BBB,2013J,01 October 2023,31 October 2023
551802,BBB,2013J,01 October 2023,31 October 2023
551836,BBB,2013J,01 October 2023,31 October 2023
552116,BBB,2013J,01 October 2023,31 October 2023
552177,BBB,2013J,01 October 2023,31 October 2023
552205,BBB,2013J,01 October 2023,31 October 2023
552339,BBB,2013J,01 October 2023,31 October 2023
552399,BBB,2013J,01 October 2023,31 October 2023
552515,BBB,2013J,01 October 2023,31 October 2023
552622,BBB,2013J,01 October 2023,31 October 2023
552865,BBB,2013J,01 October 2023,31 October 2023
552883,BBB,2013J,01 October 2023,31 October 2023
553078,BBB,2013J,01 October 2023,31 October 2023
553556,BBB,2013J,01 October 2023,31 October 2023
553825,BBB,2013J,01 October 2023,31 October 2023
553856,BBB,2013J,01 October 2023,31 October 2023
553893,BBB,2013J,01 October 2023,31 October 2023
554243,BBB,2013J,01 October 2023,31 October 2023
554297,BBB,2013J,01 October 2023,31 October 2023
554314,BBB,2013J,01 October 2023,31 October 2023
554540,BBB,2013J,01 October 2023,31 October 2023
555061,BBB,2013J,01 October 2023,31 October 2023
555346,BBB,2013J,01 October 2023,31 October 2023
555614,BBB,2013J,01 October 2023,31 October 2023
555721,BBB,2013J,01 October 2023,31 October 2023
555789,BBB,2013J,01 October 2023,31 October 2023
556062,BBB,2013J,01 October 2023,31 October 2023
556089,BBB,2013J,01 October 2023,31 October 2023
556175,BBB,2013J,01 October 2023,31 October 2023
556228,BBB,2013J,01 October 2023,31 October 2023
556427,BBB,2013J,01 October 2023,31 October 2023
556592,BBB,2013J,01 October 2023,31 October 2023
556637,BBB,2013J,01 October 2023,31 October 2023
556738,BBB,2013J,01 October 2023,31 October 2023
556972,BBB,2013J,01 October 2023,31 October 2023
557652,BBB,2013J,01 October 2023,31 October 2023
558035,BBB,2013J,01 October 2023,31 October 2023
558333,BBB,2013J,01 October 2023,31 October 2023
558533,BBB,2013J,01 October 2023,31 October 2023
558661,BBB,2013J,01 October 2023,31 October 2023
558755,BBB,2013J,01 October 2023,31 October 2023
558962,BBB,2013J,01 October 2023,31 October 2023
558983,BBB,2013J,01 October 2023,31 October 2023
559139,BBB,2013J,01 October 2023,31 October 2023
559168,BBB,2013J,01 October 2023,31 October 2023
559344,BBB,2013J,01 October 2023,31 October 2023
559382,BBB,2013J,01 October 2023,31 October 2023
559414,BBB,2013J,01 October 2023,31 October 2023
559584,BBB,2013J,01 October 2023,31 October 2023
559685,BBB,2013J,01 October 2023,31 October 2023
559851,BBB,2013J,01 October 2023,31 October 2023
560030,BBB,2013J,01 October 2023,31 October 2023
560074,BBB,2013J,01 October 2023,31 October 2023
560430,BBB,2013J,01 October 2023,31 October 2023
560490,BBB,2013J,01 October 2023,31 October 2023
560559,BBB,2013J,01 October 2023,31 October 2023
560567,BBB,2013J,01 October 2023,31 October 2023
560676,BBB,2013J,01 October 2023,31 October 2023
560773,BBB,2013J,01 October 2023,31 October 2023
560920,BBB,2013J,01 October 2023,31 October 2023
561312,BBB,2013J,01 October 2023,31 October 2023
561457,BBB,2013J,01 October 2023,31 October 2023
561534,BBB,2013J,01 October 2023,31 October 2023
561549,BBB,2013J,01 October 2023,31 October 2023
561591,BBB,2013J,01 October 2023,31 October 2023
561640,BBB,2013J,01 October 2023,31 October 2023
561674,BBB,2013J,01 October 2023,31 October 2023
561841,BBB,2013J,01 October 2023,31 October 2023
561932,BBB,2013J,01 October 2023,31 October 2023
562090,BBB,2013J,01 October 2023,31 October 2023
562270,BBB,2013J,01 October 2023,31 October 2023
562456,BBB,2013J,01 October 2023,31 October 2023
563022,BBB,2013J,01 October 2023,31 October 2023
563063,BBB,2013J,01 October 2023,31 October 2023
563174,BBB,2013J,01 October 2023,31 October 2023
563374,BBB,2013J,01 October 2023,31 October 2023
563706,BBB,2013J,01 October 2023,31 October 2023
563733,BBB,2013J,01 October 2023,31 October 2023
563735,BBB,2013J,01 October 2023,31 October 2023
563769,BBB,2013J,01 October 2023,31 October 2023
563794,BBB,2013J,01 October 2023,31 October 2023
564105,BBB,2013J,01 October 2023,31 October 2023
564129,BBB,2013J,01 October 2023,31 October 2023
564144,BBB,2013J,01 October 2023,31 October 2023
564245,BBB,2013J,01 October 2023,31 October 2023
564268,BBB,2013J,01 October 2023,31 October 2023
564300,BBB,2013J,01 October 2023,31 October 2023
564596,BBB,2013J,01 October 2023,31 October 2023
564626,BBB,2013J,01 October 2023,31 October 2023
564791,BBB,2013J,01 October 2023,31 October 2023
564792,BBB,2013J,01 October 2023,31 October 2023
564898,BBB,2013J,01 October 2023,31 October 2023
564930,BBB,2013J,01 October 2023,31 October 2023
564958,BBB,2013J,01 October 2023,31 October 2023
564972,BBB,2013J,01 October 2023,31 October 2023
565035,BBB,2013J,01 October 2023,31 October 2023
565393,BBB,2013J,01 October 2023,31 October 2023
565402,BBB,2013J,01 October 2023,31 October 2023
565513,BBB,2013J,01 October 2023,31 October 2023
565518,BBB,2013J,01 October 2023,31 October 2023
565582,BBB,2013J,01 October 2023,31 October 2023
565607,BBB,2013J,01 October 2023,31 October 2023
565715,BBB,2013J,01 October 2023,31 October 2023
565819,BBB,2013J,01 October 2023,31 October 2023
565888,BBB,2013J,01 October 2023,31 October 2023
565919,BBB,2013J,01 October 2023,31 October 2023
566133,BBB,2013J,01 October 2023,31 October 2023
566339,BBB,2013J,01 October 2023,31 October 2023
566346,BBB,2013J,01 October 2023,31 October 2023
566358,BBB,2013J,01 October 2023,31 October 2023
566369,BBB,2013J,01 October 2023,31 October 2023
566392,BBB,2013J,01 October 2023,31 October 2023
566407,BBB,2013J,01 October 2023,31 October 2023
566415,BBB,2013J,01 October 2023,31 October 2023
566720,BBB,2013J,01 October 2023,31 October 2023
566813,BBB,2013J,01 October 2023,31 October 2023
566814,BBB,2013J,01 October 2023,31 October 2023
567013,BBB,2013J,01 October 2023,31 October 2023
567033,BBB,2013J,01 October 2023,31 October 2023
567059,BBB,2013J,01 October 2023,31 October 2023
567145,BBB,2013J,01 October 2023,31 October 2023
567160,BBB,2013J,01 October 2023,31 October 2023
567262,BBB,2013J,01 October 2023,31 October 2023
567363,BBB,2013J,01 October 2023,31 October 2023
567402,BBB,2013J,01 October 2023,31 October 2023
567429,BBB,2013J,01 October 2023,31 October 2023
567500,BBB,2013J,01 October 2023,31 October 2023
567598,BBB,2013J,01 October 2023,31 October 2023
567627,BBB,2013J,01 October 2023,31 October 2023
567754,BBB,2013J,01 October 2023,31 October 2023
567915,BBB,2013J,01 October 2023,31 October 2023
567925,BBB,2013J,01 October 2023,31 October 2023
567929,BBB,2013J,01 October 2023,31 October 2023
567958,BBB,2013J,01 October 2023,31 October 2023
567979,BBB,2013J,01 October 2023,31 October 2023
568074,BBB,2013J,01 October 2023,31 October 2023
568293,BBB,2013J,01 October 2023,31 October 2023
568370,BBB,2013J,01 October 2023,31 October 2023
568474,BBB,2013J,01 October 2023,31 October 2023
568502,BBB,2013J,01 October 2023,31 October 2023
568523,BBB,2013J,01 October 2023,31 October 2023
568533,BBB,2013J,01 October 2023,31 October 2023
568609,BBB,2013J,01 October 2023,31 October 2023
568775,BBB,2013J,01 October 2023,31 October 2023
569035,BBB,2013J,01 October 2023,31 October 2023
569141,BBB,2013J,01 October 2023,31 October 2023
569334,BBB,2013J,01 October 2023,31 October 2023
569426,BBB,2013J,01 October 2023,31 October 2023
569854,BBB,2013J,01 October 2023,31 October 2023
569862,BBB,2013J,01 October 2023,31 October 2023
569930,BBB,2013J,01 October 2023,31 October 2023
570137,BBB,2013J,01 October 2023,31 October 2023
570157,BBB,2013J,01 October 2023,31 October 2023
570168,BBB,2013J,01 October 2023,31 October 2023
570177,BBB,2013J,01 October 2023,31 October 2023
570271,BBB,2013J,01 October 2023,31 October 2023
570287,BBB,2013J,01 October 2023,31 October 2023
570351,BBB,2013J,01 October 2023,31 October 2023
570519,BBB,2013J,01 October 2023,31 October 2023
570623,BBB,2013J,01 October 2023,31 October 2023
570759,BBB,2013J,01 October 2023,31 October 2023
570783,BBB,2013J,01 October 2023,31 October 2023
570862,BBB,2013J,01 October 2023,31 October 2023
570864,BBB,2013J,01 October 2023,31 October 2023
570970,BBB,2013J,01 October 2023,31 October 2023
571083,BBB,2013J,01 October 2023,31 October 2023
571143,BBB,2013J,01 October 2023,31 October 2023
571441,BBB,2013J,01 October 2023,31 October 2023
571503,BBB,2013J,01 October 2023,31 October 2023
571516,BBB,2013J,01 October 2023,31 October 2023
571540,BBB,2013J,01 October 2023,31 October 2023
571554,BBB,2013J,01 October 2023,31 October 2023
571601,BBB,2013J,01 October 2023,31 October 2023
571672,BBB,2013J,01 October 2023,31 October 2023
571681,BBB,2013J,01 October 2023,31 October 2023
571693,BBB,2013J,01 October 2023,31 October 2023
571770,BBB,2013J,01 October 2023,31 October 2023
571779,BBB,2013J,01 October 2023,31 October 2023
571794,BBB,2013J,01 October 2023,31 October 2023
571871,BBB,2013J,01 October 2023,31 October 2023
571885,BBB,2013J,01 October 2023,31 October 2023
571907,BBB,2013J,01 October 2023,31 October 2023
572029,BBB,2013J,01 October 2023,31 October 2023
572051,BBB,2013J,01 October 2023,31 October 2023
572054,BBB,2013J,01 October 2023,31 October 2023
572067,BBB,2013J,01 October 2023,31 October 2023
572103,BBB,2013J,01 October 2023,31 October 2023
572131,BBB,2013J,01 October 2023,31 October 2023
572163,BBB,2013J,01 October 2023,31 October 2023
572173,BBB,2013J,01 October 2023,31 October 2023
572277,BBB,2013J,01 October 2023,31 October 2023
572302,BBB,2013J,01 October 2023,31 October 2023
572416,BBB,2013J,01 October 2023,31 October 2023
572436,BBB,2013J,01 October 2023,31 October 2023
572447,BBB,2013J,01 October 2023,31 October 2023
572495,BBB,2013J,01 October 2023,31 October 2023
572504,BBB,2013J,01 October 2023,31 October 2023
572508,BBB,2013J,01 October 2023,31 October 2023
572514,BBB,2013J,01 October 2023,31 October 2023
572626,BBB,2013J,01 October 2023,31 October 2023
572733,BBB,2013J,01 October 2023,31 October 2023
572739,BBB,2013J,01 October 2023,31 October 2023
572752,BBB,2013J,01 October 2023,31 October 2023
572765,BBB,2013J,01 October 2023,31 October 2023
572770,BBB,2013J,01 October 2023,31 October 2023
572898,BBB,2013J,01 October 2023,31 October 2023
572918,BBB,2013J,01 October 2023,31 October 2023
572937,BBB,2013J,01 October 2023,31 October 2023
573043,BBB,2013J,01 October 2023,31 October 2023
573063,BBB,2013J,01 October 2023,31 October 2023
573159,BBB,2013J,01 October 2023,31 October 2023
573208,BBB,2013J,01 October 2023,31 October 2023
573217,BBB,2013J,01 October 2023,31 October 2023
573223,BBB,2013J,01 October 2023,31 October 2023
573225,BBB,2013J,01 October 2023,31 October 2023
573275,BBB,2013J,01 October 2023,31 October 2023
573321,BBB,2013J,01 October 2023,31 October 2023
573409,BBB,2013J,01 October 2023,31 October 2023
573411,BBB,2013J,01 October 2023,31 October 2023
573431,BBB,2013J,01 October 2023,31 October 2023
573433,BBB,2013J,01 October 2023,31 October 2023
573441,BBB,2013J,01 October 2023,31 October 2023
573453,BBB,2013J,01 October 2023,31 October 2023
573485,BBB,2013J,01 October 2023,31 October 2023
573487,BBB,2013J,01 October 2023,31 October 2023
573519,BBB,2013J,01 October 2023,31 October 2023
573578,BBB,2013J,01 October 2023,31 October 2023
573654,BBB,2013J,01 October 2023,31 October 2023
573683,BBB,2013J,01 October 2023,31 October 2023
573694,BBB,2013J,01 October 2023,31 October 2023
573758,BBB,2013J,01 October 2023,31 October 2023
573777,BBB,2013J,01 October 2023,31 October 2023
573790,BBB,2013J,01 October 2023,31 October 2023
573810,BBB,2013J,01 October 2023,31 October 2023
573821,BBB,2013J,01 October 2023,31 October 2023
573831,BBB,2013J,01 October 2023,31 October 2023
573893,BBB,2013J,01 October 2023,31 October 2023
573986,BBB,2013J,01 October 2023,31 October 2023
574002,BBB,2013J,01 October 2023,31 October 2023
574051,BBB,2013J,01 October 2023,31 October 2023
574053,BBB,2013J,01 October 2023,31 October 2023
574065,BBB,2013J,01 October 2023,31 October 2023
574125,BBB,2013J,01 October 2023,31 October 2023
574146,BBB,2013J,01 October 2023,31 October 2023
574194,BBB,2013J,01 October 2023,31 October 2023
574212,BBB,2013J,01 October 2023,31 October 2023
574250,BBB,2013J,01 October 2023,31 October 2023
574276,BBB,2013J,01 October 2023,31 October 2023
574319,BBB,2013J,01 October 2023,31 October 2023
574320,BBB,2013J,01 October 2023,31 October 2023
574348,BBB,2013J,01 October 2023,31 October 2023
574549,BBB,2013J,01 October 2023,31 October 2023
574591,BBB,2013J,01 October 2023,31 October 2023
574648,BBB,2013J,01 October 2023,31 October 2023
574674,BBB,2013J,01 October 2023,31 October 2023
574708,BBB,2013J,01 October 2023,31 October 2023
574727,BBB,2013J,01 October 2023,31 October 2023
574766,BBB,2013J,01 October 2023,31 October 2023
574783,BBB,2013J,01 October 2023,31 October 2023
574810,BBB,2013J,01 October 2023,31 October 2023
574962,BBB,2013J,01 October 2023,31 October 2023
574973,BBB,2013J,01 October 2023,31 October 2023
574998,BBB,2013J,01 October 2023,31 October 2023
575018,BBB,2013J,01 October 2023,31 October 2023
575089,BBB,2013J,01 October 2023,31 October 2023
575100,BBB,2013J,01 October 2023,31 October 2023
575124,BBB,2013J,01 October 2023,31 October 2023
575207,BBB,2013J,01 October 2023,31 October 2023
575281,BBB,2013J,01 October 2023,31 October 2023
575290,BBB,2013J,01 October 2023,31 October 2023
575387,BBB,2013J,01 October 2023,31 October 2023
575421,BBB,2013J,01 October 2023,31 October 2023
575423,BBB,2013J,01 October 2023,31 October 2023
575480,BBB,2013J,01 October 2023,31 October 2023
575520,BBB,2013J,01 October 2023,31 October 2023
575560,BBB,2013J,01 October 2023,31 October 2023
575672,BBB,2013J,01 October 2023,31 October 2023
575681,BBB,2013J,01 October 2023,31 October 2023
575794,BBB,2013J,01 October 2023,31 October 2023
575897,BBB,2013J,01 October 2023,31 October 2023
575927,BBB,2013J,01 October 2023,31 October 2023
575929,BBB,2013J,01 October 2023,31 October 2023
575930,BBB,2013J,01 October 2023,31 October 2023
575982,BBB,2013J,01 October 2023,31 October 2023
575992,BBB,2013J,01 October 2023,31 October 2023
576046,BBB,2013J,01 October 2023,31 October 2023
576098,BBB,2013J,01 October 2023,31 October 2023
576158,BBB,2013J,01 October 2023,31 October 2023
576226,BBB,2013J,01 October 2023,31 October 2023
576375,BBB,2013J,01 October 2023,31 October 2023
576483,BBB,2013J,01 October 2023,31 October 2023
576513,BBB,2013J,01 October 2023,31 October 2023
576524,BBB,2013J,01 October 2023,31 October 2023
576550,BBB,2013J,01 October 2023,31 October 2023
576600,BBB,2013J,01 October 2023,31 October 2023
576664,BBB,2013J,01 October 2023,31 October 2023
576714,BBB,2013J,01 October 2023,31 October 2023
576815,BBB,2013J,01 October 2023,31 October 2023
576841,BBB,2013J,01 October 2023,31 October 2023
576882,BBB,2013J,01 October 2023,31 October 2023
576935,BBB,2013J,01 October 2023,31 October 2023
576940,BBB,2013J,01 October 2023,31 October 2023
576946,BBB,2013J,01 October 2023,31 October 2023
576947,BBB,2013J,01 October 2023,31 October 2023
576981,BBB,2013J,01 October 2023,31 October 2023
576983,BBB,2013J,01 October 2023,31 October 2023
576985,BBB,2013J,01 October 2023,31 October 2023
576996,BBB,2013J,01 October 2023,31 October 2023
577007,BBB,2013J,01 October 2023,31 October 2023
577049,BBB,2013J,01 October 2023,31 October 2023
577069,BBB,2013J,01 October 2023,31 October 2023
577096,BBB,2013J,01 October 2023,31 October 2023
577099,BBB,2013J,01 October 2023,31 October 2023
577215,BBB,2013J,01 October 2023,31 October 2023
577239,BBB,2013J,01 October 2023,31 October 2023
577256,BBB,2013J,01 October 2023,31 October 2023
577280,BBB,2013J,01 October 2023,31 October 2023
577286,BBB,2013J,01 October 2023,31 October 2023
577347,BBB,2013J,01 October 2023,31 October 2023
577376,BBB,2013J,01 October 2023,31 October 2023
577449,BBB,2013J,01 October 2023,31 October 2023
577498,BBB,2013J,01 October 2023,31 October 2023
577648,BBB,2013J,01 October 2023,31 October 2023
577659,BBB,2013J,01 October 2023,31 October 2023
577680,BBB,2013J,01 October 2023,31 October 2023
577692,BBB,2013J,01 October 2023,31 October 2023
577695,BBB,2013J,01 October 2023,31 October 2023
577824,BBB,2013J,01 October 2023,31 October 2023
577905,BBB,2013J,01 October 2023,31 October 2023
577914,BBB,2013J,01 October 2023,31 October 2023
577915,BBB,2013J,01 October 2023,31 October 2023
577949,BBB,2013J,01 October 2023,31 October 2023
577965,BBB,2013J,01 October 2023,31 October 2023
577980,BBB,2013J,01 October 2023,31 October 2023
577992,BBB,2013J,01 October 2023,31 October 2023
578030,BBB,2013J,01 October 2023,31 October 2023
578057,BBB,2013J,01 October 2023,31 October 2023
578062,BBB,2013J,01 October 2023,31 October 2023
578109,BBB,2013J,01 October 2023,31 October 2023
578197,BBB,2013J,01 October 2023,31 October 2023
578264,BBB,2013J,01 October 2023,31 October 2023
578362,BBB,2013J,01 October 2023,31 October 2023
578447,BBB,2013J,01 October 2023,31 October 2023
578520,BBB,2013J,01 October 2023,31 October 2023
578546,BBB,2013J,01 October 2023,31 October 2023
578578,BBB,2013J,01 October 2023,31 October 2023
578598,BBB,2013J,01 October 2023,31 October 2023
578600,BBB,2013J,01 October 2023,31 October 2023
578676,BBB,2013J,01 October 2023,31 October 2023
578717,BBB,2013J,01 October 2023,31 October 2023
578739,BBB,2013J,01 October 2023,31 October 2023
578854,BBB,2013J,01 October 2023,31 October 2023
578953,BBB,2013J,01 October 2023,31 October 2023
579046,BBB,2013J,01 October 2023,31 October 2023
579050,BBB,2013J,01 October 2023,31 October 2023
579255,BBB,2013J,01 October 2023,31 October 2023
579256,BBB,2013J,01 October 2023,31 October 2023
579259,BBB,2013J,01 October 2023,31 October 2023
579279,BBB,2013J,01 October 2023,31 October 2023
579300,BBB,2013J,01 October 2023,31 October 2023
579316,BBB,2013J,01 October 2023,31 October 2023
579448,BBB,2013J,01 October 2023,31 October 2023
579486,BBB,2013J,01 October 2023,31 October 2023
579549,BBB,2013J,01 October 2023,31 October 2023
579571,BBB,2013J,01 October 2023,31 October 2023
579575,BBB,2013J,01 October 2023,31 October 2023
579619,BBB,2013J,01 October 2023,31 October 2023
579718,BBB,2013J,01 October 2023,31 October 2023
579762,BBB,2013J,01 October 2023,31 October 2023
580094,BBB,2013J,01 October 2023,31 October 2023
580314,BBB,2013J,01 October 2023,31 October 2023
580328,BBB,2013J,01 October 2023,31 October 2023
580346,BBB,2013J,01 October 2023,31 October 2023
580360,BBB,2013J,01 October 2023,31 October 2023
580412,BBB,2013J,01 October 2023,31 October 2023
580497,BBB,2013J,01 October 2023,31 October 2023
580540,BBB,2013J,01 October 2023,31 October 2023
580592,BBB,2013J,01 October 2023,31 October 2023
580612,BBB,2013J,01 October 2023,31 October 2023
580646,BBB,2013J,01 October 2023,31 October 2023
580654,BBB,2013J,01 October 2023,31 October 2023
580684,BBB,2013J,01 October 2023,31 October 2023
580854,BBB,2013J,01 October 2023,31 October 2023
580880,BBB,2013J,01 October 2023,31 October 2023
580883,BBB,2013J,01 October 2023,31 October 2023
580960,BBB,2013J,01 October 2023,31 October 2023
580975,BBB,2013J,01 October 2023,31 October 2023
581016,BBB,2013J,01 October 2023,31 October 2023
581027,BBB,2013J,01 October 2023,31 October 2023
581038,BBB,2013J,01 October 2023,31 October 2023
581139,BBB,2013J,01 October 2023,31 October 2023
581235,BBB,2013J,01 October 2023,31 October 2023
581305,BBB,2013J,01 October 2023,31 October 2023
581431,BBB,2013J,01 October 2023,31 October 2023
581492,BBB,2013J,01 October 2023,31 October 2023
581493,BBB,2013J,01 October 2023,31 October 2023
581530,BBB,2013J,01 October 2023,31 October 2023
581586,BBB,2013J,01 October 2023,31 October 2023
581625,BBB,2013J,01 October 2023,31 October 2023
581657,BBB,2013J,01 October 2023,31 October 2023
581672,BBB,2013J,01 October 2023,31 October 2023
581826,BBB,2013J,01 October 2023,31 October 2023
581959,BBB,2013J,01 October 2023,31 October 2023
582084,BBB,2013J,01 October 2023,31 October 2023
582093,BBB,2013J,01 October 2023,31 October 2023
582123,BBB,2013J,01 October 2023,31 October 2023
582182,BBB,2013J,01 October 2023,31 October 2023
582184,BBB,2013J,01 October 2023,31 October 2023
582190,BBB,2013J,01 October 2023,31 October 2023
582218,BBB,2013J,01 October 2023,31 October 2023
582243,BBB,2013J,01 October 2023,31 October 2023
582301,BBB,2013J,01 October 2023,31 October 2023
582305,BBB,2013J,01 October 2023,31 October 2023
582333,BBB,2013J,01 October 2023,31 October 2023
582390,BBB,2013J,01 October 2023,31 October 2023
582394,BBB,2013J,01 October 2023,31 October 2023
582404,BBB,2013J,01 October 2023,31 October 2023
582406,BBB,2013J,01 October 2023,31 October 2023
582439,BBB,2013J,01 October 2023,31 October 2023
582443,BBB,2013J,01 October 2023,31 October 2023
582446,BBB,2013J,01 October 2023,31 October 2023
582469,BBB,2013J,01 October 2023,31 October 2023
582474,BBB,2013J,01 October 2023,31 October 2023
582574,BBB,2013J,01 October 2023,31 October 2023
582578,BBB,2013J,01 October 2023,31 October 2023
582591,BBB,2013J,01 October 2023,31 October 2023
582636,BBB,2013J,01 October 2023,31 October 2023
582650,BBB,2013J,01 October 2023,31 October 2023
582806,BBB,2013J,01 October 2023,31 October 2023
582833,BBB,2013J,01 October 2023,31 October 2023
582878,BBB,2013J,01 October 2023,31 October 2023
582940,BBB,2013J,01 October 2023,31 October 2023
582958,BBB,2013J,01 October 2023,31 October 2023
582963,BBB,2013J,01 October 2023,31 October 2023
582975,BBB,2013J,01 October 2023,31 October 2023
583007,BBB,2013J,01 October 2023,31 October 2023
583012,BBB,2013J,01 October 2023,31 October 2023
583021,BBB,2013J,01 October 2023,31 October 2023
583039,BBB,2013J,01 October 2023,31 October 2023
583065,BBB,2013J,01 October 2023,31 October 2023
583098,BBB,2013J,01 October 2023,31 October 2023
583113,BBB,2013J,01 October 2023,31 October 2023
583142,BBB,2013J,01 October 2023,31 October 2023
583170,BBB,2013J,01 October 2023,31 October 2023
583179,BBB,2013J,01 October 2023,31 October 2023
583191,BBB,2013J,01 October 2023,31 October 2023
583235,BBB,2013J,01 October 2023,31 October 2023
583240,BBB,2013J,01 October 2023,31 October 2023
583255,BBB,2013J,01 October 2023,31 October 2023
583301,BBB,2013J,01 October 2023,31 October 2023
583333,BBB,2013J,01 October 2023,31 October 2023
583367,BBB,2013J,01 October 2023,31 October 2023
583429,BBB,2013J,01 October 2023,31 October 2023
583433,BBB,2013J,01 October 2023,31 October 2023
583459,BBB,2013J,01 October 2023,31 October 2023
583473,BBB,2013J,01 October 2023,31 October 2023
583534,BBB,2013J,01 October 2023,31 October 2023
583598,BBB,2013J,01 October 2023,31 October 2023
583609,BBB,2013J,01 October 2023,31 October 2023
583645,BBB,2013J,01 October 2023,31 October 2023
583708,BBB,2013J,01 October 2023,31 October 2023
583832,BBB,2013J,01 October 2023,31 October 2023
583873,BBB,2013J,01 October 2023,31 October 2023
583964,BBB,2013J,01 October 2023,31 October 2023
583967,BBB,2013J,01 October 2023,31 October 2023
583970,BBB,2013J,01 October 2023,31 October 2023
583977,BBB,2013J,01 October 2023,31 October 2023
584042,BBB,2013J,01 October 2023,31 October 2023
584178,BBB,2013J,01 October 2023,31 October 2023
584223,BBB,2013J,01 October 2023,31 October 2023
584238,BBB,2013J,01 October 2023,31 October 2023
584325,BBB,2013J,01 October 2023,31 October 2023
584342,BBB,2013J,01 October 2023,31 October 2023
584374,BBB,2013J,01 October 2023,31 October 2023
584408,BBB,2013J,01 October 2023,31 October 2023
584534,BBB,2013J,01 October 2023,31 October 2023
584580,BBB,2013J,01 October 2023,31 October 2023
584588,BBB,2013J,01 October 2023,31 October 2023
584611,BBB,2013J,01 October 2023,31 October 2023
584676,BBB,2013J,01 October 2023,31 October 2023
584735,BBB,2013J,01 October 2023,31 October 2023
584762,BBB,2013J,01 October 2023,31 October 2023
584766,BBB,2013J,01 October 2023,31 October 2023
584813,BBB,2013J,01 October 2023,31 October 2023
584892,BBB,2013J,01 October 2023,31 October 2023
585004,BBB,2013J,01 October 2023,31 October 2023
585074,BBB,2013J,01 October 2023,31 October 2023
585170,BBB,2013J,01 October 2023,31 October 2023
585200,BBB,2013J,01 October 2023,31 October 2023
585212,BBB,2013J,01 October 2023,31 October 2023
585342,BBB,2013J,01 October 2023,31 October 2023
585355,BBB,2013J,01 October 2023,31 October 2023
585406,BBB,2013J,01 October 2023,31 October 2023
585459,BBB,2013J,01 October 2023,31 October 2023
585461,BBB,2013J,01 October 2023,31 October 2023
585603,BBB,2013J,01 October 2023,31 October 2023
585611,BBB,2013J,01 October 2023,31 October 2023
585618,BBB,2013J,01 October 2023,31 October 2023
585644,BBB,2013J,01 October 2023,31 October 2023
585652,BBB,2013J,01 October 2023,31 October 2023
585693,BBB,2013J,01 October 2023,31 October 2023
585764,BBB,2013J,01 October 2023,31 October 2023
585779,BBB,2013J,01 October 2023,31 October 2023
585790,BBB,2013J,01 October 2023,31 October 2023
585816,BBB,2013J,01 October 2023,31 October 2023
585915,BBB,2013J,01 October 2023,31 October 2023
585963,BBB,2013J,01 October 2023,31 October 2023
586072,BBB,2013J,01 October 2023,31 October 2023
586078,BBB,2013J,01 October 2023,31 October 2023
586145,BBB,2013J,01 October 2023,31 October 2023
586165,BBB,2013J,01 October 2023,31 October 2023
586346,BBB,2013J,01 October 2023,31 October 2023
586393,BBB,2013J,01 October 2023,31 October 2023
586407,BBB,2013J,01 October 2023,31 October 2023
586416,BBB,2013J,01 October 2023,31 October 2023
586440,BBB,2013J,01 October 2023,31 October 2023
586450,BBB,2013J,01 October 2023,31 October 2023
586490,BBB,2013J,01 October 2023,31 October 2023
586516,BBB,2013J,01 October 2023,31 October 2023
586535,BBB,2013J,01 October 2023,31 October 2023
586581,BBB,2013J,01 October 2023,31 October 2023
586720,BBB,2013J,01 October 2023,31 October 2023
586742,BBB,2013J,01 October 2023,31 October 2023
586836,BBB,2013J,01 October 2023,31 October 2023
586843,BBB,2013J,01 October 2023,31 October 2023
586854,BBB,2013J,01 October 2023,31 October 2023
586882,BBB,2013J,01 October 2023,31 October 2023
586890,BBB,2013J,01 October 2023,31 October 2023
586928,BBB,2013J,01 October 2023,31 October 2023
586975,BBB,2013J,01 October 2023,31 October 2023
586996,BBB,2013J,01 October 2023,31 October 2023
587051,BBB,2013J,01 October 2023,31 October 2023
587071,BBB,2013J,01 October 2023,31 October 2023
587120,BBB,2013J,01 October 2023,31 October 2023
587155,BBB,2013J,01 October 2023,31 October 2023
587192,BBB,2013J,01 October 2023,31 October 2023
587194,BBB,2013J,01 October 2023,31 October 2023
587219,BBB,2013J,01 October 2023,31 October 2023
587223,BBB,2013J,01 October 2023,31 October 2023
587285,BBB,2013J,01 October 2023,31 October 2023
587297,BBB,2013J,01 October 2023,31 October 2023
587349,BBB,2013J,01 October 2023,31 October 2023
587409,BBB,2013J,01 October 2023,31 October 2023
587418,BBB,2013J,01 October 2023,31 October 2023
587423,BBB,2013J,01 October 2023,31 October 2023
587564,BBB,2013J,01 October 2023,31 October 2023
587623,BBB,2013J,01 October 2023,31 October 2023
587665,BBB,2013J,01 October 2023,31 October 2023
587702,BBB,2013J,01 October 2023,31 October 2023
587722,BBB,2013J,01 October 2023,31 October 2023
587732,BBB,2013J,01 October 2023,31 October 2023
587754,BBB,2013J,01 October 2023,31 October 2023
587755,BBB,2013J,01 October 2023,31 October 2023
587810,BBB,2013J,01 October 2023,31 October 2023
587824,BBB,2013J,01 October 2023,31 October 2023
587838,BBB,2013J,01 October 2023,31 October 2023
587851,BBB,2013J,01 October 2023,31 October 2023
587923,BBB,2013J,01 October 2023,31 October 2023
587961,BBB,2013J,01 October 2023,31 October 2023
587985,BBB,2013J,01 October 2023,31 October 2023
588117,BBB,2013J,01 October 2023,31 October 2023
588191,BBB,2013J,01 October 2023,31 October 2023
588194,BBB,2013J,01 October 2023,31 October 2023
588205,BBB,2013J,01 October 2023,31 October 2023
588252,BBB,2013J,01 October 2023,31 October 2023
588265,BBB,2013J,01 October 2023,31 October 2023
588321,BBB,2013J,01 October 2023,31 October 2023
588355,BBB,2013J,01 October 2023,31 October 2023
588432,BBB,2013J,01 October 2023,31 October 2023
588445,BBB,2013J,01 October 2023,31 October 2023
588504,BBB,2013J,01 October 2023,31 October 2023
588642,BBB,2013J,01 October 2023,31 October 2023
588685,BBB,2013J,01 October 2023,31 October 2023
588691,BBB,2013J,01 October 2023,31 October 2023
588713,BBB,2013J,01 October 2023,31 October 2023
588883,BBB,2013J,01 October 2023,31 October 2023
588910,BBB,2013J,01 October 2023,31 October 2023
588969,BBB,2013J,01 October 2023,31 October 2023
589067,BBB,2013J,01 October 2023,31 October 2023
589123,BBB,2013J,01 October 2023,31 October 2023
589154,BBB,2013J,01 October 2023,31 October 2023
589216,BBB,2013J,01 October 2023,31 October 2023
589234,BBB,2013J,01 October 2023,31 October 2023
589239,BBB,2013J,01 October 2023,31 October 2023
589296,BBB,2013J,01 October 2023,31 October 2023
589302,BBB,2013J,01 October 2023,31 October 2023
589411,BBB,2013J,01 October 2023,31 October 2023
589471,BBB,2013J,01 October 2023,31 October 2023
589508,BBB,2013J,01 October 2023,31 October 2023
589509,BBB,2013J,01 October 2023,31 October 2023
589580,BBB,2013J,01 October 2023,31 October 2023
589810,BBB,2013J,01 October 2023,31 October 2023
589903,BBB,2013J,01 October 2023,31 October 2023
589950,BBB,2013J,01 October 2023,31 October 2023
590107,BBB,2013J,01 October 2023,31 October 2023
590202,BBB,2013J,01 October 2023,31 October 2023
590231,BBB,2013J,01 October 2023,31 October 2023
590244,BBB,2013J,01 October 2023,31 October 2023
590305,BBB,2013J,01 October 2023,31 October 2023
590308,BBB,2013J,01 October 2023,31 October 2023
590310,BBB,2013J,01 October 2023,31 October 2023
590325,BBB,2013J,01 October 2023,31 October 2023
590360,BBB,2013J,01 October 2023,31 October 2023
590362,BBB,2013J,01 October 2023,31 October 2023
590365,BBB,2013J,01 October 2023,31 October 2023
590372,BBB,2013J,01 October 2023,31 October 2023
590478,BBB,2013J,01 October 2023,31 October 2023
590502,BBB,2013J,01 October 2023,31 October 2023
590625,BBB,2013J,01 October 2023,31 October 2023
590667,BBB,2013J,01 October 2023,31 October 2023
590668,BBB,2013J,01 October 2023,31 October 2023
590713,BBB,2013J,01 October 2023,31 October 2023
590812,BBB,2013J,01 October 2023,31 October 2023
590867,BBB,2013J,01 October 2023,31 October 2023
590923,BBB,2013J,01 October 2023,31 October 2023
590931,BBB,2013J,01 October 2023,31 October 2023
590994,BBB,2013J,01 October 2023,31 October 2023
591030,BBB,2013J,01 October 2023,31 October 2023
591034,BBB,2013J,01 October 2023,31 October 2023
591223,BBB,2013J,01 October 2023,31 October 2023
591257,BBB,2013J,01 October 2023,31 October 2023
591273,BBB,2013J,01 October 2023,31 October 2023
591299,BBB,2013J,01 October 2023,31 October 2023
591410,BBB,2013J,01 October 2023,31 October 2023
591414,BBB,2013J,01 October 2023,31 October 2023
591420,BBB,2013J,01 October 2023,31 October 2023
591440,BBB,2013J,01 October 2023,31 October 2023
591461,BBB,2013J,01 October 2023,31 October 2023
591501,BBB,2013J,01 October 2023,31 October 2023
591518,BBB,2013J,01 October 2023,31 October 2023
591558,BBB,2013J,01 October 2023,31 October 2023
591574,BBB,2013J,01 October 2023,31 October 2023
591589,BBB,2013J,01 October 2023,31 October 2023
591591,BBB,2013J,01 October 2023,31 October 2023
591608,BBB,2013J,01 October 2023,31 October 2023
591721,BBB,2013J,01 October 2023,31 October 2023
591785,BBB,2013J,01 October 2023,31 October 2023
591787,BBB,2013J,01 October 2023,31 October 2023
591820,BBB,2013J,01 October 2023,31 October 2023
591895,BBB,2013J,01 October 2023,31 October 2023
591912,BBB,2013J,01 October 2023,31 October 2023
591937,BBB,2013J,01 October 2023,31 October 2023
591978,BBB,2013J,01 October 2023,31 October 2023
591986,BBB,2013J,01 October 2023,31 October 2023
592081,BBB,2013J,01 October 2023,31 October 2023
592147,BBB,2013J,01 October 2023,31 October 2023
592205,BBB,2013J,01 October 2023,31 October 2023
592256,BBB,2013J,01 October 2023,31 October 2023
592290,BBB,2013J,01 October 2023,31 October 2023
592317,BBB,2013J,01 October 2023,31 October 2023
592322,BBB,2013J,01 October 2023,31 October 2023
592406,BBB,2013J,01 October 2023,31 October 2023
592441,BBB,2013J,01 October 2023,31 October 2023
592471,BBB,2013J,01 October 2023,31 October 2023
592480,BBB,2013J,01 October 2023,31 October 2023
592496,BBB,2013J,01 October 2023,31 October 2023
592618,BBB,2013J,01 October 2023,31 October 2023
592624,BBB,2013J,01 October 2023,31 October 2023
592669,BBB,2013J,01 October 2023,31 October 2023
592683,BBB,2013J,01 October 2023,31 October 2023
592756,BBB,2013J,01 October 2023,31 October 2023
592772,BBB,2013J,01 October 2023,31 October 2023
592815,BBB,2013J,01 October 2023,31 October 2023
592854,BBB,2013J,01 October 2023,31 October 2023
592889,BBB,2013J,01 October 2023,31 October 2023
592900,BBB,2013J,01 October 2023,31 October 2023
592949,BBB,2013J,01 October 2023,31 October 2023
592972,BBB,2013J,01 October 2023,31 October 2023
593023,BBB,2013J,01 October 2023,31 October 2023
593081,BBB,2013J,01 October 2023,31 October 2023
593189,BBB,2013J,01 October 2023,31 October 2023
593266,BBB,2013J,01 October 2023,31 October 2023
593281,BBB,2013J,01 October 2023,31 October 2023
593299,BBB,2013J,01 October 2023,31 October 2023
593385,BBB,2013J,01 October 2023,31 October 2023
593421,BBB,2013J,01 October 2023,31 October 2023
593427,BBB,2013J,01 October 2023,31 October 2023
593440,BBB,2013J,01 October 2023,31 October 2023
593441,BBB,2013J,01 October 2023,31 October 2023
593443,BBB,2013J,01 October 2023,31 October 2023
593444,BBB,2013J,01 October 2023,31 October 2023
593510,BBB,2013J,01 October 2023,31 October 2023
593513,BBB,2013J,01 October 2023,31 October 2023
593514,BBB,2013J,01 October 2023,31 October 2023
593571,BBB,2013J,01 October 2023,31 October 2023
593593,BBB,2013J,01 October 2023,31 October 2023
593613,BBB,2013J,01 October 2023,31 October 2023
593631,BBB,2013J,01 October 2023,31 October 2023
593685,BBB,2013J,01 October 2023,31 October 2023
593692,BBB,2013J,01 October 2023,31 October 2023
593694,BBB,2013J,01 October 2023,31 October 2023
593695,BBB,2013J,01 October 2023,31 October 2023
593706,BBB,2013J,01 October 2023,31 October 2023
593707,BBB,2013J,01 October 2023,31 October 2023
593709,BBB,2013J,01 October 2023,31 October 2023
593711,BBB,2013J,01 October 2023,31 October 2023
593712,BBB,2013J,01 October 2023,31 October 2023
593715,BBB,2013J,01 October 2023,31 October 2023
593727,BBB,2013J,01 October 2023,31 October 2023
593743,BBB,2013J,01 October 2023,31 October 2023
593798,BBB,2013J,01 October 2023,31 October 2023
593871,BBB,2013J,01 October 2023,31 October 2023
593875,BBB,2013J,01 October 2023,31 October 2023
593898,BBB,2013J,01 October 2023,31 October 2023
593900,BBB,2013J,01 October 2023,31 October 2023
593930,BBB,2013J,01 October 2023,31 October 2023
594015,BBB,2013J,01 October 2023,31 October 2023
594038,BBB,2013J,01 October 2023,31 October 2023
594043,BBB,2013J,01 October 2023,31 October 2023
594056,BBB,2013J,01 October 2023,31 October 2023
594057,BBB,2013J,01 October 2023,31 October 2023
594208,BBB,2013J,01 October 2023,31 October 2023
594253,BBB,2013J,01 October 2023,31 October 2023
594456,BBB,2013J,01 October 2023,31 October 2023
594468,BBB,2013J,01 October 2023,31 October 2023
594497,BBB,2013J,01 October 2023,31 October 2023
594529,BBB,2013J,01 October 2023,31 October 2023
594607,BBB,2013J,01 October 2023,31 October 2023
594677,BBB,2013J,01 October 2023,31 October 2023
594693,BBB,2013J,01 October 2023,31 October 2023
594697,BBB,2013J,01 October 2023,31 October 2023
594762,BBB,2013J,01 October 2023,31 October 2023
594774,BBB,2013J,01 October 2023,31 October 2023
594776,BBB,2013J,01 October 2023,31 October 2023
594812,BBB,2013J,01 October 2023,31 October 2023
594845,BBB,2013J,01 October 2023,31 October 2023
594928,BBB,2013J,01 October 2023,31 October 2023
595010,BBB,2013J,01 October 2023,31 October 2023
595047,BBB,2013J,01 October 2023,31 October 2023
595094,BBB,2013J,01 October 2023,31 October 2023
595095,BBB,2013J,01 October 2023,31 October 2023
595103,BBB,2013J,01 October 2023,31 October 2023
595138,BBB,2013J,01 October 2023,31 October 2023
595232,BBB,2013J,01 October 2023,31 October 2023
595234,BBB,2013J,01 October 2023,31 October 2023
595241,BBB,2013J,01 October 2023,31 October 2023
595287,BBB,2013J,01 October 2023,31 October 2023
595295,BBB,2013J,01 October 2023,31 October 2023
595298,BBB,2013J,01 October 2023,31 October 2023
595345,BBB,2013J,01 October 2023,31 October 2023
595388,BBB,2013J,01 October 2023,31 October 2023
595420,BBB,2013J,01 October 2023,31 October 2023
595436,BBB,2013J,01 October 2023,31 October 2023
595499,BBB,2013J,01 October 2023,31 October 2023
595509,BBB,2013J,01 October 2023,31 October 2023
595570,BBB,2013J,01 October 2023,31 October 2023
595594,BBB,2013J,01 October 2023,31 October 2023
595672,BBB,2013J,01 October 2023,31 October 2023
595678,BBB,2013J,01 October 2023,31 October 2023
595711,BBB,2013J,01 October 2023,31 October 2023
595791,BBB,2013J,01 October 2023,31 October 2023
595816,BBB,2013J,01 October 2023,31 October 2023
595818,BBB,2013J,01 October 2023,31 October 2023
595854,BBB,2013J,01 October 2023,31 October 2023
595874,BBB,2013J,01 October 2023,31 October 2023
595877,BBB,2013J,01 October 2023,31 October 2023
595925,BBB,2013J,01 October 2023,31 October 2023
595959,BBB,2013J,01 October 2023,31 October 2023
596016,BBB,2013J,01 October 2023,31 October 2023
596017,BBB,2013J,01 October 2023,31 October 2023
596041,BBB,2013J,01 October 2023,31 October 2023
596095,BBB,2013J,01 October 2023,31 October 2023
596100,BBB,2013J,01 October 2023,31 October 2023
596103,BBB,2013J,01 October 2023,31 October 2023
596107,BBB,2013J,01 October 2023,31 October 2023
596108,BBB,2013J,01 October 2023,31 October 2023
596112,BBB,2013J,01 October 2023,31 October 2023
596114,BBB,2013J,01 October 2023,31 October 2023
596144,BBB,2013J,01 October 2023,31 October 2023
596241,BBB,2013J,01 October 2023,31 October 2023
596242,BBB,2013J,01 October 2023,31 October 2023
596275,BBB,2013J,01 October 2023,31 October 2023
596305,BBB,2013J,01 October 2023,31 October 2023
596360,BBB,2013J,01 October 2023,31 October 2023
596372,BBB,2013J,01 October 2023,31 October 2023
596390,BBB,2013J,01 October 2023,31 October 2023
596417,BBB,2013J,01 October 2023,31 October 2023
596451,BBB,2013J,01 October 2023,31 October 2023
596535,BBB,2013J,01 October 2023,31 October 2023
596583,BBB,2013J,01 October 2023,31 October 2023
596596,BBB,2013J,01 October 2023,31 October 2023
596641,BBB,2013J,01 October 2023,31 October 2023
596677,BBB,2013J,01 October 2023,31 October 2023
596814,BBB,2013J,01 October 2023,31 October 2023
596820,BBB,2013J,01 October 2023,31 October 2023
596847,BBB,2013J,01 October 2023,31 October 2023
596849,BBB,2013J,01 October 2023,31 October 2023
596892,BBB,2013J,01 October 2023,31 October 2023
596897,BBB,2013J,01 October 2023,31 October 2023
596961,BBB,2013J,01 October 2023,31 October 2023
596964,BBB,2013J,01 October 2023,31 October 2023
596988,BBB,2013J,01 October 2023,31 October 2023
597033,BBB,2013J,01 October 2023,31 October 2023
597050,BBB,2013J,01 October 2023,31 October 2023
597078,BBB,2013J,01 October 2023,31 October 2023
597102,BBB,2013J,01 October 2023,31 October 2023
597109,BBB,2013J,01 October 2023,31 October 2023
597142,BBB,2013J,01 October 2023,31 October 2023
597255,BBB,2013J,01 October 2023,31 October 2023
597286,BBB,2013J,01 October 2023,31 October 2023
597301,BBB,2013J,01 October 2023,31 October 2023
597321,BBB,2013J,01 October 2023,31 October 2023
597451,BBB,2013J,01 October 2023,31 October 2023
597532,BBB,2013J,01 October 2023,31 October 2023
597582,BBB,2013J,01 October 2023,31 October 2023
597689,BBB,2013J,01 October 2023,31 October 2023
597742,BBB,2013J,01 October 2023,31 October 2023
597790,BBB,2013J,01 October 2023,31 October 2023
597866,BBB,2013J,01 October 2023,31 October 2023
597878,BBB,2013J,01 October 2023,31 October 2023
597886,BBB,2013J,01 October 2023,31 October 2023
597894,BBB,2013J,01 October 2023,31 October 2023
598000,BBB,2013J,01 October 2023,31 October 2023
598199,BBB,2013J,01 October 2023,31 October 2023
598202,BBB,2013J,01 October 2023,31 October 2023
598230,BBB,2013J,01 October 2023,31 October 2023
598243,BBB,2013J,01 October 2023,31 October 2023
598252,BBB,2013J,01 October 2023,31 October 2023
598253,BBB,2013J,01 October 2023,31 October 2023
598260,BBB,2013J,01 October 2023,31 October 2023
598315,BBB,2013J,01 October 2023,31 October 2023
598351,BBB,2013J,01 October 2023,31 October 2023
598394,BBB,2013J,01 October 2023,31 October 2023
598462,BBB,2013J,01 October 2023,31 October 2023
598503,BBB,2013J,01 October 2023,31 October 2023
598538,BBB,2013J,01 October 2023,31 October 2023
598562,BBB,2013J,01 October 2023,31 October 2023
598596,BBB,2013J,01 October 2023,31 October 2023
598623,BBB,2013J,01 October 2023,31 October 2023
598709,BBB,2013J,01 October 2023,31 October 2023
598760,BBB,2013J,01 October 2023,31 October 2023
598865,BBB,2013J,01 October 2023,31 October 2023
598883,BBB,2013J,01 October 2023,31 October 2023
598901,BBB,2013J,01 October 2023,31 October 2023
598907,BBB,2013J,01 October 2023,31 October 2023
598914,BBB,2013J,01 October 2023,31 October 2023
598969,BBB,2013J,01 October 2023,31 October 2023
598986,BBB,2013J,01 October 2023,31 October 2023
599016,BBB,2013J,01 October 2023,31 October 2023
599037,BBB,2013J,01 October 2023,31 October 2023
599161,BBB,2013J,01 October 2023,31 October 2023
599230,BBB,2013J,01 October 2023,31 October 2023
599292,BBB,2013J,01 October 2023,31 October 2023
599402,BBB,2013J,01 October 2023,31 October 2023
599423,BBB,2013J,01 October 2023,31 October 2023
599427,BBB,2013J,01 October 2023,31 October 2023
599432,BBB,2013J,01 October 2023,31 October 2023
599434,BBB,2013J,01 October 2023,31 October 2023
599456,BBB,2013J,01 October 2023,31 October 2023
599475,BBB,2013J,01 October 2023,31 October 2023
599606,BBB,2013J,01 October 2023,31 October 2023
599639,BBB,2013J,01 October 2023,31 October 2023
599640,BBB,2013J,01 October 2023,31 October 2023
599644,BBB,2013J,01 October 2023,31 October 2023
599709,BBB,2013J,01 October 2023,31 October 2023
599739,BBB,2013J,01 October 2023,31 October 2023
599748,BBB,2013J,01 October 2023,31 October 2023
599785,BBB,2013J,01 October 2023,31 October 2023
599787,BBB,2013J,01 October 2023,31 October 2023
599794,BBB,2013J,01 October 2023,31 October 2023
599802,BBB,2013J,01 October 2023,31 October 2023
599836,BBB,2013J,01 October 2023,31 October 2023
599840,BBB,2013J,01 October 2023,31 October 2023
599895,BBB,2013J,01 October 2023,31 October 2023
599908,BBB,2013J,01 October 2023,31 October 2023
599960,BBB,2013J,01 October 2023,31 October 2023
600006,BBB,2013J,01 October 2023,31 October 2023
600121,BBB,2013J,01 October 2023,31 October 2023
600211,BBB,2013J,01 October 2023,31 October 2023
600218,BBB,2013J,01 October 2023,31 October 2023
600254,BBB,2013J,01 October 2023,31 October 2023
600263,BBB,2013J,01 October 2023,31 October 2023
600279,BBB,2013J,01 October 2023,31 October 2023
600370,BBB,2013J,01 October 2023,31 October 2023
600407,BBB,2013J,01 October 2023,31 October 2023
600428,BBB,2013J,01 October 2023,31 October 2023
600449,BBB,2013J,01 October 2023,31 October 2023
600470,BBB,2013J,01 October 2023,31 October 2023
600476,BBB,2013J,01 October 2023,31 October 2023
600490,BBB,2013J,01 October 2023,31 October 2023
600541,BBB,2013J,01 October 2023,31 October 2023
600579,BBB,2013J,01 October 2023,31 October 2023
600681,BBB,2013J,01 October 2023,31 October 2023
600684,BBB,2013J,01 October 2023,31 October 2023
600740,BBB,2013J,01 October 2023,31 October 2023
600749,BBB,2013J,01 October 2023,31 October 2023
600770,BBB,2013J,01 October 2023,31 October 2023
600771,BBB,2013J,01 October 2023,31 October 2023
600833,BBB,2013J,01 October 2023,31 October 2023
600844,BBB,2013J,01 October 2023,31 October 2023
600845,BBB,2013J,01 October 2023,31 October 2023
600856,BBB,2013J,01 October 2023,31 October 2023
600966,BBB,2013J,01 October 2023,31 October 2023
600967,BBB,2013J,01 October 2023,31 October 2023
600999,BBB,2013J,01 October 2023,31 October 2023
601243,BBB,2013J,01 October 2023,31 October 2023
601251,BBB,2013J,01 October 2023,31 October 2023
601269,BBB,2013J,01 October 2023,31 October 2023
601346,BBB,2013J,01 October 2023,31 October 2023
601424,BBB,2013J,01 October 2023,31 October 2023
601455,BBB,2013J,01 October 2023,31 October 2023
601472,BBB,2013J,01 October 2023,31 October 2023
601491,BBB,2013J,01 October 2023,31 October 2023
601497,BBB,2013J,01 October 2023,31 October 2023
601499,BBB,2013J,01 October 2023,31 October 2023
601504,BBB,2013J,01 October 2023,31 October 2023
601505,BBB,2013J,01 October 2023,31 October 2023
601551,BBB,2013J,01 October 2023,31 October 2023
601558,BBB,2013J,01 October 2023,31 October 2023
601635,BBB,2013J,01 October 2023,31 October 2023
601655,BBB,2013J,01 October 2023,31 October 2023
601706,BBB,2013J,01 October 2023,31 October 2023
601885,BBB,2013J,01 October 2023,31 October 2023
601887,BBB,2013J,01 October 2023,31 October 2023
601896,BBB,2013J,01 October 2023,31 October 2023
601934,BBB,2013J,01 October 2023,31 October 2023
601951,BBB,2013J,01 October 2023,31 October 2023
602009,BBB,2013J,01 October 2023,31 October 2023
602011,BBB,2013J,01 October 2023,31 October 2023
602014,BBB,2013J,01 October 2023,31 October 2023
602032,BBB,2013J,01 October 2023,31 October 2023
602066,BBB,2013J,01 October 2023,31 October 2023
602147,BBB,2013J,01 October 2023,31 October 2023
602245,BBB,2013J,01 October 2023,31 October 2023
602324,BBB,2013J,01 October 2023,31 October 2023
602395,BBB,2013J,01 October 2023,31 October 2023
602458,BBB,2013J,01 October 2023,31 October 2023
602483,BBB,2013J,01 October 2023,31 October 2023
602496,BBB,2013J,01 October 2023,31 October 2023
602598,BBB,2013J,01 October 2023,31 October 2023
602631,BBB,2013J,01 October 2023,31 October 2023
602634,BBB,2013J,01 October 2023,31 October 2023
602652,BBB,2013J,01 October 2023,31 October 2023
602666,BBB,2013J,01 October 2023,31 October 2023
602739,BBB,2013J,01 October 2023,31 October 2023
602767,BBB,2013J,01 October 2023,31 October 2023
602803,BBB,2013J,01 October 2023,31 October 2023
602826,BBB,2013J,01 October 2023,31 October 2023
602863,BBB,2013J,01 October 2023,31 October 2023
602971,BBB,2013J,01 October 2023,31 October 2023
603012,BBB,2013J,01 October 2023,31 October 2023
603035,BBB,2013J,01 October 2023,31 October 2023
603036,BBB,2013J,01 October 2023,31 October 2023
603038,BBB,2013J,01 October 2023,31 October 2023
603052,BBB,2013J,01 October 2023,31 October 2023
603113,BBB,2013J,01 October 2023,31 October 2023
603123,BBB,2013J,01 October 2023,31 October 2023
603165,BBB,2013J,01 October 2023,31 October 2023
603210,BBB,2013J,01 October 2023,31 October 2023
603265,BBB,2013J,01 October 2023,31 October 2023
603270,BBB,2013J,01 October 2023,31 October 2023
603287,BBB,2013J,01 October 2023,31 October 2023
603296,BBB,2013J,01 October 2023,31 October 2023
603398,BBB,2013J,01 October 2023,31 October 2023
603440,BBB,2013J,01 October 2023,31 October 2023
603446,BBB,2013J,01 October 2023,31 October 2023
603471,BBB,2013J,01 October 2023,31 October 2023
603516,BBB,2013J,01 October 2023,31 October 2023
603601,BBB,2013J,01 October 2023,31 October 2023
603627,BBB,2013J,01 October 2023,31 October 2023
603661,BBB,2013J,01 October 2023,31 October 2023
603789,BBB,2013J,01 October 2023,31 October 2023
603818,BBB,2013J,01 October 2023,31 October 2023
603908,BBB,2013J,01 October 2023,31 October 2023
603910,BBB,2013J,01 October 2023,31 October 2023
603912,BBB,2013J,01 October 2023,31 October 2023
604079,BBB,2013J,01 October 2023,31 October 2023
604095,BBB,2013J,01 October 2023,31 October 2023
604116,BBB,2013J,01 October 2023,31 October 2023
604118,BBB,2013J,01 October 2023,31 October 2023
604147,BBB,2013J,01 October 2023,31 October 2023
604151,BBB,2013J,01 October 2023,31 October 2023
604154,BBB,2013J,01 October 2023,31 October 2023
604161,BBB,2013J,01 October 2023,31 October 2023
604187,BBB,2013J,01 October 2023,31 October 2023
604196,BBB,2013J,01 October 2023,31 October 2023
604200,BBB,2013J,01 October 2023,31 October 2023
604204,BBB,2013J,01 October 2023,31 October 2023
604238,BBB,2013J,01 October 2023,31 October 2023
604292,BBB,2013J,01 October 2023,31 October 2023
604298,BBB,2013J,01 October 2023,31 October 2023
604315,BBB,2013J,01 October 2023,31 October 2023
604356,BBB,2013J,01 October 2023,31 October 2023
604523,BBB,2013J,01 October 2023,31 October 2023
604543,BBB,2013J,01 October 2023,31 October 2023
604556,BBB,2013J,01 October 2023,31 October 2023
604610,BBB,2013J,01 October 2023,31 October 2023
604731,BBB,2013J,01 October 2023,31 October 2023
604752,BBB,2013J,01 October 2023,31 October 2023
604916,BBB,2013J,01 October 2023,31 October 2023
604917,BBB,2013J,01 October 2023,31 October 2023
604919,BBB,2013J,01 October 2023,31 October 2023
604921,BBB,2013J,01 October 2023,31 October 2023
604923,BBB,2013J,01 October 2023,31 October 2023
604932,BBB,2013J,01 October 2023,31 October 2023
604939,BBB,2013J,01 October 2023,31 October 2023
604942,BBB,2013J,01 October 2023,31 October 2023
604951,BBB,2013J,01 October 2023,31 October 2023
604962,BBB,2013J,01 October 2023,31 October 2023
604966,BBB,2013J,01 October 2023,31 October 2023
604982,BBB,2013J,01 October 2023,31 October 2023
605009,BBB,2013J,01 October 2023,31 October 2023
605102,BBB,2013J,01 October 2023,31 October 2023
605207,BBB,2013J,01 October 2023,31 October 2023
605246,BBB,2013J,01 October 2023,31 October 2023
605255,BBB,2013J,01 October 2023,31 October 2023
605292,BBB,2013J,01 October 2023,31 October 2023
605309,BBB,2013J,01 October 2023,31 October 2023
605327,BBB,2013J,01 October 2023,31 October 2023
605390,BBB,2013J,01 October 2023,31 October 2023
605438,BBB,2013J,01 October 2023,31 October 2023
605494,BBB,2013J,01 October 2023,31 October 2023
605505,BBB,2013J,01 October 2023,31 October 2023
605594,BBB,2013J,01 October 2023,31 October 2023
605595,BBB,2013J,01 October 2023,31 October 2023
605679,BBB,2013J,01 October 2023,31 October 2023
605691,BBB,2013J,01 October 2023,31 October 2023
605832,BBB,2013J,01 October 2023,31 October 2023
605854,BBB,2013J,01 October 2023,31 October 2023
605882,BBB,2013J,01 October 2023,31 October 2023
605914,BBB,2013J,01 October 2023,31 October 2023
605916,BBB,2013J,01 October 2023,31 October 2023
605930,BBB,2013J,01 October 2023,31 October 2023
606063,BBB,2013J,01 October 2023,31 October 2023
606097,BBB,2013J,01 October 2023,31 October 2023
606179,BBB,2013J,01 October 2023,31 October 2023
606194,BBB,2013J,01 October 2023,31 October 2023
606229,BBB,2013J,01 October 2023,31 October 2023
606333,BBB,2013J,01 October 2023,31 October 2023
606355,BBB,2013J,01 October 2023,31 October 2023
606377,BBB,2013J,01 October 2023,31 October 2023
606388,BBB,2013J,01 October 2023,31 October 2023
606410,BBB,2013J,01 October 2023,31 October 2023
606412,BBB,2013J,01 October 2023,31 October 2023
606414,BBB,2013J,01 October 2023,31 October 2023
606420,BBB,2013J,01 October 2023,31 October 2023
606422,BBB,2013J,01 October 2023,31 October 2023
606426,BBB,2013J,01 October 2023,31 October 2023
606450,BBB,2013J,01 October 2023,31 October 2023
606458,BBB,2013J,01 October 2023,31 October 2023
606465,BBB,2013J,01 October 2023,31 October 2023
606477,BBB,2013J,01 October 2023,31 October 2023
606546,BBB,2013J,01 October 2023,31 October 2023
606562,BBB,2013J,01 October 2023,31 October 2023
606572,BBB,2013J,01 October 2023,31 October 2023
606607,BBB,2013J,01 October 2023,31 October 2023
606627,BBB,2013J,01 October 2023,31 October 2023
606651,BBB,2013J,01 October 2023,31 October 2023
606685,BBB,2013J,01 October 2023,31 October 2023
606697,BBB,2013J,01 October 2023,31 October 2023
606736,BBB,2013J,01 October 2023,31 October 2023
606762,BBB,2013J,01 October 2023,31 October 2023
606797,BBB,2013J,01 October 2023,31 October 2023
606827,BBB,2013J,01 October 2023,31 October 2023
606972,BBB,2013J,01 October 2023,31 October 2023
607062,BBB,2013J,01 October 2023,31 October 2023
607080,BBB,2013J,01 October 2023,31 October 2023
607097,BBB,2013J,01 October 2023,31 October 2023
607286,BBB,2013J,01 October 2023,31 October 2023
607300,BBB,2013J,01 October 2023,31 October 2023
607309,BBB,2013J,01 October 2023,31 October 2023
607382,BBB,2013J,01 October 2023,31 October 2023
607398,BBB,2013J,01 October 2023,31 October 2023
607493,BBB,2013J,01 October 2023,31 October 2023
607517,BBB,2013J,01 October 2023,31 October 2023
607607,BBB,2013J,01 October 2023,31 October 2023
607642,BBB,2013J,01 October 2023,31 October 2023
607699,BBB,2013J,01 October 2023,31 October 2023
607725,BBB,2013J,01 October 2023,31 October 2023
607735,BBB,2013J,01 October 2023,31 October 2023
607778,BBB,2013J,01 October 2023,31 October 2023
607804,BBB,2013J,01 October 2023,31 October 2023
607808,BBB,2013J,01 October 2023,31 October 2023
607848,BBB,2013J,01 October 2023,31 October 2023
607861,BBB,2013J,01 October 2023,31 October 2023
607887,BBB,2013J,01 October 2023,31 October 2023
607888,BBB,2013J,01 October 2023,31 October 2023
607889,BBB,2013J,01 October 2023,31 October 2023
607892,BBB,2013J,01 October 2023,31 October 2023
607909,BBB,2013J,01 October 2023,31 October 2023
607914,BBB,2013J,01 October 2023,31 October 2023
607937,BBB,2013J,01 October 2023,31 October 2023
608000,BBB,2013J,01 October 2023,31 October 2023
608026,BBB,2013J,01 October 2023,31 October 2023
608038,BBB,2013J,01 October 2023,31 October 2023
608041,BBB,2013J,01 October 2023,31 October 2023
608047,BBB,2013J,01 October 2023,31 October 2023
608060,BBB,2013J,01 October 2023,31 October 2023
608197,BBB,2013J,01 October 2023,31 October 2023
608264,BBB,2013J,01 October 2023,31 October 2023
608419,BBB,2013J,01 October 2023,31 October 2023
608497,BBB,2013J,01 October 2023,31 October 2023
608564,BBB,2013J,01 October 2023,31 October 2023
608578,BBB,2013J,01 October 2023,31 October 2023
608623,BBB,2013J,01 October 2023,31 October 2023
608647,BBB,2013J,01 October 2023,31 October 2023
608719,BBB,2013J,01 October 2023,31 October 2023
608738,BBB,2013J,01 October 2023,31 October 2023
608766,BBB,2013J,01 October 2023,31 October 2023
608939,BBB,2013J,01 October 2023,31 October 2023
608942,BBB,2013J,01 October 2023,31 October 2023
609010,BBB,2013J,01 October 2023,31 October 2023
609046,BBB,2013J,01 October 2023,31 October 2023
609047,BBB,2013J,01 October 2023,31 October 2023
609107,BBB,2013J,01 October 2023,31 October 2023
609190,BBB,2013J,01 October 2023,31 October 2023
609193,BBB,2013J,01 October 2023,31 October 2023
609230,BBB,2013J,01 October 2023,31 October 2023
609307,BBB,2013J,01 October 2023,31 October 2023
609388,BBB,2013J,01 October 2023,31 October 2023
609422,BBB,2013J,01 October 2023,31 October 2023
609510,BBB,2013J,01 October 2023,31 October 2023
609679,BBB,2013J,01 October 2023,31 October 2023
609704,BBB,2013J,01 October 2023,31 October 2023
609764,BBB,2013J,01 October 2023,31 October 2023
609804,BBB,2013J,01 October 2023,31 October 2023
609811,BBB,2013J,01 October 2023,31 October 2023
609812,BBB,2013J,01 October 2023,31 October 2023
609815,BBB,2013J,01 October 2023,31 October 2023
609817,BBB,2013J,01 October 2023,31 October 2023
609850,BBB,2013J,01 October 2023,31 October 2023
609860,BBB,2013J,01 October 2023,31 October 2023
609864,BBB,2013J,01 October 2023,31 October 2023
609871,BBB,2013J,01 October 2023,31 October 2023
609873,BBB,2013J,01 October 2023,31 October 2023
609887,BBB,2013J,01 October 2023,31 October 2023
610032,BBB,2013J,01 October 2023,31 October 2023
610059,BBB,2013J,01 October 2023,31 October 2023
610118,BBB,2013J,01 October 2023,31 October 2023
610260,BBB,2013J,01 October 2023,31 October 2023
610362,BBB,2013J,01 October 2023,31 October 2023
610392,BBB,2013J,01 October 2023,31 October 2023
610423,BBB,2013J,01 October 2023,31 October 2023
610428,BBB,2013J,01 October 2023,31 October 2023
610449,BBB,2013J,01 October 2023,31 October 2023
610553,BBB,2013J,01 October 2023,31 October 2023
610700,BBB,2013J,01 October 2023,31 October 2023
610725,BBB,2013J,01 October 2023,31 October 2023
610731,BBB,2013J,01 October 2023,31 October 2023
610740,BBB,2013J,01 October 2023,31 October 2023
610744,BBB,2013J,01 October 2023,31 October 2023
610745,BBB,2013J,01 October 2023,31 October 2023
610748,BBB,2013J,01 October 2023,31 October 2023
610750,BBB,2013J,01 October 2023,31 October 2023
610751,BBB,2013J,01 October 2023,31 October 2023
610763,BBB,2013J,01 October 2023,31 October 2023
610770,BBB,2013J,01 October 2023,31 October 2023
610772,BBB,2013J,01 October 2023,31 October 2023
610776,BBB,2013J,01 October 2023,31 October 2023
610780,BBB,2013J,01 October 2023,31 October 2023
610783,BBB,2013J,01 October 2023,31 October 2023
610802,BBB,2013J,01 October 2023,31 October 2023
610804,BBB,2013J,01 October 2023,31 October 2023
610906,BBB,2013J,01 October 2023,31 October 2023
611004,BBB,2013J,01 October 2023,31 October 2023
611012,BBB,2013J,01 October 2023,31 October 2023
611017,BBB,2013J,01 October 2023,31 October 2023
611023,BBB,2013J,01 October 2023,31 October 2023
611046,BBB,2013J,01 October 2023,31 October 2023
611048,BBB,2013J,01 October 2023,31 October 2023
611051,BBB,2013J,01 October 2023,31 October 2023
611060,BBB,2013J,01 October 2023,31 October 2023
611096,BBB,2013J,01 October 2023,31 October 2023
611182,BBB,2013J,01 October 2023,31 October 2023
611228,BBB,2013J,01 October 2023,31 October 2023
611268,BBB,2013J,01 October 2023,31 October 2023
611315,BBB,2013J,01 October 2023,31 October 2023
611345,BBB,2013J,01 October 2023,31 October 2023
611383,BBB,2013J,01 October 2023,31 October 2023
611531,BBB,2013J,01 October 2023,31 October 2023
611688,BBB,2013J,01 October 2023,31 October 2023
611690,BBB,2013J,01 October 2023,31 October 2023
612050,BBB,2013J,01 October 2023,31 October 2023
612210,BBB,2013J,01 October 2023,31 October 2023
612217,BBB,2013J,01 October 2023,31 October 2023
612252,BBB,2013J,01 October 2023,31 October 2023
612255,BBB,2013J,01 October 2023,31 October 2023
612355,BBB,2013J,01 October 2023,31 October 2023
612361,BBB,2013J,01 October 2023,31 October 2023
612484,BBB,2013J,01 October 2023,31 October 2023
612488,BBB,2013J,01 October 2023,31 October 2023
612517,BBB,2013J,01 October 2023,31 October 2023
612656,BBB,2013J,01 October 2023,31 October 2023
612658,BBB,2013J,01 October 2023,31 October 2023
612661,BBB,2013J,01 October 2023,31 October 2023
612684,BBB,2013J,01 October 2023,31 October 2023
612757,BBB,2013J,01 October 2023,31 October 2023
612891,BBB,2013J,01 October 2023,31 October 2023
613051,BBB,2013J,01 October 2023,31 October 2023
613158,BBB,2013J,01 October 2023,31 October 2023
613159,BBB,2013J,01 October 2023,31 October 2023
613160,BBB,2013J,01 October 2023,31 October 2023
613162,BBB,2013J,01 October 2023,31 October 2023
613164,BBB,2013J,01 October 2023,31 October 2023
613171,BBB,2013J,01 October 2023,31 October 2023
613173,BBB,2013J,01 October 2023,31 October 2023
613175,BBB,2013J,01 October 2023,31 October 2023
613176,BBB,2013J,01 October 2023,31 October 2023
613177,BBB,2013J,01 October 2023,31 October 2023
613191,BBB,2013J,01 October 2023,31 October 2023
613196,BBB,2013J,01 October 2023,31 October 2023
613199,BBB,2013J,01 October 2023,31 October 2023
613200,BBB,2013J,01 October 2023,31 October 2023
613203,BBB,2013J,01 October 2023,31 October 2023
613208,BBB,2013J,01 October 2023,31 October 2023
613273,BBB,2013J,01 October 2023,31 October 2023
613293,BBB,2013J,01 October 2023,31 October 2023
613298,BBB,2013J,01 October 2023,31 October 2023
613416,BBB,2013J,01 October 2023,31 October 2023
613418,BBB,2013J,01 October 2023,31 October 2023
613735,BBB,2013J,01 October 2023,31 October 2023
613738,BBB,2013J,01 October 2023,31 October 2023
614013,BBB,2013J,01 October 2023,31 October 2023
614064,BBB,2013J,01 October 2023,31 October 2023
614068,BBB,2013J,01 October 2023,31 October 2023
614072,BBB,2013J,01 October 2023,31 October 2023
614148,BBB,2013J,01 October 2023,31 October 2023
614495,BBB,2013J,01 October 2023,31 October 2023
614546,BBB,2013J,01 October 2023,31 October 2023
614556,BBB,2013J,01 October 2023,31 October 2023
615127,BBB,2013J,01 October 2023,31 October 2023
615148,BBB,2013J,01 October 2023,31 October 2023
616342,BBB,2013J,01 October 2023,31 October 2023
616502,BBB,2013J,01 October 2023,31 October 2023
616735,BBB,2013J,01 October 2023,31 October 2023
617116,BBB,2013J,01 October 2023,31 October 2023
617472,BBB,2013J,01 October 2023,31 October 2023
619082,BBB,2013J,01 October 2023,31 October 2023
619941,BBB,2013J,01 October 2023,31 October 2023
1018682,BBB,2013J,01 October 2023,31 October 2023
1105438,BBB,2013J,01 October 2023,31 October 2023
1170618,BBB,2013J,01 October 2023,31 October 2023
1340766,BBB,2013J,01 October 2023,31 October 2023
1399285,BBB,2013J,01 October 2023,31 October 2023
1405594,BBB,2013J,01 October 2023,31 October 2023
1411627,BBB,2013J,01 October 2023,31 October 2023
1421720,BBB,2013J,01 October 2023,31 October 2023
1440341,BBB,2013J,01 October 2023,31 October 2023
1467014,BBB,2013J,01 October 2023,31 October 2023
1503056,BBB,2013J,01 October 2023,31 October 2023
1521687,BBB,2013J,01 October 2023,31 October 2023
1536774,BBB,2013J,01 October 2023,31 October 2023
1541133,BBB,2013J,01 October 2023,31 October 2023
1588208,BBB,2013J,01 October 2023,31 October 2023
1594621,BBB,2013J,01 October 2023,31 October 2023
1624707,BBB,2013J,01 October 2023,31 October 2023
1627017,BBB,2013J,01 October 2023,31 October 2023
1695710,BBB,2013J,01 October 2023,31 October 2023
1726951,BBB,2013J,01 October 2023,31 October 2023
1731564,BBB,2013J,01 October 2023,31 October 2023
1759851,BBB,2013J,01 October 2023,31 October 2023
1778145,BBB,2013J,01 October 2023,31 October 2023
1781804,BBB,2013J,01 October 2023,31 October 2023
1797168,BBB,2013J,01 October 2023,31 October 2023
1866742,BBB,2013J,01 October 2023,31 October 2023
1886295,BBB,2013J,01 October 2023,31 October 2023
1889565,BBB,2013J,01 October 2023,31 October 2023
1903677,BBB,2013J,01 October 2023,31 October 2023
1910175,BBB,2013J,01 October 2023,31 October 2023
1934047,BBB,2013J,01 October 2023,31 October 2023
1935487,BBB,2013J,01 October 2023,31 October 2023
1939695,BBB,2013J,01 October 2023,31 October 2023
1941248,BBB,2013J,01 October 2023,31 October 2023
1946308,BBB,2013J,01 October 2023,31 October 2023
1963287,BBB,2013J,01 October 2023,31 October 2023
1988213,BBB,2013J,01 October 2023,31 October 2023
1990650,BBB,2013J,01 October 2023,31 October 2023
1998790,BBB,2013J,01 October 2023,31 October 2023
2001687,BBB,2013J,01 October 2023,31 October 2023
2002046,BBB,2013J,01 October 2023,31 October 2023
2006283,BBB,2013J,01 October 2023,31 October 2023
2009558,BBB,2013J,01 October 2023,31 October 2023
2022801,BBB,2013J,01 October 2023,31 October 2023
2023561,BBB,2013J,01 October 2023,31 October 2023
2029037,BBB,2013J,01 October 2023,31 October 2023
2034300,BBB,2013J,01 October 2023,31 October 2023
2044036,BBB,2013J,01 October 2023,31 October 2023
2056947,BBB,2013J,01 October 2023,31 October 2023
2061889,BBB,2013J,01 October 2023,31 October 2023
2062995,BBB,2013J,01 October 2023,31 October 2023
2072166,BBB,2013J,01 October 2023,31 October 2023
2075158,BBB,2013J,01 October 2023,31 October 2023
2075264,BBB,2013J,01 October 2023,31 October 2023
2078479,BBB,2013J,01 October 2023,31 October 2023
2078768,BBB,2013J,01 October 2023,31 October 2023
2082318,BBB,2013J,01 October 2023,31 October 2023
2083576,BBB,2013J,01 October 2023,31 October 2023
2095379,BBB,2013J,01 October 2023,31 October 2023
2111015,BBB,2013J,01 October 2023,31 October 2023
2111666,BBB,2013J,01 October 2023,31 October 2023
2115711,BBB,2013J,01 October 2023,31 October 2023
2128304,BBB,2013J,01 October 2023,31 October 2023
2132966,BBB,2013J,01 October 2023,31 October 2023
2140444,BBB,2013J,01 October 2023,31 October 2023
2147687,BBB,2013J,01 October 2023,31 October 2023
2147929,BBB,2013J,01 October 2023,31 October 2023
2153026,BBB,2013J,01 October 2023,31 October 2023
2160453,BBB,2013J,01 October 2023,31 October 2023
2164944,BBB,2013J,01 October 2023,31 October 2023
2174835,BBB,2013J,01 October 2023,31 October 2023
2187146,BBB,2013J,01 October 2023,31 October 2023
2192113,BBB,2013J,01 October 2023,31 October 2023
2196054,BBB,2013J,01 October 2023,31 October 2023
2210666,BBB,2013J,01 October 2023,31 October 2023
2210681,BBB,2013J,01 October 2023,31 October 2023
2211448,BBB,2013J,01 October 2023,31 October 2023
2211630,BBB,2013J,01 October 2023,31 October 2023
2214631,BBB,2013J,01 October 2023,31 October 2023
2225190,BBB,2013J,01 October 2023,31 October 2023
2226301,BBB,2013J,01 October 2023,31 October 2023
2227004,BBB,2013J,01 October 2023,31 October 2023
2229783,BBB,2013J,01 October 2023,31 October 2023
2239140,BBB,2013J,01 October 2023,31 October 2023
2242290,BBB,2013J,01 October 2023,31 October 2023
2262671,BBB,2013J,01 October 2023,31 October 2023
2266650,BBB,2013J,01 October 2023,31 October 2023
2271644,BBB,2013J,01 October 2023,31 October 2023
2271743,BBB,2013J,01 October 2023,31 October 2023
2272630,BBB,2013J,01 October 2023,31 October 2023
2273256,BBB,2013J,01 October 2023,31 October 2023
2276893,BBB,2013J,01 October 2023,31 October 2023
2280314,BBB,2013J,01 October 2023,31 October 2023
2282129,BBB,2013J,01 October 2023,31 October 2023
2284583,BBB,2013J,01 October 2023,31 October 2023
2291034,BBB,2013J,01 October 2023,31 October 2023
2294490,BBB,2013J,01 October 2023,31 October 2023
2296908,BBB,2013J,01 October 2023,31 October 2023
2299338,BBB,2013J,01 October 2023,31 October 2023
2313615,BBB,2013J,01 October 2023,31 October 2023
2318763,BBB,2013J,01 October 2023,31 October 2023
2320306,BBB,2013J,01 October 2023,31 October 2023
2334319,BBB,2013J,01 October 2023,31 October 2023
2338586,BBB,2013J,01 October 2023,31 October 2023
2346025,BBB,2013J,01 October 2023,31 October 2023
2349825,BBB,2013J,01 October 2023,31 October 2023
2356809,BBB,2013J,01 October 2023,31 October 2023
2363875,BBB,2013J,01 October 2023,31 October 2023
2382253,BBB,2013J,01 October 2023,31 October 2023
2383103,BBB,2013J,01 October 2023,31 October 2023
2390117,BBB,2013J,01 October 2023,31 October 2023
2392824,BBB,2013J,01 October 2023,31 October 2023
2396786,BBB,2013J,01 October 2023,31 October 2023
2400851,BBB,2013J,01 October 2023,31 October 2023
2411595,BBB,2013J,01 October 2023,31 October 2023
2415414,BBB,2013J,01 October 2023,31 October 2023
2416774,BBB,2013J,01 October 2023,31 October 2023
2420909,BBB,2013J,01 October 2023,31 October 2023
2421929,BBB,2013J,01 October 2023,31 October 2023
2425156,BBB,2013J,01 October 2023,31 October 2023
2444641,BBB,2013J,01 October 2023,31 October 2023
2451269,BBB,2013J,01 October 2023,31 October 2023
2452289,BBB,2013J,01 October 2023,31 October 2023
2453657,BBB,2013J,01 October 2023,31 October 2023
2455066,BBB,2013J,01 October 2023,31 October 2023
2455578,BBB,2013J,01 October 2023,31 October 2023
2459051,BBB,2013J,01 October 2023,31 October 2023
2460002,BBB,2013J,01 October 2023,31 October 2023
2463213,BBB,2013J,01 October 2023,31 October 2023
2463950,BBB,2013J,01 October 2023,31 October 2023
2464683,BBB,2013J,01 October 2023,31 October 2023
2465209,BBB,2013J,01 October 2023,31 October 2023
2468280,BBB,2013J,01 October 2023,31 October 2023
2468706,BBB,2013J,01 October 2023,31 October 2023
2473780,BBB,2013J,01 October 2023,31 October 2023
2476144,BBB,2013J,01 October 2023,31 October 2023
2481657,BBB,2013J,01 October 2023,31 October 2023
2487785,BBB,2013J,01 October 2023,31 October 2023
2488714,BBB,2013J,01 October 2023,31 October 2023
2496235,BBB,2013J,01 October 2023,31 October 2023
2509297,BBB,2013J,01 October 2023,31 October 2023
2510414,BBB,2013J,01 October 2023,31 October 2023
2513083,BBB,2013J,01 October 2023,31 October 2023
2514379,BBB,2013J,01 October 2023,31 October 2023
2518589,BBB,2013J,01 October 2023,31 October 2023
2522312,BBB,2013J,01 October 2023,31 October 2023
2529306,BBB,2013J,01 October 2023,31 October 2023
2532647,BBB,2013J,01 October 2023,31 October 2023
2539817,BBB,2013J,01 October 2023,31 October 2023
2539858,BBB,2013J,01 October 2023,31 October 2023
2540724,BBB,2013J,01 October 2023,31 October 2023
2544448,BBB,2013J,01 October 2023,31 October 2023
2545488,BBB,2013J,01 October 2023,31 October 2023
2550290,BBB,2013J,01 October 2023,31 October 2023
2553890,BBB,2013J,01 October 2023,31 October 2023
2557885,BBB,2013J,01 October 2023,31 October 2023
2564744,BBB,2013J,01 October 2023,31 October 2023
2567158,BBB,2013J,01 October 2023,31 October 2023
2573353,BBB,2013J,01 October 2023,31 October 2023
2573570,BBB,2013J,01 October 2023,31 October 2023
2575994,BBB,2013J,01 October 2023,31 October 2023
2578802,BBB,2013J,01 October 2023,31 October 2023
2579673,BBB,2013J,01 October 2023,31 October 2023
2579817,BBB,2013J,01 October 2023,31 October 2023
2583791,BBB,2013J,01 October 2023,31 October 2023
2584834,BBB,2013J,01 October 2023,31 October 2023
2585937,BBB,2013J,01 October 2023,31 October 2023
2587329,BBB,2013J,01 October 2023,31 October 2023
2587950,BBB,2013J,01 October 2023,31 October 2023
2588742,BBB,2013J,01 October 2023,31 October 2023
2607641,BBB,2013J,01 October 2023,31 October 2023
2617839,BBB,2013J,01 October 2023,31 October 2023
2619107,BBB,2013J,01 October 2023,31 October 2023
2620279,BBB,2013J,01 October 2023,31 October 2023
2620432,BBB,2013J,01 October 2023,31 October 2023
2625315,BBB,2013J,01 October 2023,31 October 2023
2625752,BBB,2013J,01 October 2023,31 October 2023
2631545,BBB,2013J,01 October 2023,31 October 2023
2632668,BBB,2013J,01 October 2023,31 October 2023
2638377,BBB,2013J,01 October 2023,31 October 2023
2638818,BBB,2013J,01 October 2023,31 October 2023
2642717,BBB,2013J,01 October 2023,31 October 2023
2648206,BBB,2013J,01 October 2023,31 October 2023
2650236,BBB,2013J,01 October 2023,31 October 2023
2656860,BBB,2013J,01 October 2023,31 October 2023
2657960,BBB,2013J,01 October 2023,31 October 2023
2662716,BBB,2013J,01 October 2023,31 October 2023
2664036,BBB,2013J,01 October 2023,31 October 2023
2680344,BBB,2013J,01 October 2023,31 October 2023
2680885,BBB,2013J,01 October 2023,31 October 2023
2690077,BBB,2013J,01 October 2023,31 October 2023
2691100,BBB,2013J,01 October 2023,31 October 2023
2691566,BBB,2013J,01 October 2023,31 October 2023
2693772,BBB,2013J,01 October 2023,31 October 2023
25997,BBB,2014B,01 October 2023,31 October 2023
38941,BBB,2014B,01 October 2023,31 October 2023
50069,BBB,2014B,01 October 2023,31 October 2023
52426,BBB,2014B,01 October 2023,31 October 2023
55968,BBB,2014B,01 October 2023,31 October 2023
59725,BBB,2014B,01 October 2023,31 October 2023
60416,BBB,2014B,01 October 2023,31 October 2023
60830,BBB,2014B,01 October 2023,31 October 2023
63721,BBB,2014B,01 October 2023,31 October 2023
64275,BBB,2014B,01 October 2023,31 October 2023
72400,BBB,2014B,01 October 2023,31 October 2023
75118,BBB,2014B,01 October 2023,31 October 2023
76196,BBB,2014B,01 October 2023,31 October 2023
80001,BBB,2014B,01 October 2023,31 October 2023
88340,BBB,2014B,01 October 2023,31 October 2023
89092,BBB,2014B,01 October 2023,31 October 2023
89778,BBB,2014B,01 October 2023,31 October 2023
90361,BBB,2014B,01 October 2023,31 October 2023
92341,BBB,2014B,01 October 2023,31 October 2023
93925,BBB,2014B,01 October 2023,31 October 2023
97006,BBB,2014B,01 October 2023,31 October 2023
97865,BBB,2014B,01 October 2023,31 October 2023
99799,BBB,2014B,01 October 2023,31 October 2023
103535,BBB,2014B,01 October 2023,31 October 2023
104238,BBB,2014B,01 October 2023,31 October 2023
107713,BBB,2014B,01 October 2023,31 October 2023
108799,BBB,2014B,01 October 2023,31 October 2023
115452,BBB,2014B,01 October 2023,31 October 2023
117699,BBB,2014B,01 October 2023,31 October 2023
119471,BBB,2014B,01 October 2023,31 October 2023
123270,BBB,2014B,01 October 2023,31 October 2023
123462,BBB,2014B,01 October 2023,31 October 2023
125055,BBB,2014B,01 October 2023,31 October 2023
126608,BBB,2014B,01 October 2023,31 October 2023
126713,BBB,2014B,01 October 2023,31 October 2023
130013,BBB,2014B,01 October 2023,31 October 2023
132972,BBB,2014B,01 October 2023,31 October 2023
139250,BBB,2014B,01 October 2023,31 October 2023
140719,BBB,2014B,01 October 2023,31 October 2023
148427,BBB,2014B,01 October 2023,31 October 2023
155631,BBB,2014B,01 October 2023,31 October 2023
157276,BBB,2014B,01 October 2023,31 October 2023
159293,BBB,2014B,01 October 2023,31 October 2023
165904,BBB,2014B,01 October 2023,31 October 2023
170519,BBB,2014B,01 October 2023,31 October 2023
171751,BBB,2014B,01 October 2023,31 October 2023
172137,BBB,2014B,01 October 2023,31 October 2023
183287,BBB,2014B,01 October 2023,31 October 2023
185021,BBB,2014B,01 October 2023,31 October 2023
186565,BBB,2014B,01 October 2023,31 October 2023
187257,BBB,2014B,01 October 2023,31 October 2023
187601,BBB,2014B,01 October 2023,31 October 2023
189035,BBB,2014B,01 October 2023,31 October 2023
189986,BBB,2014B,01 October 2023,31 October 2023
190352,BBB,2014B,01 October 2023,31 October 2023
190565,BBB,2014B,01 October 2023,31 October 2023
194073,BBB,2014B,01 October 2023,31 October 2023
200506,BBB,2014B,01 October 2023,31 October 2023
201431,BBB,2014B,01 October 2023,31 October 2023
202394,BBB,2014B,01 October 2023,31 October 2023
206003,BBB,2014B,01 October 2023,31 October 2023
226747,BBB,2014B,01 October 2023,31 October 2023
228481,BBB,2014B,01 October 2023,31 October 2023
228784,BBB,2014B,01 October 2023,31 October 2023
228824,BBB,2014B,01 October 2023,31 October 2023
232539,BBB,2014B,01 October 2023,31 October 2023
233095,BBB,2014B,01 October 2023,31 October 2023
235380,BBB,2014B,01 October 2023,31 October 2023
236161,BBB,2014B,01 October 2023,31 October 2023
238519,BBB,2014B,01 October 2023,31 October 2023
242390,BBB,2014B,01 October 2023,31 October 2023
244064,BBB,2014B,01 October 2023,31 October 2023
247292,BBB,2014B,01 October 2023,31 October 2023
247513,BBB,2014B,01 October 2023,31 October 2023
250123,BBB,2014B,01 October 2023,31 October 2023
260955,BBB,2014B,01 October 2023,31 October 2023
263098,BBB,2014B,01 October 2023,31 October 2023
264106,BBB,2014B,01 October 2023,31 October 2023
268301,BBB,2014B,01 October 2023,31 October 2023
270256,BBB,2014B,01 October 2023,31 October 2023
271467,BBB,2014B,01 October 2023,31 October 2023
275006,BBB,2014B,01 October 2023,31 October 2023
275112,BBB,2014B,01 October 2023,31 October 2023
279557,BBB,2014B,01 October 2023,31 October 2023
282161,BBB,2014B,01 October 2023,31 October 2023
282713,BBB,2014B,01 October 2023,31 October 2023
283131,BBB,2014B,01 October 2023,31 October 2023
283564,BBB,2014B,01 October 2023,31 October 2023
283978,BBB,2014B,01 October 2023,31 October 2023
284589,BBB,2014B,01 October 2023,31 October 2023
284593,BBB,2014B,01 October 2023,31 October 2023
285567,BBB,2014B,01 October 2023,31 October 2023
286914,BBB,2014B,01 October 2023,31 October 2023
287004,BBB,2014B,01 October 2023,31 October 2023
288717,BBB,2014B,01 October 2023,31 October 2023
288967,BBB,2014B,01 October 2023,31 October 2023
289108,BBB,2014B,01 October 2023,31 October 2023
289993,BBB,2014B,01 October 2023,31 October 2023
290914,BBB,2014B,01 October 2023,31 October 2023
291844,BBB,2014B,01 October 2023,31 October 2023
291848,BBB,2014B,01 October 2023,31 October 2023
293992,BBB,2014B,01 October 2023,31 October 2023
294513,BBB,2014B,01 October 2023,31 October 2023
295728,BBB,2014B,01 October 2023,31 October 2023
296232,BBB,2014B,01 October 2023,31 October 2023
297179,BBB,2014B,01 October 2023,31 October 2023
299027,BBB,2014B,01 October 2023,31 October 2023
299485,BBB,2014B,01 October 2023,31 October 2023
304607,BBB,2014B,01 October 2023,31 October 2023
305307,BBB,2014B,01 October 2023,31 October 2023
305373,BBB,2014B,01 October 2023,31 October 2023
305824,BBB,2014B,01 October 2023,31 October 2023
307386,BBB,2014B,01 October 2023,31 October 2023
308345,BBB,2014B,01 October 2023,31 October 2023
311599,BBB,2014B,01 October 2023,31 October 2023
311889,BBB,2014B,01 October 2023,31 October 2023
312275,BBB,2014B,01 October 2023,31 October 2023
313246,BBB,2014B,01 October 2023,31 October 2023
317855,BBB,2014B,01 October 2023,31 October 2023
318500,BBB,2014B,01 October 2023,31 October 2023
318876,BBB,2014B,01 October 2023,31 October 2023
319606,BBB,2014B,01 October 2023,31 October 2023
320363,BBB,2014B,01 October 2023,31 October 2023
320661,BBB,2014B,01 October 2023,31 October 2023
321121,BBB,2014B,01 October 2023,31 October 2023
321142,BBB,2014B,01 October 2023,31 October 2023
321346,BBB,2014B,01 October 2023,31 October 2023
322325,BBB,2014B,01 October 2023,31 October 2023
322509,BBB,2014B,01 October 2023,31 October 2023
324907,BBB,2014B,01 October 2023,31 October 2023
325080,BBB,2014B,01 October 2023,31 October 2023
325308,BBB,2014B,01 October 2023,31 October 2023
327003,BBB,2014B,01 October 2023,31 October 2023
327641,BBB,2014B,01 October 2023,31 October 2023
331156,BBB,2014B,01 October 2023,31 October 2023
331494,BBB,2014B,01 October 2023,31 October 2023
334023,BBB,2014B,01 October 2023,31 October 2023
334565,BBB,2014B,01 October 2023,31 October 2023
334981,BBB,2014B,01 October 2023,31 October 2023
336356,BBB,2014B,01 October 2023,31 October 2023
338168,BBB,2014B,01 October 2023,31 October 2023
339381,BBB,2014B,01 October 2023,31 October 2023
340962,BBB,2014B,01 October 2023,31 October 2023
341027,BBB,2014B,01 October 2023,31 October 2023
342017,BBB,2014B,01 October 2023,31 October 2023
347864,BBB,2014B,01 October 2023,31 October 2023
348771,BBB,2014B,01 October 2023,31 October 2023
349258,BBB,2014B,01 October 2023,31 October 2023
349401,BBB,2014B,01 October 2023,31 October 2023
351767,BBB,2014B,01 October 2023,31 October 2023
352009,BBB,2014B,01 October 2023,31 October 2023
352953,BBB,2014B,01 October 2023,31 October 2023
354121,BBB,2014B,01 October 2023,31 October 2023
354560,BBB,2014B,01 October 2023,31 October 2023
354984,BBB,2014B,01 October 2023,31 October 2023
355147,BBB,2014B,01 October 2023,31 October 2023
355643,BBB,2014B,01 October 2023,31 October 2023
356386,BBB,2014B,01 October 2023,31 October 2023
358054,BBB,2014B,01 October 2023,31 October 2023
358956,BBB,2014B,01 October 2023,31 October 2023
359438,BBB,2014B,01 October 2023,31 October 2023
360190,BBB,2014B,01 October 2023,31 October 2023
363110,BBB,2014B,01 October 2023,31 October 2023
363396,BBB,2014B,01 October 2023,31 October 2023
364712,BBB,2014B,01 October 2023,31 October 2023
365111,BBB,2014B,01 October 2023,31 October 2023
366936,BBB,2014B,01 October 2023,31 October 2023
367535,BBB,2014B,01 October 2023,31 October 2023
369715,BBB,2014B,01 October 2023,31 October 2023
370008,BBB,2014B,01 October 2023,31 October 2023
372997,BBB,2014B,01 October 2023,31 October 2023
374515,BBB,2014B,01 October 2023,31 October 2023
374747,BBB,2014B,01 October 2023,31 October 2023
375711,BBB,2014B,01 October 2023,31 October 2023
375717,BBB,2014B,01 October 2023,31 October 2023
376868,BBB,2014B,01 October 2023,31 October 2023
377469,BBB,2014B,01 October 2023,31 October 2023
377929,BBB,2014B,01 October 2023,31 October 2023
379785,BBB,2014B,01 October 2023,31 October 2023
380184,BBB,2014B,01 October 2023,31 October 2023
380204,BBB,2014B,01 October 2023,31 October 2023
381525,BBB,2014B,01 October 2023,31 October 2023
381533,BBB,2014B,01 October 2023,31 October 2023
381544,BBB,2014B,01 October 2023,31 October 2023
381909,BBB,2014B,01 October 2023,31 October 2023
381917,BBB,2014B,01 October 2023,31 October 2023
382877,BBB,2014B,01 October 2023,31 October 2023
383241,BBB,2014B,01 October 2023,31 October 2023
383967,BBB,2014B,01 October 2023,31 October 2023
384099,BBB,2014B,01 October 2023,31 October 2023
384636,BBB,2014B,01 October 2023,31 October 2023
384884,BBB,2014B,01 October 2023,31 October 2023
386374,BBB,2014B,01 October 2023,31 October 2023
388041,BBB,2014B,01 October 2023,31 October 2023
388168,BBB,2014B,01 October 2023,31 October 2023
389249,BBB,2014B,01 October 2023,31 October 2023
391153,BBB,2014B,01 October 2023,31 October 2023
391556,BBB,2014B,01 October 2023,31 October 2023
392604,BBB,2014B,01 October 2023,31 October 2023
392733,BBB,2014B,01 October 2023,31 October 2023
393131,BBB,2014B,01 October 2023,31 October 2023
394010,BBB,2014B,01 October 2023,31 October 2023
394067,BBB,2014B,01 October 2023,31 October 2023
394331,BBB,2014B,01 October 2023,31 October 2023
394480,BBB,2014B,01 October 2023,31 October 2023
394520,BBB,2014B,01 October 2023,31 October 2023
395374,BBB,2014B,01 October 2023,31 October 2023
396456,BBB,2014B,01 October 2023,31 October 2023
396799,BBB,2014B,01 October 2023,31 October 2023
397312,BBB,2014B,01 October 2023,31 October 2023
397747,BBB,2014B,01 October 2023,31 October 2023
397829,BBB,2014B,01 October 2023,31 October 2023
400729,BBB,2014B,01 October 2023,31 October 2023
401441,BBB,2014B,01 October 2023,31 October 2023
405268,BBB,2014B,01 October 2023,31 October 2023
406600,BBB,2014B,01 October 2023,31 October 2023
407545,BBB,2014B,01 October 2023,31 October 2023
408469,BBB,2014B,01 October 2023,31 October 2023
408581,BBB,2014B,01 October 2023,31 October 2023
411895,BBB,2014B,01 October 2023,31 October 2023
412156,BBB,2014B,01 October 2023,31 October 2023
415298,BBB,2014B,01 October 2023,31 October 2023
417263,BBB,2014B,01 October 2023,31 October 2023
417684,BBB,2014B,01 October 2023,31 October 2023
420641,BBB,2014B,01 October 2023,31 October 2023
420663,BBB,2014B,01 October 2023,31 October 2023
421326,BBB,2014B,01 October 2023,31 October 2023
421992,BBB,2014B,01 October 2023,31 October 2023
423652,BBB,2014B,01 October 2023,31 October 2023
424659,BBB,2014B,01 October 2023,31 October 2023
424863,BBB,2014B,01 October 2023,31 October 2023
429099,BBB,2014B,01 October 2023,31 October 2023
429417,BBB,2014B,01 October 2023,31 October 2023
429777,BBB,2014B,01 October 2023,31 October 2023
430002,BBB,2014B,01 October 2023,31 October 2023
432480,BBB,2014B,01 October 2023,31 October 2023
435057,BBB,2014B,01 October 2023,31 October 2023
435282,BBB,2014B,01 October 2023,31 October 2023
437171,BBB,2014B,01 October 2023,31 October 2023
437565,BBB,2014B,01 October 2023,31 October 2023
438775,BBB,2014B,01 October 2023,31 October 2023
439109,BBB,2014B,01 October 2023,31 October 2023
439710,BBB,2014B,01 October 2023,31 October 2023
439925,BBB,2014B,01 October 2023,31 October 2023
440075,BBB,2014B,01 October 2023,31 October 2023
440664,BBB,2014B,01 October 2023,31 October 2023
442497,BBB,2014B,01 October 2023,31 October 2023
444221,BBB,2014B,01 October 2023,31 October 2023
444561,BBB,2014B,01 October 2023,31 October 2023
444858,BBB,2014B,01 October 2023,31 October 2023
444872,BBB,2014B,01 October 2023,31 October 2023
445136,BBB,2014B,01 October 2023,31 October 2023
445415,BBB,2014B,01 October 2023,31 October 2023
445494,BBB,2014B,01 October 2023,31 October 2023
446296,BBB,2014B,01 October 2023,31 October 2023
446650,BBB,2014B,01 October 2023,31 October 2023
446755,BBB,2014B,01 October 2023,31 October 2023
447184,BBB,2014B,01 October 2023,31 October 2023
447265,BBB,2014B,01 October 2023,31 October 2023
447292,BBB,2014B,01 October 2023,31 October 2023
465369,BBB,2014B,01 October 2023,31 October 2023
466248,BBB,2014B,01 October 2023,31 October 2023
466377,BBB,2014B,01 October 2023,31 October 2023
466856,BBB,2014B,01 October 2023,31 October 2023
467100,BBB,2014B,01 October 2023,31 October 2023
467303,BBB,2014B,01 October 2023,31 October 2023
467580,BBB,2014B,01 October 2023,31 October 2023
468349,BBB,2014B,01 October 2023,31 October 2023
468529,BBB,2014B,01 October 2023,31 October 2023
469177,BBB,2014B,01 October 2023,31 October 2023
469664,BBB,2014B,01 October 2023,31 October 2023
470113,BBB,2014B,01 October 2023,31 October 2023
470331,BBB,2014B,01 October 2023,31 October 2023
470693,BBB,2014B,01 October 2023,31 October 2023
471157,BBB,2014B,01 October 2023,31 October 2023
471925,BBB,2014B,01 October 2023,31 October 2023
474607,BBB,2014B,01 October 2023,31 October 2023
475631,BBB,2014B,01 October 2023,31 October 2023
475981,BBB,2014B,01 October 2023,31 October 2023
477779,BBB,2014B,01 October 2023,31 October 2023
478242,BBB,2014B,01 October 2023,31 October 2023
479738,BBB,2014B,01 October 2023,31 October 2023
480372,BBB,2014B,01 October 2023,31 October 2023
480924,BBB,2014B,01 October 2023,31 October 2023
481150,BBB,2014B,01 October 2023,31 October 2023
481947,BBB,2014B,01 October 2023,31 October 2023
483031,BBB,2014B,01 October 2023,31 October 2023
483468,BBB,2014B,01 October 2023,31 October 2023
483485,BBB,2014B,01 October 2023,31 October 2023
483921,BBB,2014B,01 October 2023,31 October 2023
484351,BBB,2014B,01 October 2023,31 October 2023
484821,BBB,2014B,01 October 2023,31 October 2023
484983,BBB,2014B,01 October 2023,31 October 2023
485180,BBB,2014B,01 October 2023,31 October 2023
485262,BBB,2014B,01 October 2023,31 October 2023
485675,BBB,2014B,01 October 2023,31 October 2023
485980,BBB,2014B,01 October 2023,31 October 2023
486994,BBB,2014B,01 October 2023,31 October 2023
487002,BBB,2014B,01 October 2023,31 October 2023
487226,BBB,2014B,01 October 2023,31 October 2023
487386,BBB,2014B,01 October 2023,31 October 2023
487543,BBB,2014B,01 October 2023,31 October 2023
487573,BBB,2014B,01 October 2023,31 October 2023
489198,BBB,2014B,01 October 2023,31 October 2023
490391,BBB,2014B,01 October 2023,31 October 2023
491114,BBB,2014B,01 October 2023,31 October 2023
492468,BBB,2014B,01 October 2023,31 October 2023
492895,BBB,2014B,01 October 2023,31 October 2023
492928,BBB,2014B,01 October 2023,31 October 2023
493559,BBB,2014B,01 October 2023,31 October 2023
494948,BBB,2014B,01 October 2023,31 October 2023
495876,BBB,2014B,01 October 2023,31 October 2023
495958,BBB,2014B,01 October 2023,31 October 2023
496547,BBB,2014B,01 October 2023,31 October 2023
497872,BBB,2014B,01 October 2023,31 October 2023
499952,BBB,2014B,01 October 2023,31 October 2023
500395,BBB,2014B,01 October 2023,31 October 2023
501095,BBB,2014B,01 October 2023,31 October 2023
504352,BBB,2014B,01 October 2023,31 October 2023
504393,BBB,2014B,01 October 2023,31 October 2023
504967,BBB,2014B,01 October 2023,31 October 2023
505151,BBB,2014B,01 October 2023,31 October 2023
505248,BBB,2014B,01 October 2023,31 October 2023
505899,BBB,2014B,01 October 2023,31 October 2023
506622,BBB,2014B,01 October 2023,31 October 2023
507009,BBB,2014B,01 October 2023,31 October 2023
507983,BBB,2014B,01 October 2023,31 October 2023
508100,BBB,2014B,01 October 2023,31 October 2023
508400,BBB,2014B,01 October 2023,31 October 2023
508470,BBB,2014B,01 October 2023,31 October 2023
508940,BBB,2014B,01 October 2023,31 October 2023
509696,BBB,2014B,01 October 2023,31 October 2023
511238,BBB,2014B,01 October 2023,31 October 2023
511469,BBB,2014B,01 October 2023,31 October 2023
511506,BBB,2014B,01 October 2023,31 October 2023
511901,BBB,2014B,01 October 2023,31 October 2023
512118,BBB,2014B,01 October 2023,31 October 2023
513077,BBB,2014B,01 October 2023,31 October 2023
514031,BBB,2014B,01 October 2023,31 October 2023
515648,BBB,2014B,01 October 2023,31 October 2023
516601,BBB,2014B,01 October 2023,31 October 2023
517679,BBB,2014B,01 October 2023,31 October 2023
518711,BBB,2014B,01 October 2023,31 October 2023
519078,BBB,2014B,01 October 2023,31 October 2023
519084,BBB,2014B,01 October 2023,31 October 2023
519859,BBB,2014B,01 October 2023,31 October 2023
521671,BBB,2014B,01 October 2023,31 October 2023
522087,BBB,2014B,01 October 2023,31 October 2023
523021,BBB,2014B,01 October 2023,31 October 2023
523247,BBB,2014B,01 October 2023,31 October 2023
524290,BBB,2014B,01 October 2023,31 October 2023
525027,BBB,2014B,01 October 2023,31 October 2023
526285,BBB,2014B,01 October 2023,31 October 2023
526948,BBB,2014B,01 October 2023,31 October 2023
529438,BBB,2014B,01 October 2023,31 October 2023
529439,BBB,2014B,01 October 2023,31 October 2023
529705,BBB,2014B,01 October 2023,31 October 2023
531290,BBB,2014B,01 October 2023,31 October 2023
531755,BBB,2014B,01 October 2023,31 October 2023
532274,BBB,2014B,01 October 2023,31 October 2023
532468,BBB,2014B,01 October 2023,31 October 2023
532617,BBB,2014B,01 October 2023,31 October 2023
533077,BBB,2014B,01 October 2023,31 October 2023
533210,BBB,2014B,01 October 2023,31 October 2023
533527,BBB,2014B,01 October 2023,31 October 2023
534143,BBB,2014B,01 October 2023,31 October 2023
534163,BBB,2014B,01 October 2023,31 October 2023
534428,BBB,2014B,01 October 2023,31 October 2023
535077,BBB,2014B,01 October 2023,31 October 2023
535462,BBB,2014B,01 October 2023,31 October 2023
535506,BBB,2014B,01 October 2023,31 October 2023
535548,BBB,2014B,01 October 2023,31 October 2023
536286,BBB,2014B,01 October 2023,31 October 2023
536629,BBB,2014B,01 October 2023,31 October 2023
536805,BBB,2014B,01 October 2023,31 October 2023
537077,BBB,2014B,01 October 2023,31 October 2023
537171,BBB,2014B,01 October 2023,31 October 2023
537373,BBB,2014B,01 October 2023,31 October 2023
537605,BBB,2014B,01 October 2023,31 October 2023
537698,BBB,2014B,01 October 2023,31 October 2023
539675,BBB,2014B,01 October 2023,31 October 2023
539894,BBB,2014B,01 October 2023,31 October 2023
540558,BBB,2014B,01 October 2023,31 October 2023
541769,BBB,2014B,01 October 2023,31 October 2023
542456,BBB,2014B,01 October 2023,31 October 2023
542466,BBB,2014B,01 October 2023,31 October 2023
542547,BBB,2014B,01 October 2023,31 October 2023
543963,BBB,2014B,01 October 2023,31 October 2023
544050,BBB,2014B,01 October 2023,31 October 2023
544430,BBB,2014B,01 October 2023,31 October 2023
545146,BBB,2014B,01 October 2023,31 October 2023
545160,BBB,2014B,01 October 2023,31 October 2023
545196,BBB,2014B,01 October 2023,31 October 2023
545254,BBB,2014B,01 October 2023,31 October 2023
546302,BBB,2014B,01 October 2023,31 October 2023
547018,BBB,2014B,01 October 2023,31 October 2023
547268,BBB,2014B,01 October 2023,31 October 2023
547487,BBB,2014B,01 October 2023,31 October 2023
547556,BBB,2014B,01 October 2023,31 October 2023
548296,BBB,2014B,01 October 2023,31 October 2023
548445,BBB,2014B,01 October 2023,31 October 2023
548578,BBB,2014B,01 October 2023,31 October 2023
548844,BBB,2014B,01 October 2023,31 October 2023
549087,BBB,2014B,01 October 2023,31 October 2023
549190,BBB,2014B,01 October 2023,31 October 2023
549892,BBB,2014B,01 October 2023,31 October 2023
550269,BBB,2014B,01 October 2023,31 October 2023
551252,BBB,2014B,01 October 2023,31 October 2023
551718,BBB,2014B,01 October 2023,31 October 2023
551953,BBB,2014B,01 October 2023,31 October 2023
552656,BBB,2014B,01 October 2023,31 October 2023
552896,BBB,2014B,01 October 2023,31 October 2023
552931,BBB,2014B,01 October 2023,31 October 2023
553000,BBB,2014B,01 October 2023,31 October 2023
553437,BBB,2014B,01 October 2023,31 October 2023
553733,BBB,2014B,01 October 2023,31 October 2023
553808,BBB,2014B,01 October 2023,31 October 2023
554004,BBB,2014B,01 October 2023,31 October 2023
554766,BBB,2014B,01 October 2023,31 October 2023
554969,BBB,2014B,01 October 2023,31 October 2023
555015,BBB,2014B,01 October 2023,31 October 2023
555603,BBB,2014B,01 October 2023,31 October 2023
555720,BBB,2014B,01 October 2023,31 October 2023
555860,BBB,2014B,01 October 2023,31 October 2023
555994,BBB,2014B,01 October 2023,31 October 2023
556012,BBB,2014B,01 October 2023,31 October 2023
556853,BBB,2014B,01 October 2023,31 October 2023
557029,BBB,2014B,01 October 2023,31 October 2023
558084,BBB,2014B,01 October 2023,31 October 2023
558595,BBB,2014B,01 October 2023,31 October 2023
558702,BBB,2014B,01 October 2023,31 October 2023
558921,BBB,2014B,01 October 2023,31 October 2023
559065,BBB,2014B,01 October 2023,31 October 2023
559090,BBB,2014B,01 October 2023,31 October 2023
559336,BBB,2014B,01 October 2023,31 October 2023
559381,BBB,2014B,01 October 2023,31 October 2023
559467,BBB,2014B,01 October 2023,31 October 2023
559573,BBB,2014B,01 October 2023,31 October 2023
559831,BBB,2014B,01 October 2023,31 October 2023
559861,BBB,2014B,01 October 2023,31 October 2023
560238,BBB,2014B,01 October 2023,31 October 2023
560536,BBB,2014B,01 October 2023,31 October 2023
560636,BBB,2014B,01 October 2023,31 October 2023
561060,BBB,2014B,01 October 2023,31 October 2023
561061,BBB,2014B,01 October 2023,31 October 2023
561953,BBB,2014B,01 October 2023,31 October 2023
561978,BBB,2014B,01 October 2023,31 October 2023
562139,BBB,2014B,01 October 2023,31 October 2023
562267,BBB,2014B,01 October 2023,31 October 2023
562438,BBB,2014B,01 October 2023,31 October 2023
562642,BBB,2014B,01 October 2023,31 October 2023
562643,BBB,2014B,01 October 2023,31 October 2023
562783,BBB,2014B,01 October 2023,31 October 2023
562857,BBB,2014B,01 October 2023,31 October 2023
563413,BBB,2014B,01 October 2023,31 October 2023
563487,BBB,2014B,01 October 2023,31 October 2023
563754,BBB,2014B,01 October 2023,31 October 2023
563822,BBB,2014B,01 October 2023,31 October 2023
563945,BBB,2014B,01 October 2023,31 October 2023
563986,BBB,2014B,01 October 2023,31 October 2023
563987,BBB,2014B,01 October 2023,31 October 2023
564409,BBB,2014B,01 October 2023,31 October 2023
564460,BBB,2014B,01 October 2023,31 October 2023
564810,BBB,2014B,01 October 2023,31 October 2023
564906,BBB,2014B,01 October 2023,31 October 2023
565008,BBB,2014B,01 October 2023,31 October 2023
565009,BBB,2014B,01 October 2023,31 October 2023
565344,BBB,2014B,01 October 2023,31 October 2023
565869,BBB,2014B,01 October 2023,31 October 2023
565988,BBB,2014B,01 October 2023,31 October 2023
566181,BBB,2014B,01 October 2023,31 October 2023
566669,BBB,2014B,01 October 2023,31 October 2023
567048,BBB,2014B,01 October 2023,31 October 2023
567273,BBB,2014B,01 October 2023,31 October 2023
567757,BBB,2014B,01 October 2023,31 October 2023
567889,BBB,2014B,01 October 2023,31 October 2023
567963,BBB,2014B,01 October 2023,31 October 2023
568042,BBB,2014B,01 October 2023,31 October 2023
568559,BBB,2014B,01 October 2023,31 October 2023
568968,BBB,2014B,01 October 2023,31 October 2023
569074,BBB,2014B,01 October 2023,31 October 2023
569199,BBB,2014B,01 October 2023,31 October 2023
569225,BBB,2014B,01 October 2023,31 October 2023
569660,BBB,2014B,01 October 2023,31 October 2023
569663,BBB,2014B,01 October 2023,31 October 2023
569664,BBB,2014B,01 October 2023,31 October 2023
569761,BBB,2014B,01 October 2023,31 October 2023
569864,BBB,2014B,01 October 2023,31 October 2023
569970,BBB,2014B,01 October 2023,31 October 2023
570031,BBB,2014B,01 October 2023,31 October 2023
570133,BBB,2014B,01 October 2023,31 October 2023
570186,BBB,2014B,01 October 2023,31 October 2023
570239,BBB,2014B,01 October 2023,31 October 2023
570437,BBB,2014B,01 October 2023,31 October 2023
570627,BBB,2014B,01 October 2023,31 October 2023
570721,BBB,2014B,01 October 2023,31 October 2023
571223,BBB,2014B,01 October 2023,31 October 2023
571614,BBB,2014B,01 October 2023,31 October 2023
571732,BBB,2014B,01 October 2023,31 October 2023
571880,BBB,2014B,01 October 2023,31 October 2023
571897,BBB,2014B,01 October 2023,31 October 2023
571954,BBB,2014B,01 October 2023,31 October 2023
572187,BBB,2014B,01 October 2023,31 October 2023
572290,BBB,2014B,01 October 2023,31 October 2023
572370,BBB,2014B,01 October 2023,31 October 2023
572378,BBB,2014B,01 October 2023,31 October 2023
572987,BBB,2014B,01 October 2023,31 October 2023
573000,BBB,2014B,01 October 2023,31 October 2023
573108,BBB,2014B,01 October 2023,31 October 2023
573323,BBB,2014B,01 October 2023,31 October 2023
573488,BBB,2014B,01 October 2023,31 October 2023
573496,BBB,2014B,01 October 2023,31 October 2023
573806,BBB,2014B,01 October 2023,31 October 2023
573824,BBB,2014B,01 October 2023,31 October 2023
573851,BBB,2014B,01 October 2023,31 October 2023
573853,BBB,2014B,01 October 2023,31 October 2023
574057,BBB,2014B,01 October 2023,31 October 2023
574264,BBB,2014B,01 October 2023,31 October 2023
574553,BBB,2014B,01 October 2023,31 October 2023
574569,BBB,2014B,01 October 2023,31 October 2023
574748,BBB,2014B,01 October 2023,31 October 2023
574935,BBB,2014B,01 October 2023,31 October 2023
574944,BBB,2014B,01 October 2023,31 October 2023
575251,BBB,2014B,01 October 2023,31 October 2023
575602,BBB,2014B,01 October 2023,31 October 2023
575680,BBB,2014B,01 October 2023,31 October 2023
575980,BBB,2014B,01 October 2023,31 October 2023
575990,BBB,2014B,01 October 2023,31 October 2023
576179,BBB,2014B,01 October 2023,31 October 2023
576738,BBB,2014B,01 October 2023,31 October 2023
577170,BBB,2014B,01 October 2023,31 October 2023
577304,BBB,2014B,01 October 2023,31 October 2023
577527,BBB,2014B,01 October 2023,31 October 2023
577676,BBB,2014B,01 October 2023,31 October 2023
578003,BBB,2014B,01 October 2023,31 October 2023
578282,BBB,2014B,01 October 2023,31 October 2023
578574,BBB,2014B,01 October 2023,31 October 2023
579537,BBB,2014B,01 October 2023,31 October 2023
579720,BBB,2014B,01 October 2023,31 October 2023
580688,BBB,2014B,01 October 2023,31 October 2023
581222,BBB,2014B,01 October 2023,31 October 2023
581333,BBB,2014B,01 October 2023,31 October 2023
581353,BBB,2014B,01 October 2023,31 October 2023
581459,BBB,2014B,01 October 2023,31 October 2023
581647,BBB,2014B,01 October 2023,31 October 2023
582496,BBB,2014B,01 October 2023,31 October 2023
582742,BBB,2014B,01 October 2023,31 October 2023
583102,BBB,2014B,01 October 2023,31 October 2023
583950,BBB,2014B,01 October 2023,31 October 2023
584566,BBB,2014B,01 October 2023,31 October 2023
584632,BBB,2014B,01 October 2023,31 October 2023
585048,BBB,2014B,01 October 2023,31 October 2023
585150,BBB,2014B,01 October 2023,31 October 2023
585283,BBB,2014B,01 October 2023,31 October 2023
585547,BBB,2014B,01 October 2023,31 October 2023
585727,BBB,2014B,01 October 2023,31 October 2023
586086,BBB,2014B,01 October 2023,31 October 2023
586111,BBB,2014B,01 October 2023,31 October 2023
586133,BBB,2014B,01 October 2023,31 October 2023
586417,BBB,2014B,01 October 2023,31 October 2023
586435,BBB,2014B,01 October 2023,31 October 2023
586712,BBB,2014B,01 October 2023,31 October 2023
586995,BBB,2014B,01 October 2023,31 October 2023
587181,BBB,2014B,01 October 2023,31 October 2023
587524,BBB,2014B,01 October 2023,31 October 2023
587538,BBB,2014B,01 October 2023,31 October 2023
587780,BBB,2014B,01 October 2023,31 October 2023
588039,BBB,2014B,01 October 2023,31 October 2023
588096,BBB,2014B,01 October 2023,31 October 2023
588302,BBB,2014B,01 October 2023,31 October 2023
588459,BBB,2014B,01 October 2023,31 October 2023
588484,BBB,2014B,01 October 2023,31 October 2023
588495,BBB,2014B,01 October 2023,31 October 2023
588592,BBB,2014B,01 October 2023,31 October 2023
589300,BBB,2014B,01 October 2023,31 October 2023
589333,BBB,2014B,01 October 2023,31 October 2023
589444,BBB,2014B,01 October 2023,31 October 2023
589862,BBB,2014B,01 October 2023,31 October 2023
589997,BBB,2014B,01 October 2023,31 October 2023
590408,BBB,2014B,01 October 2023,31 October 2023
590520,BBB,2014B,01 October 2023,31 October 2023
590798,BBB,2014B,01 October 2023,31 October 2023
590870,BBB,2014B,01 October 2023,31 October 2023
591094,BBB,2014B,01 October 2023,31 October 2023
591309,BBB,2014B,01 October 2023,31 October 2023
591547,BBB,2014B,01 October 2023,31 October 2023
591725,BBB,2014B,01 October 2023,31 October 2023
591743,BBB,2014B,01 October 2023,31 October 2023
592193,BBB,2014B,01 October 2023,31 October 2023
592602,BBB,2014B,01 October 2023,31 October 2023
592725,BBB,2014B,01 October 2023,31 October 2023
593345,BBB,2014B,01 October 2023,31 October 2023
593465,BBB,2014B,01 October 2023,31 October 2023
594061,BBB,2014B,01 October 2023,31 October 2023
594417,BBB,2014B,01 October 2023,31 October 2023
596171,BBB,2014B,01 October 2023,31 October 2023
596533,BBB,2014B,01 October 2023,31 October 2023
596602,BBB,2014B,01 October 2023,31 October 2023
597316,BBB,2014B,01 October 2023,31 October 2023
597610,BBB,2014B,01 October 2023,31 October 2023
597730,BBB,2014B,01 October 2023,31 October 2023
597744,BBB,2014B,01 October 2023,31 October 2023
597882,BBB,2014B,01 October 2023,31 October 2023
598150,BBB,2014B,01 October 2023,31 October 2023
598250,BBB,2014B,01 October 2023,31 October 2023
598313,BBB,2014B,01 October 2023,31 October 2023
598415,BBB,2014B,01 October 2023,31 October 2023
598451,BBB,2014B,01 October 2023,31 October 2023
598495,BBB,2014B,01 October 2023,31 October 2023
598614,BBB,2014B,01 October 2023,31 October 2023
598624,BBB,2014B,01 October 2023,31 October 2023
598694,BBB,2014B,01 October 2023,31 October 2023
598836,BBB,2014B,01 October 2023,31 October 2023
598918,BBB,2014B,01 October 2023,31 October 2023
599132,BBB,2014B,01 October 2023,31 October 2023
599202,BBB,2014B,01 October 2023,31 October 2023
599207,BBB,2014B,01 October 2023,31 October 2023
599382,BBB,2014B,01 October 2023,31 October 2023
599430,BBB,2014B,01 October 2023,31 October 2023
599480,BBB,2014B,01 October 2023,31 October 2023
599495,BBB,2014B,01 October 2023,31 October 2023
599769,BBB,2014B,01 October 2023,31 October 2023
599990,BBB,2014B,01 October 2023,31 October 2023
600259,BBB,2014B,01 October 2023,31 October 2023
601010,BBB,2014B,01 October 2023,31 October 2023
601238,BBB,2014B,01 October 2023,31 October 2023
601316,BBB,2014B,01 October 2023,31 October 2023
601356,BBB,2014B,01 October 2023,31 October 2023
601616,BBB,2014B,01 October 2023,31 October 2023
601862,BBB,2014B,01 October 2023,31 October 2023
602815,BBB,2014B,01 October 2023,31 October 2023
602898,BBB,2014B,01 October 2023,31 October 2023
602929,BBB,2014B,01 October 2023,31 October 2023
602991,BBB,2014B,01 October 2023,31 October 2023
603061,BBB,2014B,01 October 2023,31 October 2023
603112,BBB,2014B,01 October 2023,31 October 2023
603348,BBB,2014B,01 October 2023,31 October 2023
603543,BBB,2014B,01 October 2023,31 October 2023
603739,BBB,2014B,01 October 2023,31 October 2023
603762,BBB,2014B,01 October 2023,31 October 2023
603888,BBB,2014B,01 October 2023,31 October 2023
604106,BBB,2014B,01 October 2023,31 October 2023
604267,BBB,2014B,01 October 2023,31 October 2023
604375,BBB,2014B,01 October 2023,31 October 2023
605388,BBB,2014B,01 October 2023,31 October 2023
605474,BBB,2014B,01 October 2023,31 October 2023
605597,BBB,2014B,01 October 2023,31 October 2023
605672,BBB,2014B,01 October 2023,31 October 2023
605693,BBB,2014B,01 October 2023,31 October 2023
605771,BBB,2014B,01 October 2023,31 October 2023
605956,BBB,2014B,01 October 2023,31 October 2023
605971,BBB,2014B,01 October 2023,31 October 2023
605996,BBB,2014B,01 October 2023,31 October 2023
606069,BBB,2014B,01 October 2023,31 October 2023
606075,BBB,2014B,01 October 2023,31 October 2023
606155,BBB,2014B,01 October 2023,31 October 2023
606313,BBB,2014B,01 October 2023,31 October 2023
606335,BBB,2014B,01 October 2023,31 October 2023
606501,BBB,2014B,01 October 2023,31 October 2023
606529,BBB,2014B,01 October 2023,31 October 2023
606634,BBB,2014B,01 October 2023,31 October 2023
606690,BBB,2014B,01 October 2023,31 October 2023
607108,BBB,2014B,01 October 2023,31 October 2023
607220,BBB,2014B,01 October 2023,31 October 2023
607339,BBB,2014B,01 October 2023,31 October 2023
607380,BBB,2014B,01 October 2023,31 October 2023
607436,BBB,2014B,01 October 2023,31 October 2023
607487,BBB,2014B,01 October 2023,31 October 2023
607529,BBB,2014B,01 October 2023,31 October 2023
607646,BBB,2014B,01 October 2023,31 October 2023
607678,BBB,2014B,01 October 2023,31 October 2023
607953,BBB,2014B,01 October 2023,31 October 2023
607973,BBB,2014B,01 October 2023,31 October 2023
608104,BBB,2014B,01 October 2023,31 October 2023
608110,BBB,2014B,01 October 2023,31 October 2023
608164,BBB,2014B,01 October 2023,31 October 2023
608407,BBB,2014B,01 October 2023,31 October 2023
608774,BBB,2014B,01 October 2023,31 October 2023
608961,BBB,2014B,01 October 2023,31 October 2023
609282,BBB,2014B,01 October 2023,31 October 2023
609426,BBB,2014B,01 October 2023,31 October 2023
609596,BBB,2014B,01 October 2023,31 October 2023
610239,BBB,2014B,01 October 2023,31 October 2023
610340,BBB,2014B,01 October 2023,31 October 2023
610416,BBB,2014B,01 October 2023,31 October 2023
610494,BBB,2014B,01 October 2023,31 October 2023
610531,BBB,2014B,01 October 2023,31 October 2023
610589,BBB,2014B,01 October 2023,31 October 2023
610759,BBB,2014B,01 October 2023,31 October 2023
611233,BBB,2014B,01 October 2023,31 October 2023
611348,BBB,2014B,01 October 2023,31 October 2023
611475,BBB,2014B,01 October 2023,31 October 2023
611586,BBB,2014B,01 October 2023,31 October 2023
611649,BBB,2014B,01 October 2023,31 October 2023
611719,BBB,2014B,01 October 2023,31 October 2023
611732,BBB,2014B,01 October 2023,31 October 2023
611816,BBB,2014B,01 October 2023,31 October 2023
611974,BBB,2014B,01 October 2023,31 October 2023
611977,BBB,2014B,01 October 2023,31 October 2023
611979,BBB,2014B,01 October 2023,31 October 2023
612082,BBB,2014B,01 October 2023,31 October 2023
612113,BBB,2014B,01 October 2023,31 October 2023
612120,BBB,2014B,01 October 2023,31 October 2023
612212,BBB,2014B,01 October 2023,31 October 2023
612370,BBB,2014B,01 October 2023,31 October 2023
612395,BBB,2014B,01 October 2023,31 October 2023
612396,BBB,2014B,01 October 2023,31 October 2023
612561,BBB,2014B,01 October 2023,31 October 2023
612600,BBB,2014B,01 October 2023,31 October 2023
612721,BBB,2014B,01 October 2023,31 October 2023
612756,BBB,2014B,01 October 2023,31 October 2023
612841,BBB,2014B,01 October 2023,31 October 2023
612862,BBB,2014B,01 October 2023,31 October 2023
612919,BBB,2014B,01 October 2023,31 October 2023
613038,BBB,2014B,01 October 2023,31 October 2023
613047,BBB,2014B,01 October 2023,31 October 2023
613093,BBB,2014B,01 October 2023,31 October 2023
613161,BBB,2014B,01 October 2023,31 October 2023
613170,BBB,2014B,01 October 2023,31 October 2023
613205,BBB,2014B,01 October 2023,31 October 2023
613299,BBB,2014B,01 October 2023,31 October 2023
613355,BBB,2014B,01 October 2023,31 October 2023
613426,BBB,2014B,01 October 2023,31 October 2023
613512,BBB,2014B,01 October 2023,31 October 2023
613559,BBB,2014B,01 October 2023,31 October 2023
613586,BBB,2014B,01 October 2023,31 October 2023
613641,BBB,2014B,01 October 2023,31 October 2023
613703,BBB,2014B,01 October 2023,31 October 2023
613718,BBB,2014B,01 October 2023,31 October 2023
613722,BBB,2014B,01 October 2023,31 October 2023
613743,BBB,2014B,01 October 2023,31 October 2023
613791,BBB,2014B,01 October 2023,31 October 2023
613832,BBB,2014B,01 October 2023,31 October 2023
613842,BBB,2014B,01 October 2023,31 October 2023
613856,BBB,2014B,01 October 2023,31 October 2023
613864,BBB,2014B,01 October 2023,31 October 2023
613874,BBB,2014B,01 October 2023,31 October 2023
613881,BBB,2014B,01 October 2023,31 October 2023
613896,BBB,2014B,01 October 2023,31 October 2023
613932,BBB,2014B,01 October 2023,31 October 2023
613946,BBB,2014B,01 October 2023,31 October 2023
613983,BBB,2014B,01 October 2023,31 October 2023
614039,BBB,2014B,01 October 2023,31 October 2023
614117,BBB,2014B,01 October 2023,31 October 2023
614130,BBB,2014B,01 October 2023,31 October 2023
614212,BBB,2014B,01 October 2023,31 October 2023
614270,BBB,2014B,01 October 2023,31 October 2023
614357,BBB,2014B,01 October 2023,31 October 2023
614403,BBB,2014B,01 October 2023,31 October 2023
614561,BBB,2014B,01 October 2023,31 October 2023
614562,BBB,2014B,01 October 2023,31 October 2023
614583,BBB,2014B,01 October 2023,31 October 2023
614586,BBB,2014B,01 October 2023,31 October 2023
614601,BBB,2014B,01 October 2023,31 October 2023
614629,BBB,2014B,01 October 2023,31 October 2023
614668,BBB,2014B,01 October 2023,31 October 2023
614693,BBB,2014B,01 October 2023,31 October 2023
614728,BBB,2014B,01 October 2023,31 October 2023
614732,BBB,2014B,01 October 2023,31 October 2023
614734,BBB,2014B,01 October 2023,31 October 2023
614738,BBB,2014B,01 October 2023,31 October 2023
614741,BBB,2014B,01 October 2023,31 October 2023
614742,BBB,2014B,01 October 2023,31 October 2023
614744,BBB,2014B,01 October 2023,31 October 2023
614745,BBB,2014B,01 October 2023,31 October 2023
614813,BBB,2014B,01 October 2023,31 October 2023
614871,BBB,2014B,01 October 2023,31 October 2023
614909,BBB,2014B,01 October 2023,31 October 2023
615018,BBB,2014B,01 October 2023,31 October 2023
615025,BBB,2014B,01 October 2023,31 October 2023
615028,BBB,2014B,01 October 2023,31 October 2023
615047,BBB,2014B,01 October 2023,31 October 2023
615090,BBB,2014B,01 October 2023,31 October 2023
615173,BBB,2014B,01 October 2023,31 October 2023
615212,BBB,2014B,01 October 2023,31 October 2023
615218,BBB,2014B,01 October 2023,31 October 2023
615259,BBB,2014B,01 October 2023,31 October 2023
615319,BBB,2014B,01 October 2023,31 October 2023
615443,BBB,2014B,01 October 2023,31 October 2023
616332,BBB,2014B,01 October 2023,31 October 2023
616354,BBB,2014B,01 October 2023,31 October 2023
616361,BBB,2014B,01 October 2023,31 October 2023
616377,BBB,2014B,01 October 2023,31 October 2023
616414,BBB,2014B,01 October 2023,31 October 2023
616428,BBB,2014B,01 October 2023,31 October 2023
616464,BBB,2014B,01 October 2023,31 October 2023
616511,BBB,2014B,01 October 2023,31 October 2023
616526,BBB,2014B,01 October 2023,31 October 2023
616536,BBB,2014B,01 October 2023,31 October 2023
616670,BBB,2014B,01 October 2023,31 October 2023
616739,BBB,2014B,01 October 2023,31 October 2023
616809,BBB,2014B,01 October 2023,31 October 2023
616816,BBB,2014B,01 October 2023,31 October 2023
616848,BBB,2014B,01 October 2023,31 October 2023
616914,BBB,2014B,01 October 2023,31 October 2023
616919,BBB,2014B,01 October 2023,31 October 2023
617012,BBB,2014B,01 October 2023,31 October 2023
617126,BBB,2014B,01 October 2023,31 October 2023
617134,BBB,2014B,01 October 2023,31 October 2023
617140,BBB,2014B,01 October 2023,31 October 2023
617146,BBB,2014B,01 October 2023,31 October 2023
617147,BBB,2014B,01 October 2023,31 October 2023
617190,BBB,2014B,01 October 2023,31 October 2023
617225,BBB,2014B,01 October 2023,31 October 2023
617287,BBB,2014B,01 October 2023,31 October 2023
617296,BBB,2014B,01 October 2023,31 October 2023
617297,BBB,2014B,01 October 2023,31 October 2023
617525,BBB,2014B,01 October 2023,31 October 2023
617556,BBB,2014B,01 October 2023,31 October 2023
617560,BBB,2014B,01 October 2023,31 October 2023
617576,BBB,2014B,01 October 2023,31 October 2023
617714,BBB,2014B,01 October 2023,31 October 2023
617717,BBB,2014B,01 October 2023,31 October 2023
617764,BBB,2014B,01 October 2023,31 October 2023
617792,BBB,2014B,01 October 2023,31 October 2023
617813,BBB,2014B,01 October 2023,31 October 2023
617843,BBB,2014B,01 October 2023,31 October 2023
617905,BBB,2014B,01 October 2023,31 October 2023
617950,BBB,2014B,01 October 2023,31 October 2023
617959,BBB,2014B,01 October 2023,31 October 2023
618054,BBB,2014B,01 October 2023,31 October 2023
618108,BBB,2014B,01 October 2023,31 October 2023
618137,BBB,2014B,01 October 2023,31 October 2023
618145,BBB,2014B,01 October 2023,31 October 2023
618151,BBB,2014B,01 October 2023,31 October 2023
618197,BBB,2014B,01 October 2023,31 October 2023
618205,BBB,2014B,01 October 2023,31 October 2023
618258,BBB,2014B,01 October 2023,31 October 2023
618265,BBB,2014B,01 October 2023,31 October 2023
618292,BBB,2014B,01 October 2023,31 October 2023
618360,BBB,2014B,01 October 2023,31 October 2023
618362,BBB,2014B,01 October 2023,31 October 2023
618399,BBB,2014B,01 October 2023,31 October 2023
618534,BBB,2014B,01 October 2023,31 October 2023
618539,BBB,2014B,01 October 2023,31 October 2023
618586,BBB,2014B,01 October 2023,31 October 2023
618631,BBB,2014B,01 October 2023,31 October 2023
618632,BBB,2014B,01 October 2023,31 October 2023
618670,BBB,2014B,01 October 2023,31 October 2023
618673,BBB,2014B,01 October 2023,31 October 2023
618710,BBB,2014B,01 October 2023,31 October 2023
618784,BBB,2014B,01 October 2023,31 October 2023
618816,BBB,2014B,01 October 2023,31 October 2023
618858,BBB,2014B,01 October 2023,31 October 2023
618869,BBB,2014B,01 October 2023,31 October 2023
618870,BBB,2014B,01 October 2023,31 October 2023
618882,BBB,2014B,01 October 2023,31 October 2023
618951,BBB,2014B,01 October 2023,31 October 2023
618957,BBB,2014B,01 October 2023,31 October 2023
618965,BBB,2014B,01 October 2023,31 October 2023
618981,BBB,2014B,01 October 2023,31 October 2023
619054,BBB,2014B,01 October 2023,31 October 2023
619161,BBB,2014B,01 October 2023,31 October 2023
619196,BBB,2014B,01 October 2023,31 October 2023
619207,BBB,2014B,01 October 2023,31 October 2023
619265,BBB,2014B,01 October 2023,31 October 2023
619288,BBB,2014B,01 October 2023,31 October 2023
619311,BBB,2014B,01 October 2023,31 October 2023
619330,BBB,2014B,01 October 2023,31 October 2023
619471,BBB,2014B,01 October 2023,31 October 2023
619508,BBB,2014B,01 October 2023,31 October 2023
619901,BBB,2014B,01 October 2023,31 October 2023
619980,BBB,2014B,01 October 2023,31 October 2023
620018,BBB,2014B,01 October 2023,31 October 2023
620047,BBB,2014B,01 October 2023,31 October 2023
620072,BBB,2014B,01 October 2023,31 October 2023
620073,BBB,2014B,01 October 2023,31 October 2023
620092,BBB,2014B,01 October 2023,31 October 2023
620126,BBB,2014B,01 October 2023,31 October 2023
620128,BBB,2014B,01 October 2023,31 October 2023
620129,BBB,2014B,01 October 2023,31 October 2023
620175,BBB,2014B,01 October 2023,31 October 2023
620220,BBB,2014B,01 October 2023,31 October 2023
620230,BBB,2014B,01 October 2023,31 October 2023
620257,BBB,2014B,01 October 2023,31 October 2023
620283,BBB,2014B,01 October 2023,31 October 2023
620289,BBB,2014B,01 October 2023,31 October 2023
620304,BBB,2014B,01 October 2023,31 October 2023
620354,BBB,2014B,01 October 2023,31 October 2023
620389,BBB,2014B,01 October 2023,31 October 2023
620408,BBB,2014B,01 October 2023,31 October 2023
620409,BBB,2014B,01 October 2023,31 October 2023
620427,BBB,2014B,01 October 2023,31 October 2023
620486,BBB,2014B,01 October 2023,31 October 2023
620507,BBB,2014B,01 October 2023,31 October 2023
620546,BBB,2014B,01 October 2023,31 October 2023
620573,BBB,2014B,01 October 2023,31 October 2023
620694,BBB,2014B,01 October 2023,31 October 2023
620791,BBB,2014B,01 October 2023,31 October 2023
620865,BBB,2014B,01 October 2023,31 October 2023
620889,BBB,2014B,01 October 2023,31 October 2023
620922,BBB,2014B,01 October 2023,31 October 2023
620923,BBB,2014B,01 October 2023,31 October 2023
620950,BBB,2014B,01 October 2023,31 October 2023
620980,BBB,2014B,01 October 2023,31 October 2023
621301,BBB,2014B,01 October 2023,31 October 2023
621303,BBB,2014B,01 October 2023,31 October 2023
621322,BBB,2014B,01 October 2023,31 October 2023
621323,BBB,2014B,01 October 2023,31 October 2023
621369,BBB,2014B,01 October 2023,31 October 2023
621394,BBB,2014B,01 October 2023,31 October 2023
621508,BBB,2014B,01 October 2023,31 October 2023
621607,BBB,2014B,01 October 2023,31 October 2023
621703,BBB,2014B,01 October 2023,31 October 2023
621731,BBB,2014B,01 October 2023,31 October 2023
621862,BBB,2014B,01 October 2023,31 October 2023
621885,BBB,2014B,01 October 2023,31 October 2023
621890,BBB,2014B,01 October 2023,31 October 2023
621894,BBB,2014B,01 October 2023,31 October 2023
621905,BBB,2014B,01 October 2023,31 October 2023
621937,BBB,2014B,01 October 2023,31 October 2023
622132,BBB,2014B,01 October 2023,31 October 2023
622180,BBB,2014B,01 October 2023,31 October 2023
622208,BBB,2014B,01 October 2023,31 October 2023
622217,BBB,2014B,01 October 2023,31 October 2023
622223,BBB,2014B,01 October 2023,31 October 2023
622330,BBB,2014B,01 October 2023,31 October 2023
622345,BBB,2014B,01 October 2023,31 October 2023
622466,BBB,2014B,01 October 2023,31 October 2023
622498,BBB,2014B,01 October 2023,31 October 2023
622505,BBB,2014B,01 October 2023,31 October 2023
622538,BBB,2014B,01 October 2023,31 October 2023
622604,BBB,2014B,01 October 2023,31 October 2023
622645,BBB,2014B,01 October 2023,31 October 2023
622715,BBB,2014B,01 October 2023,31 October 2023
622720,BBB,2014B,01 October 2023,31 October 2023
622766,BBB,2014B,01 October 2023,31 October 2023
622767,BBB,2014B,01 October 2023,31 October 2023
622838,BBB,2014B,01 October 2023,31 October 2023
622867,BBB,2014B,01 October 2023,31 October 2023
622925,BBB,2014B,01 October 2023,31 October 2023
622927,BBB,2014B,01 October 2023,31 October 2023
622974,BBB,2014B,01 October 2023,31 October 2023
622982,BBB,2014B,01 October 2023,31 October 2023
623001,BBB,2014B,01 October 2023,31 October 2023
623055,BBB,2014B,01 October 2023,31 October 2023
623069,BBB,2014B,01 October 2023,31 October 2023
623104,BBB,2014B,01 October 2023,31 October 2023
623168,BBB,2014B,01 October 2023,31 October 2023
623169,BBB,2014B,01 October 2023,31 October 2023
623177,BBB,2014B,01 October 2023,31 October 2023
623240,BBB,2014B,01 October 2023,31 October 2023
623295,BBB,2014B,01 October 2023,31 October 2023
623321,BBB,2014B,01 October 2023,31 October 2023
623333,BBB,2014B,01 October 2023,31 October 2023
623392,BBB,2014B,01 October 2023,31 October 2023
623406,BBB,2014B,01 October 2023,31 October 2023
623548,BBB,2014B,01 October 2023,31 October 2023
623603,BBB,2014B,01 October 2023,31 October 2023
623622,BBB,2014B,01 October 2023,31 October 2023
623651,BBB,2014B,01 October 2023,31 October 2023
623654,BBB,2014B,01 October 2023,31 October 2023
623660,BBB,2014B,01 October 2023,31 October 2023
623821,BBB,2014B,01 October 2023,31 October 2023
623845,BBB,2014B,01 October 2023,31 October 2023
623857,BBB,2014B,01 October 2023,31 October 2023
623882,BBB,2014B,01 October 2023,31 October 2023
623911,BBB,2014B,01 October 2023,31 October 2023
623914,BBB,2014B,01 October 2023,31 October 2023
623935,BBB,2014B,01 October 2023,31 October 2023
624011,BBB,2014B,01 October 2023,31 October 2023
624046,BBB,2014B,01 October 2023,31 October 2023
624069,BBB,2014B,01 October 2023,31 October 2023
624196,BBB,2014B,01 October 2023,31 October 2023
624202,BBB,2014B,01 October 2023,31 October 2023
624298,BBB,2014B,01 October 2023,31 October 2023
624306,BBB,2014B,01 October 2023,31 October 2023
624341,BBB,2014B,01 October 2023,31 October 2023
624350,BBB,2014B,01 October 2023,31 October 2023
624406,BBB,2014B,01 October 2023,31 October 2023
624411,BBB,2014B,01 October 2023,31 October 2023
624415,BBB,2014B,01 October 2023,31 October 2023
624427,BBB,2014B,01 October 2023,31 October 2023
624514,BBB,2014B,01 October 2023,31 October 2023
624518,BBB,2014B,01 October 2023,31 October 2023
624544,BBB,2014B,01 October 2023,31 October 2023
624549,BBB,2014B,01 October 2023,31 October 2023
624567,BBB,2014B,01 October 2023,31 October 2023
624572,BBB,2014B,01 October 2023,31 October 2023
624592,BBB,2014B,01 October 2023,31 October 2023
624598,BBB,2014B,01 October 2023,31 October 2023
624604,BBB,2014B,01 October 2023,31 October 2023
624653,BBB,2014B,01 October 2023,31 October 2023
624661,BBB,2014B,01 October 2023,31 October 2023
624663,BBB,2014B,01 October 2023,31 October 2023
624673,BBB,2014B,01 October 2023,31 October 2023
624674,BBB,2014B,01 October 2023,31 October 2023
624677,BBB,2014B,01 October 2023,31 October 2023
624704,BBB,2014B,01 October 2023,31 October 2023
624722,BBB,2014B,01 October 2023,31 October 2023
624734,BBB,2014B,01 October 2023,31 October 2023
624738,BBB,2014B,01 October 2023,31 October 2023
624743,BBB,2014B,01 October 2023,31 October 2023
624799,BBB,2014B,01 October 2023,31 October 2023
624847,BBB,2014B,01 October 2023,31 October 2023
624879,BBB,2014B,01 October 2023,31 October 2023
624950,BBB,2014B,01 October 2023,31 October 2023
624972,BBB,2014B,01 October 2023,31 October 2023
624997,BBB,2014B,01 October 2023,31 October 2023
625021,BBB,2014B,01 October 2023,31 October 2023
625024,BBB,2014B,01 October 2023,31 October 2023
625027,BBB,2014B,01 October 2023,31 October 2023
625071,BBB,2014B,01 October 2023,31 October 2023
625087,BBB,2014B,01 October 2023,31 October 2023
625094,BBB,2014B,01 October 2023,31 October 2023
625124,BBB,2014B,01 October 2023,31 October 2023
625167,BBB,2014B,01 October 2023,31 October 2023
625173,BBB,2014B,01 October 2023,31 October 2023
625180,BBB,2014B,01 October 2023,31 October 2023
625185,BBB,2014B,01 October 2023,31 October 2023
625202,BBB,2014B,01 October 2023,31 October 2023
625214,BBB,2014B,01 October 2023,31 October 2023
625249,BBB,2014B,01 October 2023,31 October 2023
625251,BBB,2014B,01 October 2023,31 October 2023
625295,BBB,2014B,01 October 2023,31 October 2023
625301,BBB,2014B,01 October 2023,31 October 2023
625307,BBB,2014B,01 October 2023,31 October 2023
625383,BBB,2014B,01 October 2023,31 October 2023
625390,BBB,2014B,01 October 2023,31 October 2023
625444,BBB,2014B,01 October 2023,31 October 2023
625465,BBB,2014B,01 October 2023,31 October 2023
625477,BBB,2014B,01 October 2023,31 October 2023
625478,BBB,2014B,01 October 2023,31 October 2023
625493,BBB,2014B,01 October 2023,31 October 2023
625511,BBB,2014B,01 October 2023,31 October 2023
625514,BBB,2014B,01 October 2023,31 October 2023
625578,BBB,2014B,01 October 2023,31 October 2023
625581,BBB,2014B,01 October 2023,31 October 2023
625619,BBB,2014B,01 October 2023,31 October 2023
625713,BBB,2014B,01 October 2023,31 October 2023
625724,BBB,2014B,01 October 2023,31 October 2023
625751,BBB,2014B,01 October 2023,31 October 2023
625768,BBB,2014B,01 October 2023,31 October 2023
625816,BBB,2014B,01 October 2023,31 October 2023
625833,BBB,2014B,01 October 2023,31 October 2023
625834,BBB,2014B,01 October 2023,31 October 2023
625853,BBB,2014B,01 October 2023,31 October 2023
625857,BBB,2014B,01 October 2023,31 October 2023
625879,BBB,2014B,01 October 2023,31 October 2023
625919,BBB,2014B,01 October 2023,31 October 2023
626046,BBB,2014B,01 October 2023,31 October 2023
626123,BBB,2014B,01 October 2023,31 October 2023
626126,BBB,2014B,01 October 2023,31 October 2023
626138,BBB,2014B,01 October 2023,31 October 2023
626164,BBB,2014B,01 October 2023,31 October 2023
626245,BBB,2014B,01 October 2023,31 October 2023
626254,BBB,2014B,01 October 2023,31 October 2023
626297,BBB,2014B,01 October 2023,31 October 2023
626330,BBB,2014B,01 October 2023,31 October 2023
626352,BBB,2014B,01 October 2023,31 October 2023
626365,BBB,2014B,01 October 2023,31 October 2023
626386,BBB,2014B,01 October 2023,31 October 2023
626428,BBB,2014B,01 October 2023,31 October 2023
626442,BBB,2014B,01 October 2023,31 October 2023
626460,BBB,2014B,01 October 2023,31 October 2023
626485,BBB,2014B,01 October 2023,31 October 2023
626491,BBB,2014B,01 October 2023,31 October 2023
626549,BBB,2014B,01 October 2023,31 October 2023
626555,BBB,2014B,01 October 2023,31 October 2023
626597,BBB,2014B,01 October 2023,31 October 2023
626604,BBB,2014B,01 October 2023,31 October 2023
626642,BBB,2014B,01 October 2023,31 October 2023
626746,BBB,2014B,01 October 2023,31 October 2023
626750,BBB,2014B,01 October 2023,31 October 2023
626773,BBB,2014B,01 October 2023,31 October 2023
626806,BBB,2014B,01 October 2023,31 October 2023
626840,BBB,2014B,01 October 2023,31 October 2023
626841,BBB,2014B,01 October 2023,31 October 2023
626843,BBB,2014B,01 October 2023,31 October 2023
626872,BBB,2014B,01 October 2023,31 October 2023
626876,BBB,2014B,01 October 2023,31 October 2023
626897,BBB,2014B,01 October 2023,31 October 2023
626917,BBB,2014B,01 October 2023,31 October 2023
626928,BBB,2014B,01 October 2023,31 October 2023
626951,BBB,2014B,01 October 2023,31 October 2023
626966,BBB,2014B,01 October 2023,31 October 2023
627000,BBB,2014B,01 October 2023,31 October 2023
627027,BBB,2014B,01 October 2023,31 October 2023
627094,BBB,2014B,01 October 2023,31 October 2023
627115,BBB,2014B,01 October 2023,31 October 2023
627118,BBB,2014B,01 October 2023,31 October 2023
627179,BBB,2014B,01 October 2023,31 October 2023
627185,BBB,2014B,01 October 2023,31 October 2023
627190,BBB,2014B,01 October 2023,31 October 2023
627228,BBB,2014B,01 October 2023,31 October 2023
627244,BBB,2014B,01 October 2023,31 October 2023
627245,BBB,2014B,01 October 2023,31 October 2023
627252,BBB,2014B,01 October 2023,31 October 2023
627256,BBB,2014B,01 October 2023,31 October 2023
627270,BBB,2014B,01 October 2023,31 October 2023
627277,BBB,2014B,01 October 2023,31 October 2023
627285,BBB,2014B,01 October 2023,31 October 2023
627316,BBB,2014B,01 October 2023,31 October 2023
627321,BBB,2014B,01 October 2023,31 October 2023
627380,BBB,2014B,01 October 2023,31 October 2023
627388,BBB,2014B,01 October 2023,31 October 2023
627403,BBB,2014B,01 October 2023,31 October 2023
627427,BBB,2014B,01 October 2023,31 October 2023
627509,BBB,2014B,01 October 2023,31 October 2023
627528,BBB,2014B,01 October 2023,31 October 2023
627549,BBB,2014B,01 October 2023,31 October 2023
627550,BBB,2014B,01 October 2023,31 October 2023
627613,BBB,2014B,01 October 2023,31 October 2023
627647,BBB,2014B,01 October 2023,31 October 2023
627659,BBB,2014B,01 October 2023,31 October 2023
627670,BBB,2014B,01 October 2023,31 October 2023
627680,BBB,2014B,01 October 2023,31 October 2023
627685,BBB,2014B,01 October 2023,31 October 2023
627748,BBB,2014B,01 October 2023,31 October 2023
627777,BBB,2014B,01 October 2023,31 October 2023
627948,BBB,2014B,01 October 2023,31 October 2023
628006,BBB,2014B,01 October 2023,31 October 2023
628119,BBB,2014B,01 October 2023,31 October 2023
628142,BBB,2014B,01 October 2023,31 October 2023
628176,BBB,2014B,01 October 2023,31 October 2023
628178,BBB,2014B,01 October 2023,31 October 2023
628180,BBB,2014B,01 October 2023,31 October 2023
628181,BBB,2014B,01 October 2023,31 October 2023
628183,BBB,2014B,01 October 2023,31 October 2023
628190,BBB,2014B,01 October 2023,31 October 2023
628287,BBB,2014B,01 October 2023,31 October 2023
628301,BBB,2014B,01 October 2023,31 October 2023
628327,BBB,2014B,01 October 2023,31 October 2023
628328,BBB,2014B,01 October 2023,31 October 2023
628329,BBB,2014B,01 October 2023,31 October 2023
628341,BBB,2014B,01 October 2023,31 October 2023
628360,BBB,2014B,01 October 2023,31 October 2023
628379,BBB,2014B,01 October 2023,31 October 2023
628389,BBB,2014B,01 October 2023,31 October 2023
628392,BBB,2014B,01 October 2023,31 October 2023
628402,BBB,2014B,01 October 2023,31 October 2023
628411,BBB,2014B,01 October 2023,31 October 2023
628423,BBB,2014B,01 October 2023,31 October 2023
628442,BBB,2014B,01 October 2023,31 October 2023
628511,BBB,2014B,01 October 2023,31 October 2023
628516,BBB,2014B,01 October 2023,31 October 2023
628525,BBB,2014B,01 October 2023,31 October 2023
628580,BBB,2014B,01 October 2023,31 October 2023
628586,BBB,2014B,01 October 2023,31 October 2023
628616,BBB,2014B,01 October 2023,31 October 2023
628635,BBB,2014B,01 October 2023,31 October 2023
628655,BBB,2014B,01 October 2023,31 October 2023
628751,BBB,2014B,01 October 2023,31 October 2023
628762,BBB,2014B,01 October 2023,31 October 2023
628765,BBB,2014B,01 October 2023,31 October 2023
628827,BBB,2014B,01 October 2023,31 October 2023
628843,BBB,2014B,01 October 2023,31 October 2023
628903,BBB,2014B,01 October 2023,31 October 2023
628941,BBB,2014B,01 October 2023,31 October 2023
628954,BBB,2014B,01 October 2023,31 October 2023
628970,BBB,2014B,01 October 2023,31 October 2023
628982,BBB,2014B,01 October 2023,31 October 2023
629026,BBB,2014B,01 October 2023,31 October 2023
629029,BBB,2014B,01 October 2023,31 October 2023
629037,BBB,2014B,01 October 2023,31 October 2023
629040,BBB,2014B,01 October 2023,31 October 2023
629044,BBB,2014B,01 October 2023,31 October 2023
629060,BBB,2014B,01 October 2023,31 October 2023
629088,BBB,2014B,01 October 2023,31 October 2023
629094,BBB,2014B,01 October 2023,31 October 2023
629103,BBB,2014B,01 October 2023,31 October 2023
629159,BBB,2014B,01 October 2023,31 October 2023
629240,BBB,2014B,01 October 2023,31 October 2023
629274,BBB,2014B,01 October 2023,31 October 2023
629340,BBB,2014B,01 October 2023,31 October 2023
629424,BBB,2014B,01 October 2023,31 October 2023
629461,BBB,2014B,01 October 2023,31 October 2023
629462,BBB,2014B,01 October 2023,31 October 2023
629484,BBB,2014B,01 October 2023,31 October 2023
629490,BBB,2014B,01 October 2023,31 October 2023
629504,BBB,2014B,01 October 2023,31 October 2023
629505,BBB,2014B,01 October 2023,31 October 2023
629507,BBB,2014B,01 October 2023,31 October 2023
629538,BBB,2014B,01 October 2023,31 October 2023
629554,BBB,2014B,01 October 2023,31 October 2023
629574,BBB,2014B,01 October 2023,31 October 2023
629619,BBB,2014B,01 October 2023,31 October 2023
629671,BBB,2014B,01 October 2023,31 October 2023
629736,BBB,2014B,01 October 2023,31 October 2023
629835,BBB,2014B,01 October 2023,31 October 2023
629870,BBB,2014B,01 October 2023,31 October 2023
629886,BBB,2014B,01 October 2023,31 October 2023
629891,BBB,2014B,01 October 2023,31 October 2023
629923,BBB,2014B,01 October 2023,31 October 2023
629971,BBB,2014B,01 October 2023,31 October 2023
629976,BBB,2014B,01 October 2023,31 October 2023
629983,BBB,2014B,01 October 2023,31 October 2023
629991,BBB,2014B,01 October 2023,31 October 2023
630028,BBB,2014B,01 October 2023,31 October 2023
630029,BBB,2014B,01 October 2023,31 October 2023
630030,BBB,2014B,01 October 2023,31 October 2023
630037,BBB,2014B,01 October 2023,31 October 2023
630052,BBB,2014B,01 October 2023,31 October 2023
630053,BBB,2014B,01 October 2023,31 October 2023
630090,BBB,2014B,01 October 2023,31 October 2023
630134,BBB,2014B,01 October 2023,31 October 2023
630147,BBB,2014B,01 October 2023,31 October 2023
630182,BBB,2014B,01 October 2023,31 October 2023
630260,BBB,2014B,01 October 2023,31 October 2023
630315,BBB,2014B,01 October 2023,31 October 2023
630333,BBB,2014B,01 October 2023,31 October 2023
630340,BBB,2014B,01 October 2023,31 October 2023
630345,BBB,2014B,01 October 2023,31 October 2023
630372,BBB,2014B,01 October 2023,31 October 2023
630393,BBB,2014B,01 October 2023,31 October 2023
630415,BBB,2014B,01 October 2023,31 October 2023
630443,BBB,2014B,01 October 2023,31 October 2023
630451,BBB,2014B,01 October 2023,31 October 2023
630476,BBB,2014B,01 October 2023,31 October 2023
630497,BBB,2014B,01 October 2023,31 October 2023
630549,BBB,2014B,01 October 2023,31 October 2023
630561,BBB,2014B,01 October 2023,31 October 2023
630586,BBB,2014B,01 October 2023,31 October 2023
630608,BBB,2014B,01 October 2023,31 October 2023
630718,BBB,2014B,01 October 2023,31 October 2023
630736,BBB,2014B,01 October 2023,31 October 2023
630763,BBB,2014B,01 October 2023,31 October 2023
630778,BBB,2014B,01 October 2023,31 October 2023
630794,BBB,2014B,01 October 2023,31 October 2023
630823,BBB,2014B,01 October 2023,31 October 2023
630833,BBB,2014B,01 October 2023,31 October 2023
630876,BBB,2014B,01 October 2023,31 October 2023
630902,BBB,2014B,01 October 2023,31 October 2023
630920,BBB,2014B,01 October 2023,31 October 2023
630944,BBB,2014B,01 October 2023,31 October 2023
630957,BBB,2014B,01 October 2023,31 October 2023
630999,BBB,2014B,01 October 2023,31 October 2023
631031,BBB,2014B,01 October 2023,31 October 2023
631081,BBB,2014B,01 October 2023,31 October 2023
631082,BBB,2014B,01 October 2023,31 October 2023
631086,BBB,2014B,01 October 2023,31 October 2023
631108,BBB,2014B,01 October 2023,31 October 2023
631109,BBB,2014B,01 October 2023,31 October 2023
631132,BBB,2014B,01 October 2023,31 October 2023
631190,BBB,2014B,01 October 2023,31 October 2023
631197,BBB,2014B,01 October 2023,31 October 2023
631225,BBB,2014B,01 October 2023,31 October 2023
631341,BBB,2014B,01 October 2023,31 October 2023
631354,BBB,2014B,01 October 2023,31 October 2023
631384,BBB,2014B,01 October 2023,31 October 2023
631422,BBB,2014B,01 October 2023,31 October 2023
631441,BBB,2014B,01 October 2023,31 October 2023
631442,BBB,2014B,01 October 2023,31 October 2023
631444,BBB,2014B,01 October 2023,31 October 2023
631445,BBB,2014B,01 October 2023,31 October 2023
631492,BBB,2014B,01 October 2023,31 October 2023
631515,BBB,2014B,01 October 2023,31 October 2023
631518,BBB,2014B,01 October 2023,31 October 2023
631530,BBB,2014B,01 October 2023,31 October 2023
631561,BBB,2014B,01 October 2023,31 October 2023
631563,BBB,2014B,01 October 2023,31 October 2023
631610,BBB,2014B,01 October 2023,31 October 2023
631613,BBB,2014B,01 October 2023,31 October 2023
631650,BBB,2014B,01 October 2023,31 October 2023
631679,BBB,2014B,01 October 2023,31 October 2023
631724,BBB,2014B,01 October 2023,31 October 2023
631766,BBB,2014B,01 October 2023,31 October 2023
631777,BBB,2014B,01 October 2023,31 October 2023
631848,BBB,2014B,01 October 2023,31 October 2023
631941,BBB,2014B,01 October 2023,31 October 2023
632040,BBB,2014B,01 October 2023,31 October 2023
632084,BBB,2014B,01 October 2023,31 October 2023
632113,BBB,2014B,01 October 2023,31 October 2023
632148,BBB,2014B,01 October 2023,31 October 2023
632181,BBB,2014B,01 October 2023,31 October 2023
632231,BBB,2014B,01 October 2023,31 October 2023
632254,BBB,2014B,01 October 2023,31 October 2023
632302,BBB,2014B,01 October 2023,31 October 2023
632447,BBB,2014B,01 October 2023,31 October 2023
632454,BBB,2014B,01 October 2023,31 October 2023
632470,BBB,2014B,01 October 2023,31 October 2023
632503,BBB,2014B,01 October 2023,31 October 2023
632536,BBB,2014B,01 October 2023,31 October 2023
632547,BBB,2014B,01 October 2023,31 October 2023
632574,BBB,2014B,01 October 2023,31 October 2023
632578,BBB,2014B,01 October 2023,31 October 2023
632605,BBB,2014B,01 October 2023,31 October 2023
632618,BBB,2014B,01 October 2023,31 October 2023
632658,BBB,2014B,01 October 2023,31 October 2023
632682,BBB,2014B,01 October 2023,31 October 2023
632704,BBB,2014B,01 October 2023,31 October 2023
632712,BBB,2014B,01 October 2023,31 October 2023
632752,BBB,2014B,01 October 2023,31 October 2023
632823,BBB,2014B,01 October 2023,31 October 2023
632847,BBB,2014B,01 October 2023,31 October 2023
632869,BBB,2014B,01 October 2023,31 October 2023
632911,BBB,2014B,01 October 2023,31 October 2023
633024,BBB,2014B,01 October 2023,31 October 2023
633052,BBB,2014B,01 October 2023,31 October 2023
633130,BBB,2014B,01 October 2023,31 October 2023
633162,BBB,2014B,01 October 2023,31 October 2023
633193,BBB,2014B,01 October 2023,31 October 2023
633208,BBB,2014B,01 October 2023,31 October 2023
633212,BBB,2014B,01 October 2023,31 October 2023
633228,BBB,2014B,01 October 2023,31 October 2023
633231,BBB,2014B,01 October 2023,31 October 2023
633245,BBB,2014B,01 October 2023,31 October 2023
633257,BBB,2014B,01 October 2023,31 October 2023
633378,BBB,2014B,01 October 2023,31 October 2023
633380,BBB,2014B,01 October 2023,31 October 2023
633386,BBB,2014B,01 October 2023,31 October 2023
633394,BBB,2014B,01 October 2023,31 October 2023
633462,BBB,2014B,01 October 2023,31 October 2023
633472,BBB,2014B,01 October 2023,31 October 2023
633491,BBB,2014B,01 October 2023,31 October 2023
633499,BBB,2014B,01 October 2023,31 October 2023
633560,BBB,2014B,01 October 2023,31 October 2023
633570,BBB,2014B,01 October 2023,31 October 2023
633590,BBB,2014B,01 October 2023,31 October 2023
633599,BBB,2014B,01 October 2023,31 October 2023
633603,BBB,2014B,01 October 2023,31 October 2023
633613,BBB,2014B,01 October 2023,31 October 2023
633646,BBB,2014B,01 October 2023,31 October 2023
633650,BBB,2014B,01 October 2023,31 October 2023
633669,BBB,2014B,01 October 2023,31 October 2023
633865,BBB,2014B,01 October 2023,31 October 2023
633883,BBB,2014B,01 October 2023,31 October 2023
633890,BBB,2014B,01 October 2023,31 October 2023
633900,BBB,2014B,01 October 2023,31 October 2023
633912,BBB,2014B,01 October 2023,31 October 2023
633929,BBB,2014B,01 October 2023,31 October 2023
633935,BBB,2014B,01 October 2023,31 October 2023
634058,BBB,2014B,01 October 2023,31 October 2023
634075,BBB,2014B,01 October 2023,31 October 2023
634077,BBB,2014B,01 October 2023,31 October 2023
634164,BBB,2014B,01 October 2023,31 October 2023
634188,BBB,2014B,01 October 2023,31 October 2023
634230,BBB,2014B,01 October 2023,31 October 2023
634265,BBB,2014B,01 October 2023,31 October 2023
634280,BBB,2014B,01 October 2023,31 October 2023
634286,BBB,2014B,01 October 2023,31 October 2023
634298,BBB,2014B,01 October 2023,31 October 2023
634304,BBB,2014B,01 October 2023,31 October 2023
634353,BBB,2014B,01 October 2023,31 October 2023
634373,BBB,2014B,01 October 2023,31 October 2023
634396,BBB,2014B,01 October 2023,31 October 2023
634412,BBB,2014B,01 October 2023,31 October 2023
634428,BBB,2014B,01 October 2023,31 October 2023
634472,BBB,2014B,01 October 2023,31 October 2023
634477,BBB,2014B,01 October 2023,31 October 2023
634481,BBB,2014B,01 October 2023,31 October 2023
634483,BBB,2014B,01 October 2023,31 October 2023
634486,BBB,2014B,01 October 2023,31 October 2023
634491,BBB,2014B,01 October 2023,31 October 2023
634606,BBB,2014B,01 October 2023,31 October 2023
634615,BBB,2014B,01 October 2023,31 October 2023
634715,BBB,2014B,01 October 2023,31 October 2023
634833,BBB,2014B,01 October 2023,31 October 2023
634851,BBB,2014B,01 October 2023,31 October 2023
634876,BBB,2014B,01 October 2023,31 October 2023
634928,BBB,2014B,01 October 2023,31 October 2023
634932,BBB,2014B,01 October 2023,31 October 2023
634944,BBB,2014B,01 October 2023,31 October 2023
634976,BBB,2014B,01 October 2023,31 October 2023
635011,BBB,2014B,01 October 2023,31 October 2023
635113,BBB,2014B,01 October 2023,31 October 2023
635122,BBB,2014B,01 October 2023,31 October 2023
635136,BBB,2014B,01 October 2023,31 October 2023
635173,BBB,2014B,01 October 2023,31 October 2023
635228,BBB,2014B,01 October 2023,31 October 2023
635230,BBB,2014B,01 October 2023,31 October 2023
635241,BBB,2014B,01 October 2023,31 October 2023
635244,BBB,2014B,01 October 2023,31 October 2023
635245,BBB,2014B,01 October 2023,31 October 2023
635246,BBB,2014B,01 October 2023,31 October 2023
635247,BBB,2014B,01 October 2023,31 October 2023
635432,BBB,2014B,01 October 2023,31 October 2023
635433,BBB,2014B,01 October 2023,31 October 2023
635435,BBB,2014B,01 October 2023,31 October 2023
635473,BBB,2014B,01 October 2023,31 October 2023
635591,BBB,2014B,01 October 2023,31 October 2023
635755,BBB,2014B,01 October 2023,31 October 2023
635761,BBB,2014B,01 October 2023,31 October 2023
635764,BBB,2014B,01 October 2023,31 October 2023
635771,BBB,2014B,01 October 2023,31 October 2023
635773,BBB,2014B,01 October 2023,31 October 2023
635774,BBB,2014B,01 October 2023,31 October 2023
635777,BBB,2014B,01 October 2023,31 October 2023
635788,BBB,2014B,01 October 2023,31 October 2023
635793,BBB,2014B,01 October 2023,31 October 2023
636271,BBB,2014B,01 October 2023,31 October 2023
637864,BBB,2014B,01 October 2023,31 October 2023
1108120,BBB,2014B,01 October 2023,31 October 2023
1127413,BBB,2014B,01 October 2023,31 October 2023
1332999,BBB,2014B,01 October 2023,31 October 2023
1341507,BBB,2014B,01 October 2023,31 October 2023
1393589,BBB,2014B,01 October 2023,31 October 2023
1406920,BBB,2014B,01 October 2023,31 October 2023
1431750,BBB,2014B,01 October 2023,31 October 2023
1453691,BBB,2014B,01 October 2023,31 October 2023
1502193,BBB,2014B,01 October 2023,31 October 2023
1508708,BBB,2014B,01 October 2023,31 October 2023
1525567,BBB,2014B,01 October 2023,31 October 2023
1540042,BBB,2014B,01 October 2023,31 October 2023
1559428,BBB,2014B,01 October 2023,31 October 2023
1560989,BBB,2014B,01 October 2023,31 October 2023
1611973,BBB,2014B,01 October 2023,31 October 2023
1624443,BBB,2014B,01 October 2023,31 October 2023
1625718,BBB,2014B,01 October 2023,31 October 2023
1626021,BBB,2014B,01 October 2023,31 October 2023
1633695,BBB,2014B,01 October 2023,31 October 2023
1719114,BBB,2014B,01 October 2023,31 October 2023
1732219,BBB,2014B,01 October 2023,31 October 2023
1763653,BBB,2014B,01 October 2023,31 October 2023
1780949,BBB,2014B,01 October 2023,31 October 2023
1782665,BBB,2014B,01 October 2023,31 October 2023
1786380,BBB,2014B,01 October 2023,31 October 2023
1829654,BBB,2014B,01 October 2023,31 October 2023
1840034,BBB,2014B,01 October 2023,31 October 2023
1863244,BBB,2014B,01 October 2023,31 October 2023
1864697,BBB,2014B,01 October 2023,31 October 2023
1877634,BBB,2014B,01 October 2023,31 October 2023
1932474,BBB,2014B,01 October 2023,31 October 2023
1933555,BBB,2014B,01 October 2023,31 October 2023
1934118,BBB,2014B,01 October 2023,31 October 2023
1955634,BBB,2014B,01 October 2023,31 October 2023
1957682,BBB,2014B,01 October 2023,31 October 2023
1967937,BBB,2014B,01 October 2023,31 October 2023
1969081,BBB,2014B,01 October 2023,31 October 2023
2002415,BBB,2014B,01 October 2023,31 October 2023
2006364,BBB,2014B,01 October 2023,31 October 2023
2034455,BBB,2014B,01 October 2023,31 October 2023
2052966,BBB,2014B,01 October 2023,31 October 2023
2080885,BBB,2014B,01 October 2023,31 October 2023
2081955,BBB,2014B,01 October 2023,31 October 2023
2087747,BBB,2014B,01 October 2023,31 October 2023
2094350,BBB,2014B,01 October 2023,31 October 2023
2104426,BBB,2014B,01 October 2023,31 October 2023
2108614,BBB,2014B,01 October 2023,31 October 2023
2133207,BBB,2014B,01 October 2023,31 October 2023
2148859,BBB,2014B,01 October 2023,31 October 2023
2153200,BBB,2014B,01 October 2023,31 October 2023
2164251,BBB,2014B,01 October 2023,31 October 2023
2181205,BBB,2014B,01 October 2023,31 October 2023
2184026,BBB,2014B,01 October 2023,31 October 2023
2213424,BBB,2014B,01 October 2023,31 October 2023
2221869,BBB,2014B,01 October 2023,31 October 2023
2230457,BBB,2014B,01 October 2023,31 October 2023
2243703,BBB,2014B,01 October 2023,31 October 2023
2246708,BBB,2014B,01 October 2023,31 October 2023
2248122,BBB,2014B,01 October 2023,31 October 2023
2266377,BBB,2014B,01 October 2023,31 October 2023
2277941,BBB,2014B,01 October 2023,31 October 2023
2291760,BBB,2014B,01 October 2023,31 October 2023
2300913,BBB,2014B,01 October 2023,31 October 2023
2303083,BBB,2014B,01 October 2023,31 October 2023
2308026,BBB,2014B,01 October 2023,31 October 2023
2308564,BBB,2014B,01 October 2023,31 October 2023
2315082,BBB,2014B,01 October 2023,31 October 2023
2317273,BBB,2014B,01 October 2023,31 October 2023
2334930,BBB,2014B,01 October 2023,31 October 2023
2340165,BBB,2014B,01 October 2023,31 October 2023
2343413,BBB,2014B,01 October 2023,31 October 2023
2351235,BBB,2014B,01 October 2023,31 October 2023
2353787,BBB,2014B,01 October 2023,31 October 2023
2363561,BBB,2014B,01 October 2023,31 October 2023
2372088,BBB,2014B,01 October 2023,31 October 2023
2392789,BBB,2014B,01 October 2023,31 October 2023
2409808,BBB,2014B,01 October 2023,31 October 2023
2410331,BBB,2014B,01 October 2023,31 October 2023
2417841,BBB,2014B,01 October 2023,31 October 2023
2420725,BBB,2014B,01 October 2023,31 October 2023
2421428,BBB,2014B,01 October 2023,31 October 2023
2436707,BBB,2014B,01 October 2023,31 October 2023
2437062,BBB,2014B,01 October 2023,31 October 2023
2437428,BBB,2014B,01 October 2023,31 October 2023
2438291,BBB,2014B,01 October 2023,31 October 2023
2439442,BBB,2014B,01 October 2023,31 October 2023
2440756,BBB,2014B,01 October 2023,31 October 2023
2444501,BBB,2014B,01 October 2023,31 October 2023
2446599,BBB,2014B,01 October 2023,31 October 2023
2482994,BBB,2014B,01 October 2023,31 October 2023
2494258,BBB,2014B,01 October 2023,31 October 2023
2502127,BBB,2014B,01 October 2023,31 October 2023
2512349,BBB,2014B,01 October 2023,31 October 2023
2513954,BBB,2014B,01 October 2023,31 October 2023
2514044,BBB,2014B,01 October 2023,31 October 2023
2523350,BBB,2014B,01 October 2023,31 October 2023
2523430,BBB,2014B,01 October 2023,31 October 2023
2523989,BBB,2014B,01 October 2023,31 October 2023
2524295,BBB,2014B,01 October 2023,31 October 2023
2526784,BBB,2014B,01 October 2023,31 October 2023
2532643,BBB,2014B,01 October 2023,31 October 2023
2533391,BBB,2014B,01 October 2023,31 October 2023
2534954,BBB,2014B,01 October 2023,31 October 2023
2538123,BBB,2014B,01 October 2023,31 October 2023
2539641,BBB,2014B,01 October 2023,31 October 2023
2541388,BBB,2014B,01 October 2023,31 October 2023
2552149,BBB,2014B,01 October 2023,31 October 2023
2554464,BBB,2014B,01 October 2023,31 October 2023
2567352,BBB,2014B,01 October 2023,31 October 2023
2568059,BBB,2014B,01 October 2023,31 October 2023
2570092,BBB,2014B,01 October 2023,31 October 2023
2571054,BBB,2014B,01 October 2023,31 October 2023
2574365,BBB,2014B,01 October 2023,31 October 2023
2578704,BBB,2014B,01 October 2023,31 October 2023
2590564,BBB,2014B,01 October 2023,31 October 2023
2591974,BBB,2014B,01 October 2023,31 October 2023
2592923,BBB,2014B,01 October 2023,31 October 2023
2597543,BBB,2014B,01 October 2023,31 October 2023
2602679,BBB,2014B,01 October 2023,31 October 2023
2605113,BBB,2014B,01 October 2023,31 October 2023
2609574,BBB,2014B,01 October 2023,31 October 2023
2611847,BBB,2014B,01 October 2023,31 October 2023
2626511,BBB,2014B,01 October 2023,31 October 2023
2632243,BBB,2014B,01 October 2023,31 October 2023
2634946,BBB,2014B,01 October 2023,31 October 2023
2636696,BBB,2014B,01 October 2023,31 October 2023
2641657,BBB,2014B,01 October 2023,31 October 2023
2641682,BBB,2014B,01 October 2023,31 October 2023
2643007,BBB,2014B,01 October 2023,31 October 2023
2652209,BBB,2014B,01 October 2023,31 October 2023
2653570,BBB,2014B,01 October 2023,31 October 2023
2659042,BBB,2014B,01 October 2023,31 October 2023
2677541,BBB,2014B,01 October 2023,31 October 2023
2681783,BBB,2014B,01 October 2023,31 October 2023
2683697,BBB,2014B,01 October 2023,31 October 2023
2687378,BBB,2014B,01 October 2023,31 October 2023
2687644,BBB,2014B,01 October 2023,31 October 2023
2690136,BBB,2014B,01 October 2023,31 October 2023
2690719,BBB,2014B,01 October 2023,31 October 2023
26315,BBB,2014J,01 October 2023,31 October 2023
26734,BBB,2014J,01 October 2023,31 October 2023
32327,BBB,2014J,01 October 2023,31 October 2023
32930,BBB,2014J,01 October 2023,31 October 2023
34662,BBB,2014J,01 October 2023,31 October 2023
38711,BBB,2014J,01 October 2023,31 October 2023
39208,BBB,2014J,01 October 2023,31 October 2023
41547,BBB,2014J,01 October 2023,31 October 2023
47891,BBB,2014J,01 October 2023,31 October 2023
53236,BBB,2014J,01 October 2023,31 October 2023
57285,BBB,2014J,01 October 2023,31 October 2023
58520,BBB,2014J,01 October 2023,31 October 2023
58653,BBB,2014J,01 October 2023,31 October 2023
59272,BBB,2014J,01 October 2023,31 October 2023
61352,BBB,2014J,01 October 2023,31 October 2023
63467,BBB,2014J,01 October 2023,31 October 2023
70569,BBB,2014J,01 October 2023,31 October 2023
70750,BBB,2014J,01 October 2023,31 October 2023
71504,BBB,2014J,01 October 2023,31 October 2023
72349,BBB,2014J,01 October 2023,31 October 2023
73584,BBB,2014J,01 October 2023,31 October 2023
73874,BBB,2014J,01 October 2023,31 October 2023
74574,BBB,2014J,01 October 2023,31 October 2023
82611,BBB,2014J,01 October 2023,31 October 2023
84541,BBB,2014J,01 October 2023,31 October 2023
89850,BBB,2014J,01 October 2023,31 October 2023
98452,BBB,2014J,01 October 2023,31 October 2023
98842,BBB,2014J,01 October 2023,31 October 2023
99088,BBB,2014J,01 October 2023,31 October 2023
102067,BBB,2014J,01 October 2023,31 October 2023
103496,BBB,2014J,01 October 2023,31 October 2023
103998,BBB,2014J,01 October 2023,31 October 2023
106095,BBB,2014J,01 October 2023,31 October 2023
106383,BBB,2014J,01 October 2023,31 October 2023
106793,BBB,2014J,01 October 2023,31 October 2023
108859,BBB,2014J,01 October 2023,31 October 2023
109441,BBB,2014J,01 October 2023,31 October 2023
110911,BBB,2014J,01 October 2023,31 October 2023
114402,BBB,2014J,01 October 2023,31 October 2023
116606,BBB,2014J,01 October 2023,31 October 2023
117544,BBB,2014J,01 October 2023,31 October 2023
117545,BBB,2014J,01 October 2023,31 October 2023
118213,BBB,2014J,01 October 2023,31 October 2023
118877,BBB,2014J,01 October 2023,31 October 2023
119437,BBB,2014J,01 October 2023,31 October 2023
119444,BBB,2014J,01 October 2023,31 October 2023
123087,BBB,2014J,01 October 2023,31 October 2023
125535,BBB,2014J,01 October 2023,31 October 2023
126769,BBB,2014J,01 October 2023,31 October 2023
126800,BBB,2014J,01 October 2023,31 October 2023
132055,BBB,2014J,01 October 2023,31 October 2023
132924,BBB,2014J,01 October 2023,31 October 2023
138407,BBB,2014J,01 October 2023,31 October 2023
145280,BBB,2014J,01 October 2023,31 October 2023
150398,BBB,2014J,01 October 2023,31 October 2023
152973,BBB,2014J,01 October 2023,31 October 2023
155484,BBB,2014J,01 October 2023,31 October 2023
156358,BBB,2014J,01 October 2023,31 October 2023
157752,BBB,2014J,01 October 2023,31 October 2023
160026,BBB,2014J,01 October 2023,31 October 2023
161811,BBB,2014J,01 October 2023,31 October 2023
165099,BBB,2014J,01 October 2023,31 October 2023
165498,BBB,2014J,01 October 2023,31 October 2023
169008,BBB,2014J,01 October 2023,31 October 2023
169400,BBB,2014J,01 October 2023,31 October 2023
173163,BBB,2014J,01 October 2023,31 October 2023
177554,BBB,2014J,01 October 2023,31 October 2023
179073,BBB,2014J,01 October 2023,31 October 2023
179297,BBB,2014J,01 October 2023,31 October 2023
184234,BBB,2014J,01 October 2023,31 October 2023
184583,BBB,2014J,01 October 2023,31 October 2023
184972,BBB,2014J,01 October 2023,31 October 2023
188766,BBB,2014J,01 October 2023,31 October 2023
191459,BBB,2014J,01 October 2023,31 October 2023
191746,BBB,2014J,01 October 2023,31 October 2023
191973,BBB,2014J,01 October 2023,31 October 2023
192944,BBB,2014J,01 October 2023,31 October 2023
193310,BBB,2014J,01 October 2023,31 October 2023
195221,BBB,2014J,01 October 2023,31 October 2023
195345,BBB,2014J,01 October 2023,31 October 2023
195940,BBB,2014J,01 October 2023,31 October 2023
197527,BBB,2014J,01 October 2023,31 October 2023
201655,BBB,2014J,01 October 2023,31 October 2023
205978,BBB,2014J,01 October 2023,31 October 2023
226839,BBB,2014J,01 October 2023,31 October 2023
228909,BBB,2014J,01 October 2023,31 October 2023
229326,BBB,2014J,01 October 2023,31 October 2023
230383,BBB,2014J,01 October 2023,31 October 2023
235371,BBB,2014J,01 October 2023,31 October 2023
238144,BBB,2014J,01 October 2023,31 October 2023
245784,BBB,2014J,01 October 2023,31 October 2023
247457,BBB,2014J,01 October 2023,31 October 2023
247967,BBB,2014J,01 October 2023,31 October 2023
249154,BBB,2014J,01 October 2023,31 October 2023
252863,BBB,2014J,01 October 2023,31 October 2023
254313,BBB,2014J,01 October 2023,31 October 2023
254612,BBB,2014J,01 October 2023,31 October 2023
255957,BBB,2014J,01 October 2023,31 October 2023
258268,BBB,2014J,01 October 2023,31 October 2023
258840,BBB,2014J,01 October 2023,31 October 2023
260137,BBB,2014J,01 October 2023,31 October 2023
260216,BBB,2014J,01 October 2023,31 October 2023
260777,BBB,2014J,01 October 2023,31 October 2023
263448,BBB,2014J,01 October 2023,31 October 2023
264281,BBB,2014J,01 October 2023,31 October 2023
264694,BBB,2014J,01 October 2023,31 October 2023
264732,BBB,2014J,01 October 2023,31 October 2023
265466,BBB,2014J,01 October 2023,31 October 2023
267774,BBB,2014J,01 October 2023,31 October 2023
269510,BBB,2014J,01 October 2023,31 October 2023
270191,BBB,2014J,01 October 2023,31 October 2023
271047,BBB,2014J,01 October 2023,31 October 2023
272000,BBB,2014J,01 October 2023,31 October 2023
275180,BBB,2014J,01 October 2023,31 October 2023
275296,BBB,2014J,01 October 2023,31 October 2023
277967,BBB,2014J,01 October 2023,31 October 2023
279238,BBB,2014J,01 October 2023,31 October 2023
280054,BBB,2014J,01 October 2023,31 October 2023
280152,BBB,2014J,01 October 2023,31 October 2023
284246,BBB,2014J,01 October 2023,31 October 2023
284762,BBB,2014J,01 October 2023,31 October 2023
285470,BBB,2014J,01 October 2023,31 October 2023
285992,BBB,2014J,01 October 2023,31 October 2023
286338,BBB,2014J,01 October 2023,31 October 2023
286947,BBB,2014J,01 October 2023,31 October 2023
288086,BBB,2014J,01 October 2023,31 October 2023
288655,BBB,2014J,01 October 2023,31 October 2023
290184,BBB,2014J,01 October 2023,31 October 2023
292813,BBB,2014J,01 October 2023,31 October 2023
293387,BBB,2014J,01 October 2023,31 October 2023
293989,BBB,2014J,01 October 2023,31 October 2023
294134,BBB,2014J,01 October 2023,31 October 2023
297685,BBB,2014J,01 October 2023,31 October 2023
297806,BBB,2014J,01 October 2023,31 October 2023
298187,BBB,2014J,01 October 2023,31 October 2023
298303,BBB,2014J,01 October 2023,31 October 2023
298961,BBB,2014J,01 October 2023,31 October 2023
300819,BBB,2014J,01 October 2023,31 October 2023
303165,BBB,2014J,01 October 2023,31 October 2023
305909,BBB,2014J,01 October 2023,31 October 2023
306478,BBB,2014J,01 October 2023,31 October 2023
306880,BBB,2014J,01 October 2023,31 October 2023
308775,BBB,2014J,01 October 2023,31 October 2023
308850,BBB,2014J,01 October 2023,31 October 2023
314252,BBB,2014J,01 October 2023,31 October 2023
314675,BBB,2014J,01 October 2023,31 October 2023
314801,BBB,2014J,01 October 2023,31 October 2023
316421,BBB,2014J,01 October 2023,31 October 2023
321450,BBB,2014J,01 October 2023,31 October 2023
322184,BBB,2014J,01 October 2023,31 October 2023
322574,BBB,2014J,01 October 2023,31 October 2023
327224,BBB,2014J,01 October 2023,31 October 2023
327940,BBB,2014J,01 October 2023,31 October 2023
330917,BBB,2014J,01 October 2023,31 October 2023
330981,BBB,2014J,01 October 2023,31 October 2023
335035,BBB,2014J,01 October 2023,31 October 2023
335765,BBB,2014J,01 October 2023,31 October 2023
338554,BBB,2014J,01 October 2023,31 October 2023
340216,BBB,2014J,01 October 2023,31 October 2023
340592,BBB,2014J,01 October 2023,31 October 2023
340899,BBB,2014J,01 October 2023,31 October 2023
341611,BBB,2014J,01 October 2023,31 October 2023
342192,BBB,2014J,01 October 2023,31 October 2023
343138,BBB,2014J,01 October 2023,31 October 2023
349924,BBB,2014J,01 October 2023,31 October 2023
350312,BBB,2014J,01 October 2023,31 October 2023
350797,BBB,2014J,01 October 2023,31 October 2023
351050,BBB,2014J,01 October 2023,31 October 2023
353617,BBB,2014J,01 October 2023,31 October 2023
357901,BBB,2014J,01 October 2023,31 October 2023
358001,BBB,2014J,01 October 2023,31 October 2023
358204,BBB,2014J,01 October 2023,31 October 2023
361411,BBB,2014J,01 October 2023,31 October 2023
363213,BBB,2014J,01 October 2023,31 October 2023
364527,BBB,2014J,01 October 2023,31 October 2023
365097,BBB,2014J,01 October 2023,31 October 2023
366479,BBB,2014J,01 October 2023,31 October 2023
366791,BBB,2014J,01 October 2023,31 October 2023
368521,BBB,2014J,01 October 2023,31 October 2023
369234,BBB,2014J,01 October 2023,31 October 2023
372602,BBB,2014J,01 October 2023,31 October 2023
373846,BBB,2014J,01 October 2023,31 October 2023
376117,BBB,2014J,01 October 2023,31 October 2023
379212,BBB,2014J,01 October 2023,31 October 2023
379720,BBB,2014J,01 October 2023,31 October 2023
380515,BBB,2014J,01 October 2023,31 October 2023
381882,BBB,2014J,01 October 2023,31 October 2023
384266,BBB,2014J,01 October 2023,31 October 2023
385341,BBB,2014J,01 October 2023,31 October 2023
385405,BBB,2014J,01 October 2023,31 October 2023
387406,BBB,2014J,01 October 2023,31 October 2023
387773,BBB,2014J,01 October 2023,31 October 2023
388738,BBB,2014J,01 October 2023,31 October 2023
391937,BBB,2014J,01 October 2023,31 October 2023
393529,BBB,2014J,01 October 2023,31 October 2023
394314,BBB,2014J,01 October 2023,31 October 2023
395169,BBB,2014J,01 October 2023,31 October 2023
395320,BBB,2014J,01 October 2023,31 October 2023
395822,BBB,2014J,01 October 2023,31 October 2023
396016,BBB,2014J,01 October 2023,31 October 2023
396673,BBB,2014J,01 October 2023,31 October 2023
397414,BBB,2014J,01 October 2023,31 October 2023
398071,BBB,2014J,01 October 2023,31 October 2023
398442,BBB,2014J,01 October 2023,31 October 2023
399737,BBB,2014J,01 October 2023,31 October 2023
400549,BBB,2014J,01 October 2023,31 October 2023
401317,BBB,2014J,01 October 2023,31 October 2023
402180,BBB,2014J,01 October 2023,31 October 2023
403213,BBB,2014J,01 October 2023,31 October 2023
404121,BBB,2014J,01 October 2023,31 October 2023
404415,BBB,2014J,01 October 2023,31 October 2023
406000,BBB,2014J,01 October 2023,31 October 2023
409708,BBB,2014J,01 October 2023,31 October 2023
411105,BBB,2014J,01 October 2023,31 October 2023
411150,BBB,2014J,01 October 2023,31 October 2023
412081,BBB,2014J,01 October 2023,31 October 2023
412343,BBB,2014J,01 October 2023,31 October 2023
414663,BBB,2014J,01 October 2023,31 October 2023
417971,BBB,2014J,01 October 2023,31 October 2023
417978,BBB,2014J,01 October 2023,31 October 2023
417986,BBB,2014J,01 October 2023,31 October 2023
418077,BBB,2014J,01 October 2023,31 October 2023
418206,BBB,2014J,01 October 2023,31 October 2023
418502,BBB,2014J,01 October 2023,31 October 2023
419924,BBB,2014J,01 October 2023,31 October 2023
420631,BBB,2014J,01 October 2023,31 October 2023
423398,BBB,2014J,01 October 2023,31 October 2023
423613,BBB,2014J,01 October 2023,31 October 2023
424220,BBB,2014J,01 October 2023,31 October 2023
424586,BBB,2014J,01 October 2023,31 October 2023
425314,BBB,2014J,01 October 2023,31 October 2023
425772,BBB,2014J,01 October 2023,31 October 2023
426340,BBB,2014J,01 October 2023,31 October 2023
426624,BBB,2014J,01 October 2023,31 October 2023
430530,BBB,2014J,01 October 2023,31 October 2023
433064,BBB,2014J,01 October 2023,31 October 2023
435287,BBB,2014J,01 October 2023,31 October 2023
437550,BBB,2014J,01 October 2023,31 October 2023
439677,BBB,2014J,01 October 2023,31 October 2023
439806,BBB,2014J,01 October 2023,31 October 2023
440912,BBB,2014J,01 October 2023,31 October 2023
442685,BBB,2014J,01 October 2023,31 October 2023
442745,BBB,2014J,01 October 2023,31 October 2023
444361,BBB,2014J,01 October 2023,31 October 2023
444545,BBB,2014J,01 October 2023,31 October 2023
444768,BBB,2014J,01 October 2023,31 October 2023
445647,BBB,2014J,01 October 2023,31 October 2023
445774,BBB,2014J,01 October 2023,31 October 2023
446619,BBB,2014J,01 October 2023,31 October 2023
447124,BBB,2014J,01 October 2023,31 October 2023
447324,BBB,2014J,01 October 2023,31 October 2023
469579,BBB,2014J,01 October 2023,31 October 2023
469803,BBB,2014J,01 October 2023,31 October 2023
470464,BBB,2014J,01 October 2023,31 October 2023
473271,BBB,2014J,01 October 2023,31 October 2023
473444,BBB,2014J,01 October 2023,31 October 2023
474387,BBB,2014J,01 October 2023,31 October 2023
474408,BBB,2014J,01 October 2023,31 October 2023
475363,BBB,2014J,01 October 2023,31 October 2023
476253,BBB,2014J,01 October 2023,31 October 2023
476769,BBB,2014J,01 October 2023,31 October 2023
478412,BBB,2014J,01 October 2023,31 October 2023
480988,BBB,2014J,01 October 2023,31 October 2023
481593,BBB,2014J,01 October 2023,31 October 2023
481790,BBB,2014J,01 October 2023,31 October 2023
483315,BBB,2014J,01 October 2023,31 October 2023
483508,BBB,2014J,01 October 2023,31 October 2023
483674,BBB,2014J,01 October 2023,31 October 2023
484158,BBB,2014J,01 October 2023,31 October 2023
484252,BBB,2014J,01 October 2023,31 October 2023
484443,BBB,2014J,01 October 2023,31 October 2023
484490,BBB,2014J,01 October 2023,31 October 2023
484550,BBB,2014J,01 October 2023,31 October 2023
485853,BBB,2014J,01 October 2023,31 October 2023
486516,BBB,2014J,01 October 2023,31 October 2023
488242,BBB,2014J,01 October 2023,31 October 2023
488854,BBB,2014J,01 October 2023,31 October 2023
490299,BBB,2014J,01 October 2023,31 October 2023
490648,BBB,2014J,01 October 2023,31 October 2023
491001,BBB,2014J,01 October 2023,31 October 2023
491387,BBB,2014J,01 October 2023,31 October 2023
492579,BBB,2014J,01 October 2023,31 October 2023
492592,BBB,2014J,01 October 2023,31 October 2023
492676,BBB,2014J,01 October 2023,31 October 2023
492979,BBB,2014J,01 October 2023,31 October 2023
493443,BBB,2014J,01 October 2023,31 October 2023
493460,BBB,2014J,01 October 2023,31 October 2023
493609,BBB,2014J,01 October 2023,31 October 2023
493763,BBB,2014J,01 October 2023,31 October 2023
494212,BBB,2014J,01 October 2023,31 October 2023
495239,BBB,2014J,01 October 2023,31 October 2023
495489,BBB,2014J,01 October 2023,31 October 2023
495522,BBB,2014J,01 October 2023,31 October 2023
495786,BBB,2014J,01 October 2023,31 October 2023
496373,BBB,2014J,01 October 2023,31 October 2023
496381,BBB,2014J,01 October 2023,31 October 2023
497074,BBB,2014J,01 October 2023,31 October 2023
497084,BBB,2014J,01 October 2023,31 October 2023
499790,BBB,2014J,01 October 2023,31 October 2023
499819,BBB,2014J,01 October 2023,31 October 2023
500502,BBB,2014J,01 October 2023,31 October 2023
501414,BBB,2014J,01 October 2023,31 October 2023
502767,BBB,2014J,01 October 2023,31 October 2023
503159,BBB,2014J,01 October 2023,31 October 2023
503663,BBB,2014J,01 October 2023,31 October 2023
504066,BBB,2014J,01 October 2023,31 October 2023
504597,BBB,2014J,01 October 2023,31 October 2023
505692,BBB,2014J,01 October 2023,31 October 2023
505878,BBB,2014J,01 October 2023,31 October 2023
506020,BBB,2014J,01 October 2023,31 October 2023
506219,BBB,2014J,01 October 2023,31 October 2023
506679,BBB,2014J,01 October 2023,31 October 2023
507014,BBB,2014J,01 October 2023,31 October 2023
507149,BBB,2014J,01 October 2023,31 October 2023
507386,BBB,2014J,01 October 2023,31 October 2023
507783,BBB,2014J,01 October 2023,31 October 2023
508431,BBB,2014J,01 October 2023,31 October 2023
509466,BBB,2014J,01 October 2023,31 October 2023
509578,BBB,2014J,01 October 2023,31 October 2023
509935,BBB,2014J,01 October 2023,31 October 2023
510068,BBB,2014J,01 October 2023,31 October 2023
510471,BBB,2014J,01 October 2023,31 October 2023
511001,BBB,2014J,01 October 2023,31 October 2023
511295,BBB,2014J,01 October 2023,31 October 2023
511424,BBB,2014J,01 October 2023,31 October 2023
511807,BBB,2014J,01 October 2023,31 October 2023
511962,BBB,2014J,01 October 2023,31 October 2023
512411,BBB,2014J,01 October 2023,31 October 2023
512493,BBB,2014J,01 October 2023,31 October 2023
512722,BBB,2014J,01 October 2023,31 October 2023
513250,BBB,2014J,01 October 2023,31 October 2023
513751,BBB,2014J,01 October 2023,31 October 2023
514006,BBB,2014J,01 October 2023,31 October 2023
514581,BBB,2014J,01 October 2023,31 October 2023
515329,BBB,2014J,01 October 2023,31 October 2023
515349,BBB,2014J,01 October 2023,31 October 2023
516434,BBB,2014J,01 October 2023,31 October 2023
516588,BBB,2014J,01 October 2023,31 October 2023
517112,BBB,2014J,01 October 2023,31 October 2023
518389,BBB,2014J,01 October 2023,31 October 2023
519995,BBB,2014J,01 October 2023,31 October 2023
520076,BBB,2014J,01 October 2023,31 October 2023
520972,BBB,2014J,01 October 2023,31 October 2023
521164,BBB,2014J,01 October 2023,31 October 2023
522189,BBB,2014J,01 October 2023,31 October 2023
522381,BBB,2014J,01 October 2023,31 October 2023
522478,BBB,2014J,01 October 2023,31 October 2023
522784,BBB,2014J,01 October 2023,31 October 2023
523132,BBB,2014J,01 October 2023,31 October 2023
523831,BBB,2014J,01 October 2023,31 October 2023
523905,BBB,2014J,01 October 2023,31 October 2023
524043,BBB,2014J,01 October 2023,31 October 2023
526789,BBB,2014J,01 October 2023,31 October 2023
526844,BBB,2014J,01 October 2023,31 October 2023
527102,BBB,2014J,01 October 2023,31 October 2023
527742,BBB,2014J,01 October 2023,31 October 2023
528432,BBB,2014J,01 October 2023,31 October 2023
528702,BBB,2014J,01 October 2023,31 October 2023
530772,BBB,2014J,01 October 2023,31 October 2023
530941,BBB,2014J,01 October 2023,31 October 2023
530960,BBB,2014J,01 October 2023,31 October 2023
531450,BBB,2014J,01 October 2023,31 October 2023
531753,BBB,2014J,01 October 2023,31 October 2023
531865,BBB,2014J,01 October 2023,31 October 2023
532779,BBB,2014J,01 October 2023,31 October 2023
532794,BBB,2014J,01 October 2023,31 October 2023
533209,BBB,2014J,01 October 2023,31 October 2023
534588,BBB,2014J,01 October 2023,31 October 2023
534715,BBB,2014J,01 October 2023,31 October 2023
534884,BBB,2014J,01 October 2023,31 October 2023
535963,BBB,2014J,01 October 2023,31 October 2023
536767,BBB,2014J,01 October 2023,31 October 2023
537194,BBB,2014J,01 October 2023,31 October 2023
537221,BBB,2014J,01 October 2023,31 October 2023
537640,BBB,2014J,01 October 2023,31 October 2023
539635,BBB,2014J,01 October 2023,31 October 2023
539657,BBB,2014J,01 October 2023,31 October 2023
541123,BBB,2014J,01 October 2023,31 October 2023
541315,BBB,2014J,01 October 2023,31 October 2023
541476,BBB,2014J,01 October 2023,31 October 2023
541995,BBB,2014J,01 October 2023,31 October 2023
542164,BBB,2014J,01 October 2023,31 October 2023
543439,BBB,2014J,01 October 2023,31 October 2023
544177,BBB,2014J,01 October 2023,31 October 2023
545964,BBB,2014J,01 October 2023,31 October 2023
546114,BBB,2014J,01 October 2023,31 October 2023
546250,BBB,2014J,01 October 2023,31 October 2023
547408,BBB,2014J,01 October 2023,31 October 2023
547788,BBB,2014J,01 October 2023,31 October 2023
549288,BBB,2014J,01 October 2023,31 October 2023
549775,BBB,2014J,01 October 2023,31 October 2023
549839,BBB,2014J,01 October 2023,31 October 2023
550081,BBB,2014J,01 October 2023,31 October 2023
550245,BBB,2014J,01 October 2023,31 October 2023
551000,BBB,2014J,01 October 2023,31 October 2023
551237,BBB,2014J,01 October 2023,31 October 2023
551242,BBB,2014J,01 October 2023,31 October 2023
551276,BBB,2014J,01 October 2023,31 October 2023
551922,BBB,2014J,01 October 2023,31 October 2023
552698,BBB,2014J,01 October 2023,31 October 2023
553196,BBB,2014J,01 October 2023,31 October 2023
554048,BBB,2014J,01 October 2023,31 October 2023
554599,BBB,2014J,01 October 2023,31 October 2023
555749,BBB,2014J,01 October 2023,31 October 2023
556290,BBB,2014J,01 October 2023,31 October 2023
556644,BBB,2014J,01 October 2023,31 October 2023
557085,BBB,2014J,01 October 2023,31 October 2023
559973,BBB,2014J,01 October 2023,31 October 2023
560089,BBB,2014J,01 October 2023,31 October 2023
560597,BBB,2014J,01 October 2023,31 October 2023
560652,BBB,2014J,01 October 2023,31 October 2023
561206,BBB,2014J,01 October 2023,31 October 2023
561608,BBB,2014J,01 October 2023,31 October 2023
561618,BBB,2014J,01 October 2023,31 October 2023
561752,BBB,2014J,01 October 2023,31 October 2023
561773,BBB,2014J,01 October 2023,31 October 2023
561798,BBB,2014J,01 October 2023,31 October 2023
561979,BBB,2014J,01 October 2023,31 October 2023
562239,BBB,2014J,01 October 2023,31 October 2023
562769,BBB,2014J,01 October 2023,31 October 2023
563027,BBB,2014J,01 October 2023,31 October 2023
563302,BBB,2014J,01 October 2023,31 October 2023
563820,BBB,2014J,01 October 2023,31 October 2023
564115,BBB,2014J,01 October 2023,31 October 2023
564278,BBB,2014J,01 October 2023,31 October 2023
565182,BBB,2014J,01 October 2023,31 October 2023
565273,BBB,2014J,01 October 2023,31 October 2023
565575,BBB,2014J,01 October 2023,31 October 2023
565576,BBB,2014J,01 October 2023,31 October 2023
565599,BBB,2014J,01 October 2023,31 October 2023
568019,BBB,2014J,01 October 2023,31 October 2023
568232,BBB,2014J,01 October 2023,31 October 2023
568749,BBB,2014J,01 October 2023,31 October 2023
569157,BBB,2014J,01 October 2023,31 October 2023
569256,BBB,2014J,01 October 2023,31 October 2023
569589,BBB,2014J,01 October 2023,31 October 2023
569981,BBB,2014J,01 October 2023,31 October 2023
570275,BBB,2014J,01 October 2023,31 October 2023
570484,BBB,2014J,01 October 2023,31 October 2023
570692,BBB,2014J,01 October 2023,31 October 2023
571334,BBB,2014J,01 October 2023,31 October 2023
571395,BBB,2014J,01 October 2023,31 October 2023
571641,BBB,2014J,01 October 2023,31 October 2023
571868,BBB,2014J,01 October 2023,31 October 2023
572032,BBB,2014J,01 October 2023,31 October 2023
572101,BBB,2014J,01 October 2023,31 October 2023
572106,BBB,2014J,01 October 2023,31 October 2023
572119,BBB,2014J,01 October 2023,31 October 2023
572306,BBB,2014J,01 October 2023,31 October 2023
572371,BBB,2014J,01 October 2023,31 October 2023
572395,BBB,2014J,01 October 2023,31 October 2023
572496,BBB,2014J,01 October 2023,31 October 2023
572538,BBB,2014J,01 October 2023,31 October 2023
573130,BBB,2014J,01 October 2023,31 October 2023
573131,BBB,2014J,01 October 2023,31 October 2023
573252,BBB,2014J,01 October 2023,31 October 2023
573297,BBB,2014J,01 October 2023,31 October 2023
573534,BBB,2014J,01 October 2023,31 October 2023
573554,BBB,2014J,01 October 2023,31 October 2023
573713,BBB,2014J,01 October 2023,31 October 2023
573873,BBB,2014J,01 October 2023,31 October 2023
573934,BBB,2014J,01 October 2023,31 October 2023
574031,BBB,2014J,01 October 2023,31 October 2023
574063,BBB,2014J,01 October 2023,31 October 2023
574244,BBB,2014J,01 October 2023,31 October 2023
574253,BBB,2014J,01 October 2023,31 October 2023
574306,BBB,2014J,01 October 2023,31 October 2023
574512,BBB,2014J,01 October 2023,31 October 2023
574841,BBB,2014J,01 October 2023,31 October 2023
574849,BBB,2014J,01 October 2023,31 October 2023
574865,BBB,2014J,01 October 2023,31 October 2023
575404,BBB,2014J,01 October 2023,31 October 2023
575630,BBB,2014J,01 October 2023,31 October 2023
575892,BBB,2014J,01 October 2023,31 October 2023
576203,BBB,2014J,01 October 2023,31 October 2023
576262,BBB,2014J,01 October 2023,31 October 2023
576268,BBB,2014J,01 October 2023,31 October 2023
576445,BBB,2014J,01 October 2023,31 October 2023
576689,BBB,2014J,01 October 2023,31 October 2023
576913,BBB,2014J,01 October 2023,31 October 2023
576923,BBB,2014J,01 October 2023,31 October 2023
577354,BBB,2014J,01 October 2023,31 October 2023
577467,BBB,2014J,01 October 2023,31 October 2023
577618,BBB,2014J,01 October 2023,31 October 2023
577645,BBB,2014J,01 October 2023,31 October 2023
577728,BBB,2014J,01 October 2023,31 October 2023
577743,BBB,2014J,01 October 2023,31 October 2023
577934,BBB,2014J,01 October 2023,31 October 2023
578132,BBB,2014J,01 October 2023,31 October 2023
578418,BBB,2014J,01 October 2023,31 October 2023
578439,BBB,2014J,01 October 2023,31 October 2023
578445,BBB,2014J,01 October 2023,31 October 2023
578551,BBB,2014J,01 October 2023,31 October 2023
578710,BBB,2014J,01 October 2023,31 October 2023
578861,BBB,2014J,01 October 2023,31 October 2023
579031,BBB,2014J,01 October 2023,31 October 2023
579161,BBB,2014J,01 October 2023,31 October 2023
579201,BBB,2014J,01 October 2023,31 October 2023
579251,BBB,2014J,01 October 2023,31 October 2023
579409,BBB,2014J,01 October 2023,31 October 2023
581118,BBB,2014J,01 October 2023,31 October 2023
581178,BBB,2014J,01 October 2023,31 October 2023
581866,BBB,2014J,01 October 2023,31 October 2023
581877,BBB,2014J,01 October 2023,31 October 2023
582040,BBB,2014J,01 October 2023,31 October 2023
582253,BBB,2014J,01 October 2023,31 October 2023
582348,BBB,2014J,01 October 2023,31 October 2023
582460,BBB,2014J,01 October 2023,31 October 2023
582694,BBB,2014J,01 October 2023,31 October 2023
582709,BBB,2014J,01 October 2023,31 October 2023
582816,BBB,2014J,01 October 2023,31 October 2023
582898,BBB,2014J,01 October 2023,31 October 2023
582933,BBB,2014J,01 October 2023,31 October 2023
582964,BBB,2014J,01 October 2023,31 October 2023
583775,BBB,2014J,01 October 2023,31 October 2023
583843,BBB,2014J,01 October 2023,31 October 2023
583954,BBB,2014J,01 October 2023,31 October 2023
584274,BBB,2014J,01 October 2023,31 October 2023
584283,BBB,2014J,01 October 2023,31 October 2023
584509,BBB,2014J,01 October 2023,31 October 2023
584539,BBB,2014J,01 October 2023,31 October 2023
584595,BBB,2014J,01 October 2023,31 October 2023
584664,BBB,2014J,01 October 2023,31 October 2023
584733,BBB,2014J,01 October 2023,31 October 2023
584864,BBB,2014J,01 October 2023,31 October 2023
585762,BBB,2014J,01 October 2023,31 October 2023
586036,BBB,2014J,01 October 2023,31 October 2023
586134,BBB,2014J,01 October 2023,31 October 2023
586142,BBB,2014J,01 October 2023,31 October 2023
586180,BBB,2014J,01 October 2023,31 October 2023
586376,BBB,2014J,01 October 2023,31 October 2023
586398,BBB,2014J,01 October 2023,31 October 2023
586502,BBB,2014J,01 October 2023,31 October 2023
586561,BBB,2014J,01 October 2023,31 October 2023
586652,BBB,2014J,01 October 2023,31 October 2023
586818,BBB,2014J,01 October 2023,31 October 2023
587037,BBB,2014J,01 October 2023,31 October 2023
587054,BBB,2014J,01 October 2023,31 October 2023
587434,BBB,2014J,01 October 2023,31 October 2023
587459,BBB,2014J,01 October 2023,31 October 2023
587860,BBB,2014J,01 October 2023,31 October 2023
588062,BBB,2014J,01 October 2023,31 October 2023
588166,BBB,2014J,01 October 2023,31 October 2023
588207,BBB,2014J,01 October 2023,31 October 2023
588251,BBB,2014J,01 October 2023,31 October 2023
588944,BBB,2014J,01 October 2023,31 October 2023
588991,BBB,2014J,01 October 2023,31 October 2023
589133,BBB,2014J,01 October 2023,31 October 2023
589554,BBB,2014J,01 October 2023,31 October 2023
589621,BBB,2014J,01 October 2023,31 October 2023
589935,BBB,2014J,01 October 2023,31 October 2023
589968,BBB,2014J,01 October 2023,31 October 2023
590086,BBB,2014J,01 October 2023,31 October 2023
590122,BBB,2014J,01 October 2023,31 October 2023
590416,BBB,2014J,01 October 2023,31 October 2023
590444,BBB,2014J,01 October 2023,31 October 2023
590593,BBB,2014J,01 October 2023,31 October 2023
590764,BBB,2014J,01 October 2023,31 October 2023
590854,BBB,2014J,01 October 2023,31 October 2023
591159,BBB,2014J,01 October 2023,31 October 2023
591999,BBB,2014J,01 October 2023,31 October 2023
592090,BBB,2014J,01 October 2023,31 October 2023
592135,BBB,2014J,01 October 2023,31 October 2023
592139,BBB,2014J,01 October 2023,31 October 2023
592258,BBB,2014J,01 October 2023,31 October 2023
592262,BBB,2014J,01 October 2023,31 October 2023
592733,BBB,2014J,01 October 2023,31 October 2023
593000,BBB,2014J,01 October 2023,31 October 2023
593346,BBB,2014J,01 October 2023,31 October 2023
593476,BBB,2014J,01 October 2023,31 October 2023
593583,BBB,2014J,01 October 2023,31 October 2023
593791,BBB,2014J,01 October 2023,31 October 2023
593819,BBB,2014J,01 October 2023,31 October 2023
594083,BBB,2014J,01 October 2023,31 October 2023
594282,BBB,2014J,01 October 2023,31 October 2023
594872,BBB,2014J,01 October 2023,31 October 2023
595018,BBB,2014J,01 October 2023,31 October 2023
595130,BBB,2014J,01 October 2023,31 October 2023
595137,BBB,2014J,01 October 2023,31 October 2023
595365,BBB,2014J,01 October 2023,31 October 2023
595421,BBB,2014J,01 October 2023,31 October 2023
595850,BBB,2014J,01 October 2023,31 October 2023
595892,BBB,2014J,01 October 2023,31 October 2023
596072,BBB,2014J,01 October 2023,31 October 2023
596128,BBB,2014J,01 October 2023,31 October 2023
596151,BBB,2014J,01 October 2023,31 October 2023
596496,BBB,2014J,01 October 2023,31 October 2023
596513,BBB,2014J,01 October 2023,31 October 2023
596728,BBB,2014J,01 October 2023,31 October 2023
596744,BBB,2014J,01 October 2023,31 October 2023
597539,BBB,2014J,01 October 2023,31 October 2023
597853,BBB,2014J,01 October 2023,31 October 2023
598035,BBB,2014J,01 October 2023,31 October 2023
598201,BBB,2014J,01 October 2023,31 October 2023
598282,BBB,2014J,01 October 2023,31 October 2023
598317,BBB,2014J,01 October 2023,31 October 2023
598395,BBB,2014J,01 October 2023,31 October 2023
598581,BBB,2014J,01 October 2023,31 October 2023
598769,BBB,2014J,01 October 2023,31 October 2023
598837,BBB,2014J,01 October 2023,31 October 2023
599108,BBB,2014J,01 October 2023,31 October 2023
599232,BBB,2014J,01 October 2023,31 October 2023
599323,BBB,2014J,01 October 2023,31 October 2023
599355,BBB,2014J,01 October 2023,31 October 2023
600387,BBB,2014J,01 October 2023,31 October 2023
600398,BBB,2014J,01 October 2023,31 October 2023
600404,BBB,2014J,01 October 2023,31 October 2023
600415,BBB,2014J,01 October 2023,31 October 2023
600463,BBB,2014J,01 October 2023,31 October 2023
600606,BBB,2014J,01 October 2023,31 October 2023
600658,BBB,2014J,01 October 2023,31 October 2023
600664,BBB,2014J,01 October 2023,31 October 2023
601247,BBB,2014J,01 October 2023,31 October 2023
601285,BBB,2014J,01 October 2023,31 October 2023
601803,BBB,2014J,01 October 2023,31 October 2023
601874,BBB,2014J,01 October 2023,31 October 2023
601882,BBB,2014J,01 October 2023,31 October 2023
601930,BBB,2014J,01 October 2023,31 October 2023
601983,BBB,2014J,01 October 2023,31 October 2023
602109,BBB,2014J,01 October 2023,31 October 2023
602448,BBB,2014J,01 October 2023,31 October 2023
602471,BBB,2014J,01 October 2023,31 October 2023
602570,BBB,2014J,01 October 2023,31 October 2023
602696,BBB,2014J,01 October 2023,31 October 2023
602779,BBB,2014J,01 October 2023,31 October 2023
602865,BBB,2014J,01 October 2023,31 October 2023
602943,BBB,2014J,01 October 2023,31 October 2023
603055,BBB,2014J,01 October 2023,31 October 2023
603121,BBB,2014J,01 October 2023,31 October 2023
603200,BBB,2014J,01 October 2023,31 October 2023
603203,BBB,2014J,01 October 2023,31 October 2023
603580,BBB,2014J,01 October 2023,31 October 2023
603731,BBB,2014J,01 October 2023,31 October 2023
603746,BBB,2014J,01 October 2023,31 October 2023
603921,BBB,2014J,01 October 2023,31 October 2023
604358,BBB,2014J,01 October 2023,31 October 2023
604725,BBB,2014J,01 October 2023,31 October 2023
604950,BBB,2014J,01 October 2023,31 October 2023
604990,BBB,2014J,01 October 2023,31 October 2023
605068,BBB,2014J,01 October 2023,31 October 2023
605089,BBB,2014J,01 October 2023,31 October 2023
605186,BBB,2014J,01 October 2023,31 October 2023
605243,BBB,2014J,01 October 2023,31 October 2023
605383,BBB,2014J,01 October 2023,31 October 2023
605770,BBB,2014J,01 October 2023,31 October 2023
605901,BBB,2014J,01 October 2023,31 October 2023
606004,BBB,2014J,01 October 2023,31 October 2023
606027,BBB,2014J,01 October 2023,31 October 2023
606105,BBB,2014J,01 October 2023,31 October 2023
606134,BBB,2014J,01 October 2023,31 October 2023
606239,BBB,2014J,01 October 2023,31 October 2023
606391,BBB,2014J,01 October 2023,31 October 2023
606442,BBB,2014J,01 October 2023,31 October 2023
606517,BBB,2014J,01 October 2023,31 October 2023
606531,BBB,2014J,01 October 2023,31 October 2023
606535,BBB,2014J,01 October 2023,31 October 2023
606586,BBB,2014J,01 October 2023,31 October 2023
606861,BBB,2014J,01 October 2023,31 October 2023
606864,BBB,2014J,01 October 2023,31 October 2023
606914,BBB,2014J,01 October 2023,31 October 2023
607176,BBB,2014J,01 October 2023,31 October 2023
607603,BBB,2014J,01 October 2023,31 October 2023
607923,BBB,2014J,01 October 2023,31 October 2023
608068,BBB,2014J,01 October 2023,31 October 2023
608134,BBB,2014J,01 October 2023,31 October 2023
608195,BBB,2014J,01 October 2023,31 October 2023
608319,BBB,2014J,01 October 2023,31 October 2023
608448,BBB,2014J,01 October 2023,31 October 2023
608851,BBB,2014J,01 October 2023,31 October 2023
609194,BBB,2014J,01 October 2023,31 October 2023
609203,BBB,2014J,01 October 2023,31 October 2023
609403,BBB,2014J,01 October 2023,31 October 2023
609927,BBB,2014J,01 October 2023,31 October 2023
610385,BBB,2014J,01 October 2023,31 October 2023
610405,BBB,2014J,01 October 2023,31 October 2023
610437,BBB,2014J,01 October 2023,31 October 2023
610470,BBB,2014J,01 October 2023,31 October 2023
610545,BBB,2014J,01 October 2023,31 October 2023
611241,BBB,2014J,01 October 2023,31 October 2023
611275,BBB,2014J,01 October 2023,31 October 2023
611329,BBB,2014J,01 October 2023,31 October 2023
611821,BBB,2014J,01 October 2023,31 October 2023
612135,BBB,2014J,01 October 2023,31 October 2023
612230,BBB,2014J,01 October 2023,31 October 2023
612247,BBB,2014J,01 October 2023,31 October 2023
612337,BBB,2014J,01 October 2023,31 October 2023
612473,BBB,2014J,01 October 2023,31 October 2023
612566,BBB,2014J,01 October 2023,31 October 2023
612750,BBB,2014J,01 October 2023,31 October 2023
613102,BBB,2014J,01 October 2023,31 October 2023
613135,BBB,2014J,01 October 2023,31 October 2023
613380,BBB,2014J,01 October 2023,31 October 2023
613909,BBB,2014J,01 October 2023,31 October 2023
614159,BBB,2014J,01 October 2023,31 October 2023
614405,BBB,2014J,01 October 2023,31 October 2023
615016,BBB,2014J,01 October 2023,31 October 2023
615165,BBB,2014J,01 October 2023,31 October 2023
615263,BBB,2014J,01 October 2023,31 October 2023
616660,BBB,2014J,01 October 2023,31 October 2023
617521,BBB,2014J,01 October 2023,31 October 2023
617530,BBB,2014J,01 October 2023,31 October 2023
617671,BBB,2014J,01 October 2023,31 October 2023
617804,BBB,2014J,01 October 2023,31 October 2023
617811,BBB,2014J,01 October 2023,31 October 2023
618589,BBB,2014J,01 October 2023,31 October 2023
618734,BBB,2014J,01 October 2023,31 October 2023
618960,BBB,2014J,01 October 2023,31 October 2023
618983,BBB,2014J,01 October 2023,31 October 2023
618994,BBB,2014J,01 October 2023,31 October 2023
619052,BBB,2014J,01 October 2023,31 October 2023
619935,BBB,2014J,01 October 2023,31 October 2023
620000,BBB,2014J,01 October 2023,31 October 2023
620115,BBB,2014J,01 October 2023,31 October 2023
620135,BBB,2014J,01 October 2023,31 October 2023
620550,BBB,2014J,01 October 2023,31 October 2023
620655,BBB,2014J,01 October 2023,31 October 2023
620698,BBB,2014J,01 October 2023,31 October 2023
621487,BBB,2014J,01 October 2023,31 October 2023
621826,BBB,2014J,01 October 2023,31 October 2023
621856,BBB,2014J,01 October 2023,31 October 2023
621899,BBB,2014J,01 October 2023,31 October 2023
621935,BBB,2014J,01 October 2023,31 October 2023
622007,BBB,2014J,01 October 2023,31 October 2023
622117,BBB,2014J,01 October 2023,31 October 2023
622313,BBB,2014J,01 October 2023,31 October 2023
622573,BBB,2014J,01 October 2023,31 October 2023
622722,BBB,2014J,01 October 2023,31 October 2023
623042,BBB,2014J,01 October 2023,31 October 2023
623097,BBB,2014J,01 October 2023,31 October 2023
623319,BBB,2014J,01 October 2023,31 October 2023
623376,BBB,2014J,01 October 2023,31 October 2023
623441,BBB,2014J,01 October 2023,31 October 2023
623519,BBB,2014J,01 October 2023,31 October 2023
623648,BBB,2014J,01 October 2023,31 October 2023
623689,BBB,2014J,01 October 2023,31 October 2023
624342,BBB,2014J,01 October 2023,31 October 2023
624709,BBB,2014J,01 October 2023,31 October 2023
624795,BBB,2014J,01 October 2023,31 October 2023
625666,BBB,2014J,01 October 2023,31 October 2023
625709,BBB,2014J,01 October 2023,31 October 2023
625826,BBB,2014J,01 October 2023,31 October 2023
626012,BBB,2014J,01 October 2023,31 October 2023
626075,BBB,2014J,01 October 2023,31 October 2023
626139,BBB,2014J,01 October 2023,31 October 2023
626159,BBB,2014J,01 October 2023,31 October 2023
626195,BBB,2014J,01 October 2023,31 October 2023
626210,BBB,2014J,01 October 2023,31 October 2023
626646,BBB,2014J,01 October 2023,31 October 2023
626660,BBB,2014J,01 October 2023,31 October 2023
626740,BBB,2014J,01 October 2023,31 October 2023
626835,BBB,2014J,01 October 2023,31 October 2023
627119,BBB,2014J,01 October 2023,31 October 2023
627269,BBB,2014J,01 October 2023,31 October 2023
627563,BBB,2014J,01 October 2023,31 October 2023
627660,BBB,2014J,01 October 2023,31 October 2023
627968,BBB,2014J,01 October 2023,31 October 2023
628388,BBB,2014J,01 October 2023,31 October 2023
628435,BBB,2014J,01 October 2023,31 October 2023
628656,BBB,2014J,01 October 2023,31 October 2023
628679,BBB,2014J,01 October 2023,31 October 2023
628819,BBB,2014J,01 October 2023,31 October 2023
628991,BBB,2014J,01 October 2023,31 October 2023
629053,BBB,2014J,01 October 2023,31 October 2023
629127,BBB,2014J,01 October 2023,31 October 2023
629245,BBB,2014J,01 October 2023,31 October 2023
629553,BBB,2014J,01 October 2023,31 October 2023
630274,BBB,2014J,01 October 2023,31 October 2023
630286,BBB,2014J,01 October 2023,31 October 2023
630343,BBB,2014J,01 October 2023,31 October 2023
630404,BBB,2014J,01 October 2023,31 October 2023
630465,BBB,2014J,01 October 2023,31 October 2023
630597,BBB,2014J,01 October 2023,31 October 2023
630697,BBB,2014J,01 October 2023,31 October 2023
630716,BBB,2014J,01 October 2023,31 October 2023
630773,BBB,2014J,01 October 2023,31 October 2023
630834,BBB,2014J,01 October 2023,31 October 2023
631230,BBB,2014J,01 October 2023,31 October 2023
631248,BBB,2014J,01 October 2023,31 October 2023
631266,BBB,2014J,01 October 2023,31 October 2023
631416,BBB,2014J,01 October 2023,31 October 2023
631640,BBB,2014J,01 October 2023,31 October 2023
631775,BBB,2014J,01 October 2023,31 October 2023
631954,BBB,2014J,01 October 2023,31 October 2023
632144,BBB,2014J,01 October 2023,31 October 2023
632255,BBB,2014J,01 October 2023,31 October 2023
632281,BBB,2014J,01 October 2023,31 October 2023
632431,BBB,2014J,01 October 2023,31 October 2023
632473,BBB,2014J,01 October 2023,31 October 2023
632632,BBB,2014J,01 October 2023,31 October 2023
632722,BBB,2014J,01 October 2023,31 October 2023
632955,BBB,2014J,01 October 2023,31 October 2023
633016,BBB,2014J,01 October 2023,31 October 2023
633206,BBB,2014J,01 October 2023,31 October 2023
633902,BBB,2014J,01 October 2023,31 October 2023
633949,BBB,2014J,01 October 2023,31 October 2023
634247,BBB,2014J,01 October 2023,31 October 2023
634636,BBB,2014J,01 October 2023,31 October 2023
634772,BBB,2014J,01 October 2023,31 October 2023
635251,BBB,2014J,01 October 2023,31 October 2023
635328,BBB,2014J,01 October 2023,31 October 2023
635425,BBB,2014J,01 October 2023,31 October 2023
635452,BBB,2014J,01 October 2023,31 October 2023
635561,BBB,2014J,01 October 2023,31 October 2023
635716,BBB,2014J,01 October 2023,31 October 2023
635890,BBB,2014J,01 October 2023,31 October 2023
635921,BBB,2014J,01 October 2023,31 October 2023
635924,BBB,2014J,01 October 2023,31 October 2023
636064,BBB,2014J,01 October 2023,31 October 2023
636302,BBB,2014J,01 October 2023,31 October 2023
636525,BBB,2014J,01 October 2023,31 October 2023
636660,BBB,2014J,01 October 2023,31 October 2023
636807,BBB,2014J,01 October 2023,31 October 2023
636953,BBB,2014J,01 October 2023,31 October 2023
637003,BBB,2014J,01 October 2023,31 October 2023
637063,BBB,2014J,01 October 2023,31 October 2023
637238,BBB,2014J,01 October 2023,31 October 2023
637279,BBB,2014J,01 October 2023,31 October 2023
637295,BBB,2014J,01 October 2023,31 October 2023
637348,BBB,2014J,01 October 2023,31 October 2023
637370,BBB,2014J,01 October 2023,31 October 2023
637382,BBB,2014J,01 October 2023,31 October 2023
637388,BBB,2014J,01 October 2023,31 October 2023
637414,BBB,2014J,01 October 2023,31 October 2023
637586,BBB,2014J,01 October 2023,31 October 2023
637715,BBB,2014J,01 October 2023,31 October 2023
637810,BBB,2014J,01 October 2023,31 October 2023
637815,BBB,2014J,01 October 2023,31 October 2023
637820,BBB,2014J,01 October 2023,31 October 2023
637867,BBB,2014J,01 October 2023,31 October 2023
637903,BBB,2014J,01 October 2023,31 October 2023
638036,BBB,2014J,01 October 2023,31 October 2023
638417,BBB,2014J,01 October 2023,31 October 2023
638516,BBB,2014J,01 October 2023,31 October 2023
638544,BBB,2014J,01 October 2023,31 October 2023
638554,BBB,2014J,01 October 2023,31 October 2023
638575,BBB,2014J,01 October 2023,31 October 2023
638756,BBB,2014J,01 October 2023,31 October 2023
638818,BBB,2014J,01 October 2023,31 October 2023
638997,BBB,2014J,01 October 2023,31 October 2023
639659,BBB,2014J,01 October 2023,31 October 2023
639663,BBB,2014J,01 October 2023,31 October 2023
639724,BBB,2014J,01 October 2023,31 October 2023
640225,BBB,2014J,01 October 2023,31 October 2023
640265,BBB,2014J,01 October 2023,31 October 2023
640289,BBB,2014J,01 October 2023,31 October 2023
640291,BBB,2014J,01 October 2023,31 October 2023
640330,BBB,2014J,01 October 2023,31 October 2023
640425,BBB,2014J,01 October 2023,31 October 2023
640455,BBB,2014J,01 October 2023,31 October 2023
640501,BBB,2014J,01 October 2023,31 October 2023
640701,BBB,2014J,01 October 2023,31 October 2023
640706,BBB,2014J,01 October 2023,31 October 2023
640712,BBB,2014J,01 October 2023,31 October 2023
640753,BBB,2014J,01 October 2023,31 October 2023
641045,BBB,2014J,01 October 2023,31 October 2023
641262,BBB,2014J,01 October 2023,31 October 2023
641329,BBB,2014J,01 October 2023,31 October 2023
641540,BBB,2014J,01 October 2023,31 October 2023
641616,BBB,2014J,01 October 2023,31 October 2023
641795,BBB,2014J,01 October 2023,31 October 2023
641840,BBB,2014J,01 October 2023,31 October 2023
641992,BBB,2014J,01 October 2023,31 October 2023
642067,BBB,2014J,01 October 2023,31 October 2023
642075,BBB,2014J,01 October 2023,31 October 2023
642083,BBB,2014J,01 October 2023,31 October 2023
642122,BBB,2014J,01 October 2023,31 October 2023
642201,BBB,2014J,01 October 2023,31 October 2023
642250,BBB,2014J,01 October 2023,31 October 2023
642292,BBB,2014J,01 October 2023,31 October 2023
642405,BBB,2014J,01 October 2023,31 October 2023
642413,BBB,2014J,01 October 2023,31 October 2023
642439,BBB,2014J,01 October 2023,31 October 2023
642550,BBB,2014J,01 October 2023,31 October 2023
642595,BBB,2014J,01 October 2023,31 October 2023
642600,BBB,2014J,01 October 2023,31 October 2023
642633,BBB,2014J,01 October 2023,31 October 2023
642698,BBB,2014J,01 October 2023,31 October 2023
642731,BBB,2014J,01 October 2023,31 October 2023
642802,BBB,2014J,01 October 2023,31 October 2023
642834,BBB,2014J,01 October 2023,31 October 2023
642836,BBB,2014J,01 October 2023,31 October 2023
642988,BBB,2014J,01 October 2023,31 October 2023
643172,BBB,2014J,01 October 2023,31 October 2023
643208,BBB,2014J,01 October 2023,31 October 2023
643321,BBB,2014J,01 October 2023,31 October 2023
643354,BBB,2014J,01 October 2023,31 October 2023
643587,BBB,2014J,01 October 2023,31 October 2023
643608,BBB,2014J,01 October 2023,31 October 2023
643953,BBB,2014J,01 October 2023,31 October 2023
643986,BBB,2014J,01 October 2023,31 October 2023
644069,BBB,2014J,01 October 2023,31 October 2023
644101,BBB,2014J,01 October 2023,31 October 2023
644164,BBB,2014J,01 October 2023,31 October 2023
644172,BBB,2014J,01 October 2023,31 October 2023
644362,BBB,2014J,01 October 2023,31 October 2023
644482,BBB,2014J,01 October 2023,31 October 2023
644484,BBB,2014J,01 October 2023,31 October 2023
644599,BBB,2014J,01 October 2023,31 October 2023
644793,BBB,2014J,01 October 2023,31 October 2023
644822,BBB,2014J,01 October 2023,31 October 2023
644863,BBB,2014J,01 October 2023,31 October 2023
644883,BBB,2014J,01 October 2023,31 October 2023
644975,BBB,2014J,01 October 2023,31 October 2023
644993,BBB,2014J,01 October 2023,31 October 2023
645042,BBB,2014J,01 October 2023,31 October 2023
645047,BBB,2014J,01 October 2023,31 October 2023
645052,BBB,2014J,01 October 2023,31 October 2023
645098,BBB,2014J,01 October 2023,31 October 2023
645183,BBB,2014J,01 October 2023,31 October 2023
645248,BBB,2014J,01 October 2023,31 October 2023
645256,BBB,2014J,01 October 2023,31 October 2023
645359,BBB,2014J,01 October 2023,31 October 2023
645370,BBB,2014J,01 October 2023,31 October 2023
645371,BBB,2014J,01 October 2023,31 October 2023
645420,BBB,2014J,01 October 2023,31 October 2023
645510,BBB,2014J,01 October 2023,31 October 2023
645639,BBB,2014J,01 October 2023,31 October 2023
645678,BBB,2014J,01 October 2023,31 October 2023
645753,BBB,2014J,01 October 2023,31 October 2023
645793,BBB,2014J,01 October 2023,31 October 2023
645950,BBB,2014J,01 October 2023,31 October 2023
645996,BBB,2014J,01 October 2023,31 October 2023
646004,BBB,2014J,01 October 2023,31 October 2023
646063,BBB,2014J,01 October 2023,31 October 2023
646075,BBB,2014J,01 October 2023,31 October 2023
646119,BBB,2014J,01 October 2023,31 October 2023
646133,BBB,2014J,01 October 2023,31 October 2023
646151,BBB,2014J,01 October 2023,31 October 2023
646178,BBB,2014J,01 October 2023,31 October 2023
646202,BBB,2014J,01 October 2023,31 October 2023
646260,BBB,2014J,01 October 2023,31 October 2023
646352,BBB,2014J,01 October 2023,31 October 2023
646415,BBB,2014J,01 October 2023,31 October 2023
646418,BBB,2014J,01 October 2023,31 October 2023
646445,BBB,2014J,01 October 2023,31 October 2023
646455,BBB,2014J,01 October 2023,31 October 2023
646482,BBB,2014J,01 October 2023,31 October 2023
646484,BBB,2014J,01 October 2023,31 October 2023
646515,BBB,2014J,01 October 2023,31 October 2023
646579,BBB,2014J,01 October 2023,31 October 2023
646580,BBB,2014J,01 October 2023,31 October 2023
646618,BBB,2014J,01 October 2023,31 October 2023
646636,BBB,2014J,01 October 2023,31 October 2023
646659,BBB,2014J,01 October 2023,31 October 2023
646691,BBB,2014J,01 October 2023,31 October 2023
646770,BBB,2014J,01 October 2023,31 October 2023
646776,BBB,2014J,01 October 2023,31 October 2023
646781,BBB,2014J,01 October 2023,31 October 2023
646798,BBB,2014J,01 October 2023,31 October 2023
646844,BBB,2014J,01 October 2023,31 October 2023
646852,BBB,2014J,01 October 2023,31 October 2023
646901,BBB,2014J,01 October 2023,31 October 2023
646906,BBB,2014J,01 October 2023,31 October 2023
647056,BBB,2014J,01 October 2023,31 October 2023
647126,BBB,2014J,01 October 2023,31 October 2023
647200,BBB,2014J,01 October 2023,31 October 2023
647220,BBB,2014J,01 October 2023,31 October 2023
647312,BBB,2014J,01 October 2023,31 October 2023
647346,BBB,2014J,01 October 2023,31 October 2023
647385,BBB,2014J,01 October 2023,31 October 2023
647393,BBB,2014J,01 October 2023,31 October 2023
647395,BBB,2014J,01 October 2023,31 October 2023
647502,BBB,2014J,01 October 2023,31 October 2023
647511,BBB,2014J,01 October 2023,31 October 2023
647553,BBB,2014J,01 October 2023,31 October 2023
647711,BBB,2014J,01 October 2023,31 October 2023
647740,BBB,2014J,01 October 2023,31 October 2023
647762,BBB,2014J,01 October 2023,31 October 2023
647764,BBB,2014J,01 October 2023,31 October 2023
647774,BBB,2014J,01 October 2023,31 October 2023
647803,BBB,2014J,01 October 2023,31 October 2023
647807,BBB,2014J,01 October 2023,31 October 2023
647864,BBB,2014J,01 October 2023,31 October 2023
647876,BBB,2014J,01 October 2023,31 October 2023
647883,BBB,2014J,01 October 2023,31 October 2023
647940,BBB,2014J,01 October 2023,31 October 2023
647964,BBB,2014J,01 October 2023,31 October 2023
647967,BBB,2014J,01 October 2023,31 October 2023
647982,BBB,2014J,01 October 2023,31 October 2023
647993,BBB,2014J,01 October 2023,31 October 2023
647999,BBB,2014J,01 October 2023,31 October 2023
648063,BBB,2014J,01 October 2023,31 October 2023
648082,BBB,2014J,01 October 2023,31 October 2023
648119,BBB,2014J,01 October 2023,31 October 2023
648120,BBB,2014J,01 October 2023,31 October 2023
648127,BBB,2014J,01 October 2023,31 October 2023
648131,BBB,2014J,01 October 2023,31 October 2023
648135,BBB,2014J,01 October 2023,31 October 2023
648182,BBB,2014J,01 October 2023,31 October 2023
648194,BBB,2014J,01 October 2023,31 October 2023
648201,BBB,2014J,01 October 2023,31 October 2023
648203,BBB,2014J,01 October 2023,31 October 2023
648238,BBB,2014J,01 October 2023,31 October 2023
648247,BBB,2014J,01 October 2023,31 October 2023
648262,BBB,2014J,01 October 2023,31 October 2023
648310,BBB,2014J,01 October 2023,31 October 2023
648311,BBB,2014J,01 October 2023,31 October 2023
648317,BBB,2014J,01 October 2023,31 October 2023
648335,BBB,2014J,01 October 2023,31 October 2023
648386,BBB,2014J,01 October 2023,31 October 2023
648391,BBB,2014J,01 October 2023,31 October 2023
648416,BBB,2014J,01 October 2023,31 October 2023
648449,BBB,2014J,01 October 2023,31 October 2023
648476,BBB,2014J,01 October 2023,31 October 2023
648487,BBB,2014J,01 October 2023,31 October 2023
648519,BBB,2014J,01 October 2023,31 October 2023
648537,BBB,2014J,01 October 2023,31 October 2023
648543,BBB,2014J,01 October 2023,31 October 2023
648549,BBB,2014J,01 October 2023,31 October 2023
648553,BBB,2014J,01 October 2023,31 October 2023
648556,BBB,2014J,01 October 2023,31 October 2023
648585,BBB,2014J,01 October 2023,31 October 2023
648589,BBB,2014J,01 October 2023,31 October 2023
648596,BBB,2014J,01 October 2023,31 October 2023
648640,BBB,2014J,01 October 2023,31 October 2023
648676,BBB,2014J,01 October 2023,31 October 2023
648693,BBB,2014J,01 October 2023,31 October 2023
648709,BBB,2014J,01 October 2023,31 October 2023
648713,BBB,2014J,01 October 2023,31 October 2023
648728,BBB,2014J,01 October 2023,31 October 2023
648751,BBB,2014J,01 October 2023,31 October 2023
648754,BBB,2014J,01 October 2023,31 October 2023
648760,BBB,2014J,01 October 2023,31 October 2023
648778,BBB,2014J,01 October 2023,31 October 2023
648807,BBB,2014J,01 October 2023,31 October 2023
648820,BBB,2014J,01 October 2023,31 October 2023
648845,BBB,2014J,01 October 2023,31 October 2023
648928,BBB,2014J,01 October 2023,31 October 2023
648951,BBB,2014J,01 October 2023,31 October 2023
648961,BBB,2014J,01 October 2023,31 October 2023
648985,BBB,2014J,01 October 2023,31 October 2023
649000,BBB,2014J,01 October 2023,31 October 2023
649018,BBB,2014J,01 October 2023,31 October 2023
649025,BBB,2014J,01 October 2023,31 October 2023
649026,BBB,2014J,01 October 2023,31 October 2023
649027,BBB,2014J,01 October 2023,31 October 2023
649110,BBB,2014J,01 October 2023,31 October 2023
649119,BBB,2014J,01 October 2023,31 October 2023
649189,BBB,2014J,01 October 2023,31 October 2023
649209,BBB,2014J,01 October 2023,31 October 2023
649221,BBB,2014J,01 October 2023,31 October 2023
649231,BBB,2014J,01 October 2023,31 October 2023
649247,BBB,2014J,01 October 2023,31 October 2023
649278,BBB,2014J,01 October 2023,31 October 2023
649291,BBB,2014J,01 October 2023,31 October 2023
649345,BBB,2014J,01 October 2023,31 October 2023
649351,BBB,2014J,01 October 2023,31 October 2023
649444,BBB,2014J,01 October 2023,31 October 2023
649518,BBB,2014J,01 October 2023,31 October 2023
649542,BBB,2014J,01 October 2023,31 October 2023
649543,BBB,2014J,01 October 2023,31 October 2023
649578,BBB,2014J,01 October 2023,31 October 2023
649621,BBB,2014J,01 October 2023,31 October 2023
649638,BBB,2014J,01 October 2023,31 October 2023
649654,BBB,2014J,01 October 2023,31 October 2023
649686,BBB,2014J,01 October 2023,31 October 2023
649692,BBB,2014J,01 October 2023,31 October 2023
649731,BBB,2014J,01 October 2023,31 October 2023
649742,BBB,2014J,01 October 2023,31 October 2023
649749,BBB,2014J,01 October 2023,31 October 2023
649795,BBB,2014J,01 October 2023,31 October 2023
649824,BBB,2014J,01 October 2023,31 October 2023
649886,BBB,2014J,01 October 2023,31 October 2023
649905,BBB,2014J,01 October 2023,31 October 2023
649962,BBB,2014J,01 October 2023,31 October 2023
649980,BBB,2014J,01 October 2023,31 October 2023
650050,BBB,2014J,01 October 2023,31 October 2023
650090,BBB,2014J,01 October 2023,31 October 2023
650114,BBB,2014J,01 October 2023,31 October 2023
650121,BBB,2014J,01 October 2023,31 October 2023
650161,BBB,2014J,01 October 2023,31 October 2023
650181,BBB,2014J,01 October 2023,31 October 2023
650247,BBB,2014J,01 October 2023,31 October 2023
650269,BBB,2014J,01 October 2023,31 October 2023
650354,BBB,2014J,01 October 2023,31 October 2023
650357,BBB,2014J,01 October 2023,31 October 2023
650371,BBB,2014J,01 October 2023,31 October 2023
650433,BBB,2014J,01 October 2023,31 October 2023
650451,BBB,2014J,01 October 2023,31 October 2023
650517,BBB,2014J,01 October 2023,31 October 2023
650531,BBB,2014J,01 October 2023,31 October 2023
650548,BBB,2014J,01 October 2023,31 October 2023
650565,BBB,2014J,01 October 2023,31 October 2023
650606,BBB,2014J,01 October 2023,31 October 2023
650676,BBB,2014J,01 October 2023,31 October 2023
650746,BBB,2014J,01 October 2023,31 October 2023
650797,BBB,2014J,01 October 2023,31 October 2023
650953,BBB,2014J,01 October 2023,31 October 2023
650958,BBB,2014J,01 October 2023,31 October 2023
650961,BBB,2014J,01 October 2023,31 October 2023
650964,BBB,2014J,01 October 2023,31 October 2023
650979,BBB,2014J,01 October 2023,31 October 2023
651004,BBB,2014J,01 October 2023,31 October 2023
651008,BBB,2014J,01 October 2023,31 October 2023
651027,BBB,2014J,01 October 2023,31 October 2023
651030,BBB,2014J,01 October 2023,31 October 2023
651065,BBB,2014J,01 October 2023,31 October 2023
651087,BBB,2014J,01 October 2023,31 October 2023
651089,BBB,2014J,01 October 2023,31 October 2023
651148,BBB,2014J,01 October 2023,31 October 2023
651177,BBB,2014J,01 October 2023,31 October 2023
651209,BBB,2014J,01 October 2023,31 October 2023
651257,BBB,2014J,01 October 2023,31 October 2023
651278,BBB,2014J,01 October 2023,31 October 2023
651324,BBB,2014J,01 October 2023,31 October 2023
651359,BBB,2014J,01 October 2023,31 October 2023
651394,BBB,2014J,01 October 2023,31 October 2023
651415,BBB,2014J,01 October 2023,31 October 2023
651429,BBB,2014J,01 October 2023,31 October 2023
651520,BBB,2014J,01 October 2023,31 October 2023
651544,BBB,2014J,01 October 2023,31 October 2023
651586,BBB,2014J,01 October 2023,31 October 2023
651605,BBB,2014J,01 October 2023,31 October 2023
651609,BBB,2014J,01 October 2023,31 October 2023
651610,BBB,2014J,01 October 2023,31 October 2023
651655,BBB,2014J,01 October 2023,31 October 2023
651659,BBB,2014J,01 October 2023,31 October 2023
651678,BBB,2014J,01 October 2023,31 October 2023
651775,BBB,2014J,01 October 2023,31 October 2023
651778,BBB,2014J,01 October 2023,31 October 2023
651798,BBB,2014J,01 October 2023,31 October 2023
651801,BBB,2014J,01 October 2023,31 October 2023
651814,BBB,2014J,01 October 2023,31 October 2023
651831,BBB,2014J,01 October 2023,31 October 2023
651863,BBB,2014J,01 October 2023,31 October 2023
651883,BBB,2014J,01 October 2023,31 October 2023
651925,BBB,2014J,01 October 2023,31 October 2023
651939,BBB,2014J,01 October 2023,31 October 2023
651974,BBB,2014J,01 October 2023,31 October 2023
651979,BBB,2014J,01 October 2023,31 October 2023
651980,BBB,2014J,01 October 2023,31 October 2023
651991,BBB,2014J,01 October 2023,31 October 2023
652006,BBB,2014J,01 October 2023,31 October 2023
652017,BBB,2014J,01 October 2023,31 October 2023
652044,BBB,2014J,01 October 2023,31 October 2023
652090,BBB,2014J,01 October 2023,31 October 2023
652105,BBB,2014J,01 October 2023,31 October 2023
652114,BBB,2014J,01 October 2023,31 October 2023
652130,BBB,2014J,01 October 2023,31 October 2023
652149,BBB,2014J,01 October 2023,31 October 2023
652156,BBB,2014J,01 October 2023,31 October 2023
652158,BBB,2014J,01 October 2023,31 October 2023
652226,BBB,2014J,01 October 2023,31 October 2023
652288,BBB,2014J,01 October 2023,31 October 2023
652315,BBB,2014J,01 October 2023,31 October 2023
652366,BBB,2014J,01 October 2023,31 October 2023
652390,BBB,2014J,01 October 2023,31 October 2023
652522,BBB,2014J,01 October 2023,31 October 2023
652533,BBB,2014J,01 October 2023,31 October 2023
652553,BBB,2014J,01 October 2023,31 October 2023
652556,BBB,2014J,01 October 2023,31 October 2023
652558,BBB,2014J,01 October 2023,31 October 2023
652572,BBB,2014J,01 October 2023,31 October 2023
652584,BBB,2014J,01 October 2023,31 October 2023
652585,BBB,2014J,01 October 2023,31 October 2023
652586,BBB,2014J,01 October 2023,31 October 2023
652605,BBB,2014J,01 October 2023,31 October 2023
652731,BBB,2014J,01 October 2023,31 October 2023
652744,BBB,2014J,01 October 2023,31 October 2023
652754,BBB,2014J,01 October 2023,31 October 2023
652803,BBB,2014J,01 October 2023,31 October 2023
652818,BBB,2014J,01 October 2023,31 October 2023
652851,BBB,2014J,01 October 2023,31 October 2023
652886,BBB,2014J,01 October 2023,31 October 2023
652906,BBB,2014J,01 October 2023,31 October 2023
652933,BBB,2014J,01 October 2023,31 October 2023
652969,BBB,2014J,01 October 2023,31 October 2023
653027,BBB,2014J,01 October 2023,31 October 2023
653034,BBB,2014J,01 October 2023,31 October 2023
653052,BBB,2014J,01 October 2023,31 October 2023
653059,BBB,2014J,01 October 2023,31 October 2023
653068,BBB,2014J,01 October 2023,31 October 2023
653086,BBB,2014J,01 October 2023,31 October 2023
653097,BBB,2014J,01 October 2023,31 October 2023
653188,BBB,2014J,01 October 2023,31 October 2023
653193,BBB,2014J,01 October 2023,31 October 2023
653239,BBB,2014J,01 October 2023,31 October 2023
653240,BBB,2014J,01 October 2023,31 October 2023
653244,BBB,2014J,01 October 2023,31 October 2023
653262,BBB,2014J,01 October 2023,31 October 2023
653295,BBB,2014J,01 October 2023,31 October 2023
653384,BBB,2014J,01 October 2023,31 October 2023
653385,BBB,2014J,01 October 2023,31 October 2023
653465,BBB,2014J,01 October 2023,31 October 2023
653541,BBB,2014J,01 October 2023,31 October 2023
653551,BBB,2014J,01 October 2023,31 October 2023
653577,BBB,2014J,01 October 2023,31 October 2023
653597,BBB,2014J,01 October 2023,31 October 2023
653633,BBB,2014J,01 October 2023,31 October 2023
653664,BBB,2014J,01 October 2023,31 October 2023
653702,BBB,2014J,01 October 2023,31 October 2023
653730,BBB,2014J,01 October 2023,31 October 2023
653752,BBB,2014J,01 October 2023,31 October 2023
653762,BBB,2014J,01 October 2023,31 October 2023
653826,BBB,2014J,01 October 2023,31 October 2023
653840,BBB,2014J,01 October 2023,31 October 2023
653870,BBB,2014J,01 October 2023,31 October 2023
653944,BBB,2014J,01 October 2023,31 October 2023
653951,BBB,2014J,01 October 2023,31 October 2023
653952,BBB,2014J,01 October 2023,31 October 2023
653958,BBB,2014J,01 October 2023,31 October 2023
654001,BBB,2014J,01 October 2023,31 October 2023
654005,BBB,2014J,01 October 2023,31 October 2023
654043,BBB,2014J,01 October 2023,31 October 2023
654071,BBB,2014J,01 October 2023,31 October 2023
654206,BBB,2014J,01 October 2023,31 October 2023
654214,BBB,2014J,01 October 2023,31 October 2023
654256,BBB,2014J,01 October 2023,31 October 2023
654259,BBB,2014J,01 October 2023,31 October 2023
654265,BBB,2014J,01 October 2023,31 October 2023
654333,BBB,2014J,01 October 2023,31 October 2023
654392,BBB,2014J,01 October 2023,31 October 2023
654404,BBB,2014J,01 October 2023,31 October 2023
654415,BBB,2014J,01 October 2023,31 October 2023
654422,BBB,2014J,01 October 2023,31 October 2023
654524,BBB,2014J,01 October 2023,31 October 2023
654545,BBB,2014J,01 October 2023,31 October 2023
654585,BBB,2014J,01 October 2023,31 October 2023
654639,BBB,2014J,01 October 2023,31 October 2023
654657,BBB,2014J,01 October 2023,31 October 2023
654678,BBB,2014J,01 October 2023,31 October 2023
654796,BBB,2014J,01 October 2023,31 October 2023
654856,BBB,2014J,01 October 2023,31 October 2023
654913,BBB,2014J,01 October 2023,31 October 2023
654923,BBB,2014J,01 October 2023,31 October 2023
654958,BBB,2014J,01 October 2023,31 October 2023
655084,BBB,2014J,01 October 2023,31 October 2023
655086,BBB,2014J,01 October 2023,31 October 2023
655152,BBB,2014J,01 October 2023,31 October 2023
655155,BBB,2014J,01 October 2023,31 October 2023
655224,BBB,2014J,01 October 2023,31 October 2023
655230,BBB,2014J,01 October 2023,31 October 2023
655296,BBB,2014J,01 October 2023,31 October 2023
655314,BBB,2014J,01 October 2023,31 October 2023
655342,BBB,2014J,01 October 2023,31 October 2023
655406,BBB,2014J,01 October 2023,31 October 2023
655414,BBB,2014J,01 October 2023,31 October 2023
655460,BBB,2014J,01 October 2023,31 October 2023
655471,BBB,2014J,01 October 2023,31 October 2023
655546,BBB,2014J,01 October 2023,31 October 2023
655547,BBB,2014J,01 October 2023,31 October 2023
655572,BBB,2014J,01 October 2023,31 October 2023
655605,BBB,2014J,01 October 2023,31 October 2023
655613,BBB,2014J,01 October 2023,31 October 2023
655662,BBB,2014J,01 October 2023,31 October 2023
655668,BBB,2014J,01 October 2023,31 October 2023
655828,BBB,2014J,01 October 2023,31 October 2023
655829,BBB,2014J,01 October 2023,31 October 2023
655878,BBB,2014J,01 October 2023,31 October 2023
655992,BBB,2014J,01 October 2023,31 October 2023
656067,BBB,2014J,01 October 2023,31 October 2023
656089,BBB,2014J,01 October 2023,31 October 2023
656112,BBB,2014J,01 October 2023,31 October 2023
656122,BBB,2014J,01 October 2023,31 October 2023
656129,BBB,2014J,01 October 2023,31 October 2023
656181,BBB,2014J,01 October 2023,31 October 2023
656187,BBB,2014J,01 October 2023,31 October 2023
656190,BBB,2014J,01 October 2023,31 October 2023
656194,BBB,2014J,01 October 2023,31 October 2023
656196,BBB,2014J,01 October 2023,31 October 2023
656197,BBB,2014J,01 October 2023,31 October 2023
656200,BBB,2014J,01 October 2023,31 October 2023
656204,BBB,2014J,01 October 2023,31 October 2023
656206,BBB,2014J,01 October 2023,31 October 2023
656208,BBB,2014J,01 October 2023,31 October 2023
656217,BBB,2014J,01 October 2023,31 October 2023
656222,BBB,2014J,01 October 2023,31 October 2023
656227,BBB,2014J,01 October 2023,31 October 2023
656228,BBB,2014J,01 October 2023,31 October 2023
656253,BBB,2014J,01 October 2023,31 October 2023
656276,BBB,2014J,01 October 2023,31 October 2023
656352,BBB,2014J,01 October 2023,31 October 2023
656373,BBB,2014J,01 October 2023,31 October 2023
656386,BBB,2014J,01 October 2023,31 October 2023
656412,BBB,2014J,01 October 2023,31 October 2023
656453,BBB,2014J,01 October 2023,31 October 2023
656455,BBB,2014J,01 October 2023,31 October 2023
656472,BBB,2014J,01 October 2023,31 October 2023
656475,BBB,2014J,01 October 2023,31 October 2023
656481,BBB,2014J,01 October 2023,31 October 2023
656494,BBB,2014J,01 October 2023,31 October 2023
656522,BBB,2014J,01 October 2023,31 October 2023
656540,BBB,2014J,01 October 2023,31 October 2023
656549,BBB,2014J,01 October 2023,31 October 2023
656557,BBB,2014J,01 October 2023,31 October 2023
656566,BBB,2014J,01 October 2023,31 October 2023
656576,BBB,2014J,01 October 2023,31 October 2023
656681,BBB,2014J,01 October 2023,31 October 2023
656698,BBB,2014J,01 October 2023,31 October 2023
656711,BBB,2014J,01 October 2023,31 October 2023
656755,BBB,2014J,01 October 2023,31 October 2023
656784,BBB,2014J,01 October 2023,31 October 2023
656873,BBB,2014J,01 October 2023,31 October 2023
656915,BBB,2014J,01 October 2023,31 October 2023
656990,BBB,2014J,01 October 2023,31 October 2023
657032,BBB,2014J,01 October 2023,31 October 2023
657099,BBB,2014J,01 October 2023,31 October 2023
657290,BBB,2014J,01 October 2023,31 October 2023
657293,BBB,2014J,01 October 2023,31 October 2023
674201,BBB,2014J,01 October 2023,31 October 2023
674214,BBB,2014J,01 October 2023,31 October 2023
674276,BBB,2014J,01 October 2023,31 October 2023
674280,BBB,2014J,01 October 2023,31 October 2023
674290,BBB,2014J,01 October 2023,31 October 2023
674319,BBB,2014J,01 October 2023,31 October 2023
674322,BBB,2014J,01 October 2023,31 October 2023
674323,BBB,2014J,01 October 2023,31 October 2023
674349,BBB,2014J,01 October 2023,31 October 2023
674495,BBB,2014J,01 October 2023,31 October 2023
674501,BBB,2014J,01 October 2023,31 October 2023
674502,BBB,2014J,01 October 2023,31 October 2023
674548,BBB,2014J,01 October 2023,31 October 2023
674576,BBB,2014J,01 October 2023,31 October 2023
674605,BBB,2014J,01 October 2023,31 October 2023
674616,BBB,2014J,01 October 2023,31 October 2023
674643,BBB,2014J,01 October 2023,31 October 2023
674746,BBB,2014J,01 October 2023,31 October 2023
674748,BBB,2014J,01 October 2023,31 October 2023
674758,BBB,2014J,01 October 2023,31 October 2023
674777,BBB,2014J,01 October 2023,31 October 2023
674784,BBB,2014J,01 October 2023,31 October 2023
674922,BBB,2014J,01 October 2023,31 October 2023
674960,BBB,2014J,01 October 2023,31 October 2023
675042,BBB,2014J,01 October 2023,31 October 2023
675047,BBB,2014J,01 October 2023,31 October 2023
675059,BBB,2014J,01 October 2023,31 October 2023
675085,BBB,2014J,01 October 2023,31 October 2023
675094,BBB,2014J,01 October 2023,31 October 2023
675096,BBB,2014J,01 October 2023,31 October 2023
675116,BBB,2014J,01 October 2023,31 October 2023
675159,BBB,2014J,01 October 2023,31 October 2023
675161,BBB,2014J,01 October 2023,31 October 2023
675165,BBB,2014J,01 October 2023,31 October 2023
675178,BBB,2014J,01 October 2023,31 October 2023
675223,BBB,2014J,01 October 2023,31 October 2023
675231,BBB,2014J,01 October 2023,31 October 2023
675246,BBB,2014J,01 October 2023,31 October 2023
675526,BBB,2014J,01 October 2023,31 October 2023
675576,BBB,2014J,01 October 2023,31 October 2023
675627,BBB,2014J,01 October 2023,31 October 2023
675671,BBB,2014J,01 October 2023,31 October 2023
675673,BBB,2014J,01 October 2023,31 October 2023
675728,BBB,2014J,01 October 2023,31 October 2023
675750,BBB,2014J,01 October 2023,31 October 2023
675807,BBB,2014J,01 October 2023,31 October 2023
675922,BBB,2014J,01 October 2023,31 October 2023
675929,BBB,2014J,01 October 2023,31 October 2023
676011,BBB,2014J,01 October 2023,31 October 2023
676093,BBB,2014J,01 October 2023,31 October 2023
676151,BBB,2014J,01 October 2023,31 October 2023
676169,BBB,2014J,01 October 2023,31 October 2023
676176,BBB,2014J,01 October 2023,31 October 2023
676258,BBB,2014J,01 October 2023,31 October 2023
676322,BBB,2014J,01 October 2023,31 October 2023
676350,BBB,2014J,01 October 2023,31 October 2023
676376,BBB,2014J,01 October 2023,31 October 2023
676401,BBB,2014J,01 October 2023,31 October 2023
676420,BBB,2014J,01 October 2023,31 October 2023
676428,BBB,2014J,01 October 2023,31 October 2023
676604,BBB,2014J,01 October 2023,31 October 2023
676633,BBB,2014J,01 October 2023,31 October 2023
676705,BBB,2014J,01 October 2023,31 October 2023
676750,BBB,2014J,01 October 2023,31 October 2023
676785,BBB,2014J,01 October 2023,31 October 2023
676898,BBB,2014J,01 October 2023,31 October 2023
676948,BBB,2014J,01 October 2023,31 October 2023
676962,BBB,2014J,01 October 2023,31 October 2023
676969,BBB,2014J,01 October 2023,31 October 2023
676973,BBB,2014J,01 October 2023,31 October 2023
677004,BBB,2014J,01 October 2023,31 October 2023
677039,BBB,2014J,01 October 2023,31 October 2023
677154,BBB,2014J,01 October 2023,31 October 2023
677190,BBB,2014J,01 October 2023,31 October 2023
677201,BBB,2014J,01 October 2023,31 October 2023
677203,BBB,2014J,01 October 2023,31 October 2023
677230,BBB,2014J,01 October 2023,31 October 2023
677338,BBB,2014J,01 October 2023,31 October 2023
677411,BBB,2014J,01 October 2023,31 October 2023
677462,BBB,2014J,01 October 2023,31 October 2023
677498,BBB,2014J,01 October 2023,31 October 2023
677630,BBB,2014J,01 October 2023,31 October 2023
677706,BBB,2014J,01 October 2023,31 October 2023
677744,BBB,2014J,01 October 2023,31 October 2023
677846,BBB,2014J,01 October 2023,31 October 2023
677864,BBB,2014J,01 October 2023,31 October 2023
677873,BBB,2014J,01 October 2023,31 October 2023
677877,BBB,2014J,01 October 2023,31 October 2023
677879,BBB,2014J,01 October 2023,31 October 2023
677892,BBB,2014J,01 October 2023,31 October 2023
677922,BBB,2014J,01 October 2023,31 October 2023
677950,BBB,2014J,01 October 2023,31 October 2023
677997,BBB,2014J,01 October 2023,31 October 2023
678016,BBB,2014J,01 October 2023,31 October 2023
678025,BBB,2014J,01 October 2023,31 October 2023
678038,BBB,2014J,01 October 2023,31 October 2023
678057,BBB,2014J,01 October 2023,31 October 2023
678080,BBB,2014J,01 October 2023,31 October 2023
678085,BBB,2014J,01 October 2023,31 October 2023
678105,BBB,2014J,01 October 2023,31 October 2023
678107,BBB,2014J,01 October 2023,31 October 2023
678109,BBB,2014J,01 October 2023,31 October 2023
678110,BBB,2014J,01 October 2023,31 October 2023
678114,BBB,2014J,01 October 2023,31 October 2023
678144,BBB,2014J,01 October 2023,31 October 2023
678212,BBB,2014J,01 October 2023,31 October 2023
678213,BBB,2014J,01 October 2023,31 October 2023
678244,BBB,2014J,01 October 2023,31 October 2023
678246,BBB,2014J,01 October 2023,31 October 2023
678278,BBB,2014J,01 October 2023,31 October 2023
678283,BBB,2014J,01 October 2023,31 October 2023
678314,BBB,2014J,01 October 2023,31 October 2023
678327,BBB,2014J,01 October 2023,31 October 2023
678328,BBB,2014J,01 October 2023,31 October 2023
678335,BBB,2014J,01 October 2023,31 October 2023
678367,BBB,2014J,01 October 2023,31 October 2023
678373,BBB,2014J,01 October 2023,31 October 2023
678398,BBB,2014J,01 October 2023,31 October 2023
678444,BBB,2014J,01 October 2023,31 October 2023
678550,BBB,2014J,01 October 2023,31 October 2023
678575,BBB,2014J,01 October 2023,31 October 2023
678578,BBB,2014J,01 October 2023,31 October 2023
678585,BBB,2014J,01 October 2023,31 October 2023
678623,BBB,2014J,01 October 2023,31 October 2023
678661,BBB,2014J,01 October 2023,31 October 2023
678680,BBB,2014J,01 October 2023,31 October 2023
678688,BBB,2014J,01 October 2023,31 October 2023
678702,BBB,2014J,01 October 2023,31 October 2023
678770,BBB,2014J,01 October 2023,31 October 2023
678777,BBB,2014J,01 October 2023,31 October 2023
678795,BBB,2014J,01 October 2023,31 October 2023
678801,BBB,2014J,01 October 2023,31 October 2023
678815,BBB,2014J,01 October 2023,31 October 2023
678906,BBB,2014J,01 October 2023,31 October 2023
678953,BBB,2014J,01 October 2023,31 October 2023
678955,BBB,2014J,01 October 2023,31 October 2023
678975,BBB,2014J,01 October 2023,31 October 2023
678995,BBB,2014J,01 October 2023,31 October 2023
679057,BBB,2014J,01 October 2023,31 October 2023
679059,BBB,2014J,01 October 2023,31 October 2023
679174,BBB,2014J,01 October 2023,31 October 2023
679218,BBB,2014J,01 October 2023,31 October 2023
679232,BBB,2014J,01 October 2023,31 October 2023
679439,BBB,2014J,01 October 2023,31 October 2023
679457,BBB,2014J,01 October 2023,31 October 2023
679504,BBB,2014J,01 October 2023,31 October 2023
679528,BBB,2014J,01 October 2023,31 October 2023
679559,BBB,2014J,01 October 2023,31 October 2023
679568,BBB,2014J,01 October 2023,31 October 2023
679675,BBB,2014J,01 October 2023,31 October 2023
679716,BBB,2014J,01 October 2023,31 October 2023
679724,BBB,2014J,01 October 2023,31 October 2023
679726,BBB,2014J,01 October 2023,31 October 2023
679747,BBB,2014J,01 October 2023,31 October 2023
679798,BBB,2014J,01 October 2023,31 October 2023
679828,BBB,2014J,01 October 2023,31 October 2023
679918,BBB,2014J,01 October 2023,31 October 2023
679919,BBB,2014J,01 October 2023,31 October 2023
679967,BBB,2014J,01 October 2023,31 October 2023
679971,BBB,2014J,01 October 2023,31 October 2023
679989,BBB,2014J,01 October 2023,31 October 2023
680009,BBB,2014J,01 October 2023,31 October 2023
680110,BBB,2014J,01 October 2023,31 October 2023
680146,BBB,2014J,01 October 2023,31 October 2023
680162,BBB,2014J,01 October 2023,31 October 2023
680174,BBB,2014J,01 October 2023,31 October 2023
680219,BBB,2014J,01 October 2023,31 October 2023
680290,BBB,2014J,01 October 2023,31 October 2023
680453,BBB,2014J,01 October 2023,31 October 2023
680471,BBB,2014J,01 October 2023,31 October 2023
680522,BBB,2014J,01 October 2023,31 October 2023
680530,BBB,2014J,01 October 2023,31 October 2023
680541,BBB,2014J,01 October 2023,31 October 2023
680545,BBB,2014J,01 October 2023,31 October 2023
680559,BBB,2014J,01 October 2023,31 October 2023
680560,BBB,2014J,01 October 2023,31 October 2023
680591,BBB,2014J,01 October 2023,31 October 2023
680723,BBB,2014J,01 October 2023,31 October 2023
680732,BBB,2014J,01 October 2023,31 October 2023
680787,BBB,2014J,01 October 2023,31 October 2023
680798,BBB,2014J,01 October 2023,31 October 2023
680816,BBB,2014J,01 October 2023,31 October 2023
680862,BBB,2014J,01 October 2023,31 October 2023
680878,BBB,2014J,01 October 2023,31 October 2023
680918,BBB,2014J,01 October 2023,31 October 2023
680926,BBB,2014J,01 October 2023,31 October 2023
680959,BBB,2014J,01 October 2023,31 October 2023
680970,BBB,2014J,01 October 2023,31 October 2023
680991,BBB,2014J,01 October 2023,31 October 2023
681016,BBB,2014J,01 October 2023,31 October 2023
681089,BBB,2014J,01 October 2023,31 October 2023
681150,BBB,2014J,01 October 2023,31 October 2023
681166,BBB,2014J,01 October 2023,31 October 2023
681222,BBB,2014J,01 October 2023,31 October 2023
681289,BBB,2014J,01 October 2023,31 October 2023
681384,BBB,2014J,01 October 2023,31 October 2023
681566,BBB,2014J,01 October 2023,31 October 2023
681581,BBB,2014J,01 October 2023,31 October 2023
681710,BBB,2014J,01 October 2023,31 October 2023
681716,BBB,2014J,01 October 2023,31 October 2023
681752,BBB,2014J,01 October 2023,31 October 2023
681798,BBB,2014J,01 October 2023,31 October 2023
681961,BBB,2014J,01 October 2023,31 October 2023
681964,BBB,2014J,01 October 2023,31 October 2023
681971,BBB,2014J,01 October 2023,31 October 2023
681984,BBB,2014J,01 October 2023,31 October 2023
682051,BBB,2014J,01 October 2023,31 October 2023
682056,BBB,2014J,01 October 2023,31 October 2023
682058,BBB,2014J,01 October 2023,31 October 2023
682107,BBB,2014J,01 October 2023,31 October 2023
682163,BBB,2014J,01 October 2023,31 October 2023
682223,BBB,2014J,01 October 2023,31 October 2023
682289,BBB,2014J,01 October 2023,31 October 2023
682316,BBB,2014J,01 October 2023,31 October 2023
682343,BBB,2014J,01 October 2023,31 October 2023
682364,BBB,2014J,01 October 2023,31 October 2023
682366,BBB,2014J,01 October 2023,31 October 2023
682375,BBB,2014J,01 October 2023,31 October 2023
682409,BBB,2014J,01 October 2023,31 October 2023
682480,BBB,2014J,01 October 2023,31 October 2023
682483,BBB,2014J,01 October 2023,31 October 2023
682538,BBB,2014J,01 October 2023,31 October 2023
682627,BBB,2014J,01 October 2023,31 October 2023
682728,BBB,2014J,01 October 2023,31 October 2023
682731,BBB,2014J,01 October 2023,31 October 2023
682887,BBB,2014J,01 October 2023,31 October 2023
682913,BBB,2014J,01 October 2023,31 October 2023
683002,BBB,2014J,01 October 2023,31 October 2023
683054,BBB,2014J,01 October 2023,31 October 2023
683120,BBB,2014J,01 October 2023,31 October 2023
683140,BBB,2014J,01 October 2023,31 October 2023
683145,BBB,2014J,01 October 2023,31 October 2023
683164,BBB,2014J,01 October 2023,31 October 2023
683172,BBB,2014J,01 October 2023,31 October 2023
683202,BBB,2014J,01 October 2023,31 October 2023
683275,BBB,2014J,01 October 2023,31 October 2023
683301,BBB,2014J,01 October 2023,31 October 2023
683315,BBB,2014J,01 October 2023,31 October 2023
683338,BBB,2014J,01 October 2023,31 October 2023
683420,BBB,2014J,01 October 2023,31 October 2023
683465,BBB,2014J,01 October 2023,31 October 2023
683536,BBB,2014J,01 October 2023,31 October 2023
683548,BBB,2014J,01 October 2023,31 October 2023
683592,BBB,2014J,01 October 2023,31 October 2023
683618,BBB,2014J,01 October 2023,31 October 2023
683630,BBB,2014J,01 October 2023,31 October 2023
683664,BBB,2014J,01 October 2023,31 October 2023
683705,BBB,2014J,01 October 2023,31 October 2023
683742,BBB,2014J,01 October 2023,31 October 2023
683768,BBB,2014J,01 October 2023,31 October 2023
683779,BBB,2014J,01 October 2023,31 October 2023
683783,BBB,2014J,01 October 2023,31 October 2023
683792,BBB,2014J,01 October 2023,31 October 2023
683802,BBB,2014J,01 October 2023,31 October 2023
683817,BBB,2014J,01 October 2023,31 October 2023
683838,BBB,2014J,01 October 2023,31 October 2023
683935,BBB,2014J,01 October 2023,31 October 2023
683947,BBB,2014J,01 October 2023,31 October 2023
683987,BBB,2014J,01 October 2023,31 October 2023
683993,BBB,2014J,01 October 2023,31 October 2023
684055,BBB,2014J,01 October 2023,31 October 2023
684072,BBB,2014J,01 October 2023,31 October 2023
684098,BBB,2014J,01 October 2023,31 October 2023
684184,BBB,2014J,01 October 2023,31 October 2023
684250,BBB,2014J,01 October 2023,31 October 2023
684273,BBB,2014J,01 October 2023,31 October 2023
684319,BBB,2014J,01 October 2023,31 October 2023
684329,BBB,2014J,01 October 2023,31 October 2023
684375,BBB,2014J,01 October 2023,31 October 2023
684420,BBB,2014J,01 October 2023,31 October 2023
684459,BBB,2014J,01 October 2023,31 October 2023
684467,BBB,2014J,01 October 2023,31 October 2023
684502,BBB,2014J,01 October 2023,31 October 2023
684525,BBB,2014J,01 October 2023,31 October 2023
684607,BBB,2014J,01 October 2023,31 October 2023
684615,BBB,2014J,01 October 2023,31 October 2023
684641,BBB,2014J,01 October 2023,31 October 2023
684681,BBB,2014J,01 October 2023,31 October 2023
684687,BBB,2014J,01 October 2023,31 October 2023
684704,BBB,2014J,01 October 2023,31 October 2023
684736,BBB,2014J,01 October 2023,31 October 2023
684833,BBB,2014J,01 October 2023,31 October 2023
684890,BBB,2014J,01 October 2023,31 October 2023
684931,BBB,2014J,01 October 2023,31 October 2023
684971,BBB,2014J,01 October 2023,31 October 2023
684982,BBB,2014J,01 October 2023,31 October 2023
685000,BBB,2014J,01 October 2023,31 October 2023
685009,BBB,2014J,01 October 2023,31 October 2023
685052,BBB,2014J,01 October 2023,31 October 2023
685079,BBB,2014J,01 October 2023,31 October 2023
685201,BBB,2014J,01 October 2023,31 October 2023
685228,BBB,2014J,01 October 2023,31 October 2023
685257,BBB,2014J,01 October 2023,31 October 2023
685267,BBB,2014J,01 October 2023,31 October 2023
685318,BBB,2014J,01 October 2023,31 October 2023
685391,BBB,2014J,01 October 2023,31 October 2023
685453,BBB,2014J,01 October 2023,31 October 2023
685506,BBB,2014J,01 October 2023,31 October 2023
685592,BBB,2014J,01 October 2023,31 October 2023
685599,BBB,2014J,01 October 2023,31 October 2023
685602,BBB,2014J,01 October 2023,31 October 2023
685653,BBB,2014J,01 October 2023,31 October 2023
685702,BBB,2014J,01 October 2023,31 October 2023
685740,BBB,2014J,01 October 2023,31 October 2023
685776,BBB,2014J,01 October 2023,31 October 2023
685779,BBB,2014J,01 October 2023,31 October 2023
685812,BBB,2014J,01 October 2023,31 October 2023
685829,BBB,2014J,01 October 2023,31 October 2023
685830,BBB,2014J,01 October 2023,31 October 2023
685841,BBB,2014J,01 October 2023,31 October 2023
685842,BBB,2014J,01 October 2023,31 October 2023
685861,BBB,2014J,01 October 2023,31 October 2023
685900,BBB,2014J,01 October 2023,31 October 2023
686074,BBB,2014J,01 October 2023,31 October 2023
686093,BBB,2014J,01 October 2023,31 October 2023
686128,BBB,2014J,01 October 2023,31 October 2023
686182,BBB,2014J,01 October 2023,31 October 2023
686191,BBB,2014J,01 October 2023,31 October 2023
686200,BBB,2014J,01 October 2023,31 October 2023
686201,BBB,2014J,01 October 2023,31 October 2023
686266,BBB,2014J,01 October 2023,31 October 2023
686286,BBB,2014J,01 October 2023,31 October 2023
686378,BBB,2014J,01 October 2023,31 October 2023
686402,BBB,2014J,01 October 2023,31 October 2023
686530,BBB,2014J,01 October 2023,31 October 2023
686596,BBB,2014J,01 October 2023,31 October 2023
686633,BBB,2014J,01 October 2023,31 October 2023
686667,BBB,2014J,01 October 2023,31 October 2023
686670,BBB,2014J,01 October 2023,31 October 2023
686688,BBB,2014J,01 October 2023,31 October 2023
686703,BBB,2014J,01 October 2023,31 October 2023
686725,BBB,2014J,01 October 2023,31 October 2023
686752,BBB,2014J,01 October 2023,31 October 2023
686762,BBB,2014J,01 October 2023,31 October 2023
686791,BBB,2014J,01 October 2023,31 October 2023
686822,BBB,2014J,01 October 2023,31 October 2023
686837,BBB,2014J,01 October 2023,31 October 2023
686938,BBB,2014J,01 October 2023,31 October 2023
686940,BBB,2014J,01 October 2023,31 October 2023
686953,BBB,2014J,01 October 2023,31 October 2023
686987,BBB,2014J,01 October 2023,31 October 2023
687004,BBB,2014J,01 October 2023,31 October 2023
687030,BBB,2014J,01 October 2023,31 October 2023
687037,BBB,2014J,01 October 2023,31 October 2023
687060,BBB,2014J,01 October 2023,31 October 2023
687105,BBB,2014J,01 October 2023,31 October 2023
687122,BBB,2014J,01 October 2023,31 October 2023
687154,BBB,2014J,01 October 2023,31 October 2023
687157,BBB,2014J,01 October 2023,31 October 2023
687173,BBB,2014J,01 October 2023,31 October 2023
687185,BBB,2014J,01 October 2023,31 October 2023
687217,BBB,2014J,01 October 2023,31 October 2023
687256,BBB,2014J,01 October 2023,31 October 2023
687301,BBB,2014J,01 October 2023,31 October 2023
687326,BBB,2014J,01 October 2023,31 October 2023
687369,BBB,2014J,01 October 2023,31 October 2023
687378,BBB,2014J,01 October 2023,31 October 2023
687379,BBB,2014J,01 October 2023,31 October 2023
687402,BBB,2014J,01 October 2023,31 October 2023
687404,BBB,2014J,01 October 2023,31 October 2023
687406,BBB,2014J,01 October 2023,31 October 2023
687421,BBB,2014J,01 October 2023,31 October 2023
687444,BBB,2014J,01 October 2023,31 October 2023
687533,BBB,2014J,01 October 2023,31 October 2023
687566,BBB,2014J,01 October 2023,31 October 2023
687575,BBB,2014J,01 October 2023,31 October 2023
687578,BBB,2014J,01 October 2023,31 October 2023
687683,BBB,2014J,01 October 2023,31 October 2023
687688,BBB,2014J,01 October 2023,31 October 2023
687769,BBB,2014J,01 October 2023,31 October 2023
687822,BBB,2014J,01 October 2023,31 October 2023
687977,BBB,2014J,01 October 2023,31 October 2023
687978,BBB,2014J,01 October 2023,31 October 2023
688000,BBB,2014J,01 October 2023,31 October 2023
688011,BBB,2014J,01 October 2023,31 October 2023
688106,BBB,2014J,01 October 2023,31 October 2023
688130,BBB,2014J,01 October 2023,31 October 2023
688135,BBB,2014J,01 October 2023,31 October 2023
688144,BBB,2014J,01 October 2023,31 October 2023
688167,BBB,2014J,01 October 2023,31 October 2023
688208,BBB,2014J,01 October 2023,31 October 2023
688263,BBB,2014J,01 October 2023,31 October 2023
688301,BBB,2014J,01 October 2023,31 October 2023
688376,BBB,2014J,01 October 2023,31 October 2023
688398,BBB,2014J,01 October 2023,31 October 2023
688513,BBB,2014J,01 October 2023,31 October 2023
688519,BBB,2014J,01 October 2023,31 October 2023
688522,BBB,2014J,01 October 2023,31 October 2023
688545,BBB,2014J,01 October 2023,31 October 2023
688599,BBB,2014J,01 October 2023,31 October 2023
688600,BBB,2014J,01 October 2023,31 October 2023
688638,BBB,2014J,01 October 2023,31 October 2023
688710,BBB,2014J,01 October 2023,31 October 2023
688927,BBB,2014J,01 October 2023,31 October 2023
688954,BBB,2014J,01 October 2023,31 October 2023
688997,BBB,2014J,01 October 2023,31 October 2023
689069,BBB,2014J,01 October 2023,31 October 2023
689089,BBB,2014J,01 October 2023,31 October 2023
689094,BBB,2014J,01 October 2023,31 October 2023
689095,BBB,2014J,01 October 2023,31 October 2023
689097,BBB,2014J,01 October 2023,31 October 2023
689107,BBB,2014J,01 October 2023,31 October 2023
689112,BBB,2014J,01 October 2023,31 October 2023
689113,BBB,2014J,01 October 2023,31 October 2023
689124,BBB,2014J,01 October 2023,31 October 2023
689129,BBB,2014J,01 October 2023,31 October 2023
689131,BBB,2014J,01 October 2023,31 October 2023
689132,BBB,2014J,01 October 2023,31 October 2023
689139,BBB,2014J,01 October 2023,31 October 2023
689141,BBB,2014J,01 October 2023,31 October 2023
689147,BBB,2014J,01 October 2023,31 October 2023
689148,BBB,2014J,01 October 2023,31 October 2023
689157,BBB,2014J,01 October 2023,31 October 2023
689173,BBB,2014J,01 October 2023,31 October 2023
689178,BBB,2014J,01 October 2023,31 October 2023
689180,BBB,2014J,01 October 2023,31 October 2023
689185,BBB,2014J,01 October 2023,31 October 2023
689187,BBB,2014J,01 October 2023,31 October 2023
689228,BBB,2014J,01 October 2023,31 October 2023
689230,BBB,2014J,01 October 2023,31 October 2023
689265,BBB,2014J,01 October 2023,31 October 2023
689267,BBB,2014J,01 October 2023,31 October 2023
689274,BBB,2014J,01 October 2023,31 October 2023
689287,BBB,2014J,01 October 2023,31 October 2023
689298,BBB,2014J,01 October 2023,31 October 2023
689329,BBB,2014J,01 October 2023,31 October 2023
689333,BBB,2014J,01 October 2023,31 October 2023
689350,BBB,2014J,01 October 2023,31 October 2023
689397,BBB,2014J,01 October 2023,31 October 2023
689406,BBB,2014J,01 October 2023,31 October 2023
689478,BBB,2014J,01 October 2023,31 October 2023
689487,BBB,2014J,01 October 2023,31 October 2023
689493,BBB,2014J,01 October 2023,31 October 2023
689563,BBB,2014J,01 October 2023,31 October 2023
689628,BBB,2014J,01 October 2023,31 October 2023
689662,BBB,2014J,01 October 2023,31 October 2023
689665,BBB,2014J,01 October 2023,31 October 2023
689727,BBB,2014J,01 October 2023,31 October 2023
689768,BBB,2014J,01 October 2023,31 October 2023
689775,BBB,2014J,01 October 2023,31 October 2023
689778,BBB,2014J,01 October 2023,31 October 2023
689808,BBB,2014J,01 October 2023,31 October 2023
689828,BBB,2014J,01 October 2023,31 October 2023
689896,BBB,2014J,01 October 2023,31 October 2023
689925,BBB,2014J,01 October 2023,31 October 2023
689936,BBB,2014J,01 October 2023,31 October 2023
689952,BBB,2014J,01 October 2023,31 October 2023
689975,BBB,2014J,01 October 2023,31 October 2023
690003,BBB,2014J,01 October 2023,31 October 2023
690089,BBB,2014J,01 October 2023,31 October 2023
690102,BBB,2014J,01 October 2023,31 October 2023
690116,BBB,2014J,01 October 2023,31 October 2023
690211,BBB,2014J,01 October 2023,31 October 2023
690235,BBB,2014J,01 October 2023,31 October 2023
690318,BBB,2014J,01 October 2023,31 October 2023
690319,BBB,2014J,01 October 2023,31 October 2023
690329,BBB,2014J,01 October 2023,31 October 2023
690359,BBB,2014J,01 October 2023,31 October 2023
690366,BBB,2014J,01 October 2023,31 October 2023
690384,BBB,2014J,01 October 2023,31 October 2023
690430,BBB,2014J,01 October 2023,31 October 2023
690469,BBB,2014J,01 October 2023,31 October 2023
690548,BBB,2014J,01 October 2023,31 October 2023
690554,BBB,2014J,01 October 2023,31 October 2023
690766,BBB,2014J,01 October 2023,31 October 2023
690767,BBB,2014J,01 October 2023,31 October 2023
690825,BBB,2014J,01 October 2023,31 October 2023
690902,BBB,2014J,01 October 2023,31 October 2023
690940,BBB,2014J,01 October 2023,31 October 2023
690967,BBB,2014J,01 October 2023,31 October 2023
691006,BBB,2014J,01 October 2023,31 October 2023
691026,BBB,2014J,01 October 2023,31 October 2023
691028,BBB,2014J,01 October 2023,31 October 2023
691094,BBB,2014J,01 October 2023,31 October 2023
691106,BBB,2014J,01 October 2023,31 October 2023
691122,BBB,2014J,01 October 2023,31 October 2023
691272,BBB,2014J,01 October 2023,31 October 2023
691286,BBB,2014J,01 October 2023,31 October 2023
691312,BBB,2014J,01 October 2023,31 October 2023
691343,BBB,2014J,01 October 2023,31 October 2023
691353,BBB,2014J,01 October 2023,31 October 2023
691367,BBB,2014J,01 October 2023,31 October 2023
691411,BBB,2014J,01 October 2023,31 October 2023
691413,BBB,2014J,01 October 2023,31 October 2023
691509,BBB,2014J,01 October 2023,31 October 2023
691514,BBB,2014J,01 October 2023,31 October 2023
691663,BBB,2014J,01 October 2023,31 October 2023
691683,BBB,2014J,01 October 2023,31 October 2023
691717,BBB,2014J,01 October 2023,31 October 2023
691815,BBB,2014J,01 October 2023,31 October 2023
691835,BBB,2014J,01 October 2023,31 October 2023
691851,BBB,2014J,01 October 2023,31 October 2023
691856,BBB,2014J,01 October 2023,31 October 2023
691867,BBB,2014J,01 October 2023,31 October 2023
691869,BBB,2014J,01 October 2023,31 October 2023
691907,BBB,2014J,01 October 2023,31 October 2023
691997,BBB,2014J,01 October 2023,31 October 2023
692164,BBB,2014J,01 October 2023,31 October 2023
692175,BBB,2014J,01 October 2023,31 October 2023
692181,BBB,2014J,01 October 2023,31 October 2023
692196,BBB,2014J,01 October 2023,31 October 2023
692207,BBB,2014J,01 October 2023,31 October 2023
692215,BBB,2014J,01 October 2023,31 October 2023
692355,BBB,2014J,01 October 2023,31 October 2023
692384,BBB,2014J,01 October 2023,31 October 2023
692392,BBB,2014J,01 October 2023,31 October 2023
692473,BBB,2014J,01 October 2023,31 October 2023
692474,BBB,2014J,01 October 2023,31 October 2023
692479,BBB,2014J,01 October 2023,31 October 2023
692482,BBB,2014J,01 October 2023,31 October 2023
692484,BBB,2014J,01 October 2023,31 October 2023
692496,BBB,2014J,01 October 2023,31 October 2023
692502,BBB,2014J,01 October 2023,31 October 2023
692515,BBB,2014J,01 October 2023,31 October 2023
692518,BBB,2014J,01 October 2023,31 October 2023
692521,BBB,2014J,01 October 2023,31 October 2023
692522,BBB,2014J,01 October 2023,31 October 2023
692525,BBB,2014J,01 October 2023,31 October 2023
692528,BBB,2014J,01 October 2023,31 October 2023
692532,BBB,2014J,01 October 2023,31 October 2023
692537,BBB,2014J,01 October 2023,31 October 2023
692540,BBB,2014J,01 October 2023,31 October 2023
692542,BBB,2014J,01 October 2023,31 October 2023
692544,BBB,2014J,01 October 2023,31 October 2023
692547,BBB,2014J,01 October 2023,31 October 2023
692553,BBB,2014J,01 October 2023,31 October 2023
692572,BBB,2014J,01 October 2023,31 October 2023
692609,BBB,2014J,01 October 2023,31 October 2023
692625,BBB,2014J,01 October 2023,31 October 2023
692629,BBB,2014J,01 October 2023,31 October 2023
692647,BBB,2014J,01 October 2023,31 October 2023
692805,BBB,2014J,01 October 2023,31 October 2023
692826,BBB,2014J,01 October 2023,31 October 2023
692827,BBB,2014J,01 October 2023,31 October 2023
692855,BBB,2014J,01 October 2023,31 October 2023
692871,BBB,2014J,01 October 2023,31 October 2023
692897,BBB,2014J,01 October 2023,31 October 2023
692907,BBB,2014J,01 October 2023,31 October 2023
692908,BBB,2014J,01 October 2023,31 October 2023
692914,BBB,2014J,01 October 2023,31 October 2023
692918,BBB,2014J,01 October 2023,31 October 2023
692920,BBB,2014J,01 October 2023,31 October 2023
692936,BBB,2014J,01 October 2023,31 October 2023
692943,BBB,2014J,01 October 2023,31 October 2023
692961,BBB,2014J,01 October 2023,31 October 2023
693091,BBB,2014J,01 October 2023,31 October 2023
693098,BBB,2014J,01 October 2023,31 October 2023
693116,BBB,2014J,01 October 2023,31 October 2023
693127,BBB,2014J,01 October 2023,31 October 2023
693213,BBB,2014J,01 October 2023,31 October 2023
693230,BBB,2014J,01 October 2023,31 October 2023
693269,BBB,2014J,01 October 2023,31 October 2023
693297,BBB,2014J,01 October 2023,31 October 2023
693333,BBB,2014J,01 October 2023,31 October 2023
693352,BBB,2014J,01 October 2023,31 October 2023
693380,BBB,2014J,01 October 2023,31 October 2023
693514,BBB,2014J,01 October 2023,31 October 2023
693615,BBB,2014J,01 October 2023,31 October 2023
693620,BBB,2014J,01 October 2023,31 October 2023
693635,BBB,2014J,01 October 2023,31 October 2023
693643,BBB,2014J,01 October 2023,31 October 2023
693682,BBB,2014J,01 October 2023,31 October 2023
693692,BBB,2014J,01 October 2023,31 October 2023
693709,BBB,2014J,01 October 2023,31 October 2023
693744,BBB,2014J,01 October 2023,31 October 2023
693752,BBB,2014J,01 October 2023,31 October 2023
693793,BBB,2014J,01 October 2023,31 October 2023
693871,BBB,2014J,01 October 2023,31 October 2023
693899,BBB,2014J,01 October 2023,31 October 2023
693934,BBB,2014J,01 October 2023,31 October 2023
693983,BBB,2014J,01 October 2023,31 October 2023
694001,BBB,2014J,01 October 2023,31 October 2023
694003,BBB,2014J,01 October 2023,31 October 2023
694078,BBB,2014J,01 October 2023,31 October 2023
694155,BBB,2014J,01 October 2023,31 October 2023
694190,BBB,2014J,01 October 2023,31 October 2023
694222,BBB,2014J,01 October 2023,31 October 2023
694329,BBB,2014J,01 October 2023,31 October 2023
694338,BBB,2014J,01 October 2023,31 October 2023
694339,BBB,2014J,01 October 2023,31 October 2023
694341,BBB,2014J,01 October 2023,31 October 2023
694342,BBB,2014J,01 October 2023,31 October 2023
694349,BBB,2014J,01 October 2023,31 October 2023
694380,BBB,2014J,01 October 2023,31 October 2023
694404,BBB,2014J,01 October 2023,31 October 2023
694448,BBB,2014J,01 October 2023,31 October 2023
694458,BBB,2014J,01 October 2023,31 October 2023
694473,BBB,2014J,01 October 2023,31 October 2023
694476,BBB,2014J,01 October 2023,31 October 2023
694490,BBB,2014J,01 October 2023,31 October 2023
694526,BBB,2014J,01 October 2023,31 October 2023
694554,BBB,2014J,01 October 2023,31 October 2023
694561,BBB,2014J,01 October 2023,31 October 2023
694576,BBB,2014J,01 October 2023,31 October 2023
694616,BBB,2014J,01 October 2023,31 October 2023
694682,BBB,2014J,01 October 2023,31 October 2023
694706,BBB,2014J,01 October 2023,31 October 2023
694792,BBB,2014J,01 October 2023,31 October 2023
694823,BBB,2014J,01 October 2023,31 October 2023
694857,BBB,2014J,01 October 2023,31 October 2023
694951,BBB,2014J,01 October 2023,31 October 2023
694974,BBB,2014J,01 October 2023,31 October 2023
694981,BBB,2014J,01 October 2023,31 October 2023
694983,BBB,2014J,01 October 2023,31 October 2023
695001,BBB,2014J,01 October 2023,31 October 2023
695014,BBB,2014J,01 October 2023,31 October 2023
695015,BBB,2014J,01 October 2023,31 October 2023
695021,BBB,2014J,01 October 2023,31 October 2023
695027,BBB,2014J,01 October 2023,31 October 2023
695031,BBB,2014J,01 October 2023,31 October 2023
695035,BBB,2014J,01 October 2023,31 October 2023
695044,BBB,2014J,01 October 2023,31 October 2023
695047,BBB,2014J,01 October 2023,31 October 2023
695049,BBB,2014J,01 October 2023,31 October 2023
695051,BBB,2014J,01 October 2023,31 October 2023
695054,BBB,2014J,01 October 2023,31 October 2023
695070,BBB,2014J,01 October 2023,31 October 2023
695075,BBB,2014J,01 October 2023,31 October 2023
695084,BBB,2014J,01 October 2023,31 October 2023
695125,BBB,2014J,01 October 2023,31 October 2023
695144,BBB,2014J,01 October 2023,31 October 2023
695148,BBB,2014J,01 October 2023,31 October 2023
695186,BBB,2014J,01 October 2023,31 October 2023
695205,BBB,2014J,01 October 2023,31 October 2023
695235,BBB,2014J,01 October 2023,31 October 2023
695247,BBB,2014J,01 October 2023,31 October 2023
695256,BBB,2014J,01 October 2023,31 October 2023
695259,BBB,2014J,01 October 2023,31 October 2023
695278,BBB,2014J,01 October 2023,31 October 2023
695298,BBB,2014J,01 October 2023,31 October 2023
695356,BBB,2014J,01 October 2023,31 October 2023
695405,BBB,2014J,01 October 2023,31 October 2023
695411,BBB,2014J,01 October 2023,31 October 2023
695434,BBB,2014J,01 October 2023,31 October 2023
695461,BBB,2014J,01 October 2023,31 October 2023
695475,BBB,2014J,01 October 2023,31 October 2023
695484,BBB,2014J,01 October 2023,31 October 2023
695510,BBB,2014J,01 October 2023,31 October 2023
695516,BBB,2014J,01 October 2023,31 October 2023
695528,BBB,2014J,01 October 2023,31 October 2023
695535,BBB,2014J,01 October 2023,31 October 2023
695613,BBB,2014J,01 October 2023,31 October 2023
695631,BBB,2014J,01 October 2023,31 October 2023
695654,BBB,2014J,01 October 2023,31 October 2023
695695,BBB,2014J,01 October 2023,31 October 2023
695941,BBB,2014J,01 October 2023,31 October 2023
695972,BBB,2014J,01 October 2023,31 October 2023
695981,BBB,2014J,01 October 2023,31 October 2023
695982,BBB,2014J,01 October 2023,31 October 2023
696007,BBB,2014J,01 October 2023,31 October 2023
696152,BBB,2014J,01 October 2023,31 October 2023
696203,BBB,2014J,01 October 2023,31 October 2023
696301,BBB,2014J,01 October 2023,31 October 2023
696316,BBB,2014J,01 October 2023,31 October 2023
696348,BBB,2014J,01 October 2023,31 October 2023
696440,BBB,2014J,01 October 2023,31 October 2023
696481,BBB,2014J,01 October 2023,31 October 2023
696527,BBB,2014J,01 October 2023,31 October 2023
696569,BBB,2014J,01 October 2023,31 October 2023
696595,BBB,2014J,01 October 2023,31 October 2023
696616,BBB,2014J,01 October 2023,31 October 2023
696634,BBB,2014J,01 October 2023,31 October 2023
696684,BBB,2014J,01 October 2023,31 October 2023
696692,BBB,2014J,01 October 2023,31 October 2023
696716,BBB,2014J,01 October 2023,31 October 2023
696724,BBB,2014J,01 October 2023,31 October 2023
696799,BBB,2014J,01 October 2023,31 October 2023
696803,BBB,2014J,01 October 2023,31 October 2023
696804,BBB,2014J,01 October 2023,31 October 2023
696844,BBB,2014J,01 October 2023,31 October 2023
696850,BBB,2014J,01 October 2023,31 October 2023
696890,BBB,2014J,01 October 2023,31 October 2023
697065,BBB,2014J,01 October 2023,31 October 2023
697119,BBB,2014J,01 October 2023,31 October 2023
697136,BBB,2014J,01 October 2023,31 October 2023
697148,BBB,2014J,01 October 2023,31 October 2023
697298,BBB,2014J,01 October 2023,31 October 2023
697319,BBB,2014J,01 October 2023,31 October 2023
697337,BBB,2014J,01 October 2023,31 October 2023
697345,BBB,2014J,01 October 2023,31 October 2023
697417,BBB,2014J,01 October 2023,31 October 2023
697428,BBB,2014J,01 October 2023,31 October 2023
697514,BBB,2014J,01 October 2023,31 October 2023
697525,BBB,2014J,01 October 2023,31 October 2023
697542,BBB,2014J,01 October 2023,31 October 2023
697561,BBB,2014J,01 October 2023,31 October 2023
697562,BBB,2014J,01 October 2023,31 October 2023
697574,BBB,2014J,01 October 2023,31 October 2023
697578,BBB,2014J,01 October 2023,31 October 2023
697649,BBB,2014J,01 October 2023,31 October 2023
697653,BBB,2014J,01 October 2023,31 October 2023
697754,BBB,2014J,01 October 2023,31 October 2023
697857,BBB,2014J,01 October 2023,31 October 2023
697868,BBB,2014J,01 October 2023,31 October 2023
697893,BBB,2014J,01 October 2023,31 October 2023
697909,BBB,2014J,01 October 2023,31 October 2023
697912,BBB,2014J,01 October 2023,31 October 2023
697959,BBB,2014J,01 October 2023,31 October 2023
697960,BBB,2014J,01 October 2023,31 October 2023
697964,BBB,2014J,01 October 2023,31 October 2023
698010,BBB,2014J,01 October 2023,31 October 2023
698025,BBB,2014J,01 October 2023,31 October 2023
698170,BBB,2014J,01 October 2023,31 October 2023
698180,BBB,2014J,01 October 2023,31 October 2023
698198,BBB,2014J,01 October 2023,31 October 2023
698199,BBB,2014J,01 October 2023,31 October 2023
698200,BBB,2014J,01 October 2023,31 October 2023
698201,BBB,2014J,01 October 2023,31 October 2023
698203,BBB,2014J,01 October 2023,31 October 2023
698204,BBB,2014J,01 October 2023,31 October 2023
698205,BBB,2014J,01 October 2023,31 October 2023
698206,BBB,2014J,01 October 2023,31 October 2023
698207,BBB,2014J,01 October 2023,31 October 2023
698208,BBB,2014J,01 October 2023,31 October 2023
698256,BBB,2014J,01 October 2023,31 October 2023
698345,BBB,2014J,01 October 2023,31 October 2023
698352,BBB,2014J,01 October 2023,31 October 2023
698357,BBB,2014J,01 October 2023,31 October 2023
698362,BBB,2014J,01 October 2023,31 October 2023
698369,BBB,2014J,01 October 2023,31 October 2023
698420,BBB,2014J,01 October 2023,31 October 2023
698432,BBB,2014J,01 October 2023,31 October 2023
698463,BBB,2014J,01 October 2023,31 October 2023
698471,BBB,2014J,01 October 2023,31 October 2023
698490,BBB,2014J,01 October 2023,31 October 2023
698494,BBB,2014J,01 October 2023,31 October 2023
698498,BBB,2014J,01 October 2023,31 October 2023
698507,BBB,2014J,01 October 2023,31 October 2023
698509,BBB,2014J,01 October 2023,31 October 2023
698586,BBB,2014J,01 October 2023,31 October 2023
699007,BBB,2014J,01 October 2023,31 October 2023
699153,BBB,2014J,01 October 2023,31 October 2023
699435,BBB,2014J,01 October 2023,31 October 2023
699436,BBB,2014J,01 October 2023,31 October 2023
699437,BBB,2014J,01 October 2023,31 October 2023
699488,BBB,2014J,01 October 2023,31 October 2023
699493,BBB,2014J,01 October 2023,31 October 2023
699498,BBB,2014J,01 October 2023,31 October 2023
699503,BBB,2014J,01 October 2023,31 October 2023
699651,BBB,2014J,01 October 2023,31 October 2023
699656,BBB,2014J,01 October 2023,31 October 2023
699875,BBB,2014J,01 October 2023,31 October 2023
700079,BBB,2014J,01 October 2023,31 October 2023
700086,BBB,2014J,01 October 2023,31 October 2023
700441,BBB,2014J,01 October 2023,31 October 2023
700458,BBB,2014J,01 October 2023,31 October 2023
700815,BBB,2014J,01 October 2023,31 October 2023
700820,BBB,2014J,01 October 2023,31 October 2023
1118432,BBB,2014J,01 October 2023,31 October 2023
1419671,BBB,2014J,01 October 2023,31 October 2023
1432518,BBB,2014J,01 October 2023,31 October 2023
1453140,BBB,2014J,01 October 2023,31 October 2023
1486048,BBB,2014J,01 October 2023,31 October 2023
1526770,BBB,2014J,01 October 2023,31 October 2023
1533277,BBB,2014J,01 October 2023,31 October 2023
1536122,BBB,2014J,01 October 2023,31 October 2023
1547646,BBB,2014J,01 October 2023,31 October 2023
1563696,BBB,2014J,01 October 2023,31 October 2023
1564706,BBB,2014J,01 October 2023,31 October 2023
1585768,BBB,2014J,01 October 2023,31 October 2023
1623795,BBB,2014J,01 October 2023,31 October 2023
1656979,BBB,2014J,01 October 2023,31 October 2023
1664280,BBB,2014J,01 October 2023,31 October 2023
1723749,BBB,2014J,01 October 2023,31 October 2023
1732956,BBB,2014J,01 October 2023,31 October 2023
1733023,BBB,2014J,01 October 2023,31 October 2023
1752834,BBB,2014J,01 October 2023,31 October 2023
1757561,BBB,2014J,01 October 2023,31 October 2023
1784816,BBB,2014J,01 October 2023,31 October 2023
1813493,BBB,2014J,01 October 2023,31 October 2023
1832218,BBB,2014J,01 October 2023,31 October 2023
1835389,BBB,2014J,01 October 2023,31 October 2023
1843123,BBB,2014J,01 October 2023,31 October 2023
1874935,BBB,2014J,01 October 2023,31 October 2023
1888723,BBB,2014J,01 October 2023,31 October 2023
1891028,BBB,2014J,01 October 2023,31 October 2023
1903095,BBB,2014J,01 October 2023,31 October 2023
1926542,BBB,2014J,01 October 2023,31 October 2023
1928536,BBB,2014J,01 October 2023,31 October 2023
1929491,BBB,2014J,01 October 2023,31 October 2023
1937822,BBB,2014J,01 October 2023,31 October 2023
1972832,BBB,2014J,01 October 2023,31 October 2023
1989014,BBB,2014J,01 October 2023,31 October 2023
2003628,BBB,2014J,01 October 2023,31 October 2023
2009239,BBB,2014J,01 October 2023,31 October 2023
2035574,BBB,2014J,01 October 2023,31 October 2023
2045569,BBB,2014J,01 October 2023,31 October 2023
2049740,BBB,2014J,01 October 2023,31 October 2023
2051809,BBB,2014J,01 October 2023,31 October 2023
2091096,BBB,2014J,01 October 2023,31 October 2023
2091193,BBB,2014J,01 October 2023,31 October 2023
2093092,BBB,2014J,01 October 2023,31 October 2023
2103305,BBB,2014J,01 October 2023,31 October 2023
2108914,BBB,2014J,01 October 2023,31 October 2023
2115250,BBB,2014J,01 October 2023,31 October 2023
2145101,BBB,2014J,01 October 2023,31 October 2023
2149487,BBB,2014J,01 October 2023,31 October 2023
2159336,BBB,2014J,01 October 2023,31 October 2023
2169127,BBB,2014J,01 October 2023,31 October 2023
2172163,BBB,2014J,01 October 2023,31 October 2023
2177423,BBB,2014J,01 October 2023,31 October 2023
2187308,BBB,2014J,01 October 2023,31 October 2023
2207474,BBB,2014J,01 October 2023,31 October 2023
2213814,BBB,2014J,01 October 2023,31 October 2023
2216682,BBB,2014J,01 October 2023,31 October 2023
2216778,BBB,2014J,01 October 2023,31 October 2023
2218789,BBB,2014J,01 October 2023,31 October 2023
2227568,BBB,2014J,01 October 2023,31 October 2023
2228010,BBB,2014J,01 October 2023,31 October 2023
2228601,BBB,2014J,01 October 2023,31 October 2023
2232976,BBB,2014J,01 October 2023,31 October 2023
2237567,BBB,2014J,01 October 2023,31 October 2023
2239766,BBB,2014J,01 October 2023,31 October 2023
2241250,BBB,2014J,01 October 2023,31 October 2023
2242067,BBB,2014J,01 October 2023,31 October 2023
2248243,BBB,2014J,01 October 2023,31 October 2023
2251500,BBB,2014J,01 October 2023,31 October 2023
2263129,BBB,2014J,01 October 2023,31 October 2023
2264569,BBB,2014J,01 October 2023,31 October 2023
2269561,BBB,2014J,01 October 2023,31 October 2023
2276854,BBB,2014J,01 October 2023,31 October 2023
2278390,BBB,2014J,01 October 2023,31 October 2023
2281286,BBB,2014J,01 October 2023,31 October 2023
2285017,BBB,2014J,01 October 2023,31 October 2023
2292824,BBB,2014J,01 October 2023,31 October 2023
2296716,BBB,2014J,01 October 2023,31 October 2023
2299745,BBB,2014J,01 October 2023,31 October 2023
2318161,BBB,2014J,01 October 2023,31 October 2023
2321660,BBB,2014J,01 October 2023,31 October 2023
2326401,BBB,2014J,01 October 2023,31 October 2023
2333415,BBB,2014J,01 October 2023,31 October 2023
2344216,BBB,2014J,01 October 2023,31 October 2023
2346145,BBB,2014J,01 October 2023,31 October 2023
2349805,BBB,2014J,01 October 2023,31 October 2023
2353764,BBB,2014J,01 October 2023,31 October 2023
2357372,BBB,2014J,01 October 2023,31 October 2023
2363168,BBB,2014J,01 October 2023,31 October 2023
2375759,BBB,2014J,01 October 2023,31 October 2023
2385665,BBB,2014J,01 October 2023,31 October 2023
2386867,BBB,2014J,01 October 2023,31 October 2023
2394741,BBB,2014J,01 October 2023,31 October 2023
2399380,BBB,2014J,01 October 2023,31 October 2023
2401304,BBB,2014J,01 October 2023,31 October 2023
2407594,BBB,2014J,01 October 2023,31 October 2023
2410544,BBB,2014J,01 October 2023,31 October 2023
2414945,BBB,2014J,01 October 2023,31 October 2023
2426442,BBB,2014J,01 October 2023,31 October 2023
2426864,BBB,2014J,01 October 2023,31 October 2023
2428341,BBB,2014J,01 October 2023,31 October 2023
2432551,BBB,2014J,01 October 2023,31 October 2023
2436711,BBB,2014J,01 October 2023,31 October 2023
2444705,BBB,2014J,01 October 2023,31 October 2023
2446694,BBB,2014J,01 October 2023,31 October 2023
2448699,BBB,2014J,01 October 2023,31 October 2023
2449399,BBB,2014J,01 October 2023,31 October 2023
2454351,BBB,2014J,01 October 2023,31 October 2023
2459279,BBB,2014J,01 October 2023,31 October 2023
2462576,BBB,2014J,01 October 2023,31 October 2023
2464901,BBB,2014J,01 October 2023,31 October 2023
2475591,BBB,2014J,01 October 2023,31 October 2023
2486159,BBB,2014J,01 October 2023,31 October 2023
2487430,BBB,2014J,01 October 2023,31 October 2023
2487573,BBB,2014J,01 October 2023,31 October 2023
2497189,BBB,2014J,01 October 2023,31 October 2023
2497624,BBB,2014J,01 October 2023,31 October 2023
2511519,BBB,2014J,01 October 2023,31 October 2023
2520290,BBB,2014J,01 October 2023,31 October 2023
2520649,BBB,2014J,01 October 2023,31 October 2023
2537934,BBB,2014J,01 October 2023,31 October 2023
2542310,BBB,2014J,01 October 2023,31 October 2023
2545047,BBB,2014J,01 October 2023,31 October 2023
2552708,BBB,2014J,01 October 2023,31 October 2023
2559992,BBB,2014J,01 October 2023,31 October 2023
2567715,BBB,2014J,01 October 2023,31 October 2023
2570396,BBB,2014J,01 October 2023,31 October 2023
2576637,BBB,2014J,01 October 2023,31 October 2023
2578532,BBB,2014J,01 October 2023,31 October 2023
2580626,BBB,2014J,01 October 2023,31 October 2023
2594368,BBB,2014J,01 October 2023,31 October 2023
2599784,BBB,2014J,01 October 2023,31 October 2023
2603061,BBB,2014J,01 October 2023,31 October 2023
2603534,BBB,2014J,01 October 2023,31 October 2023
2609768,BBB,2014J,01 October 2023,31 October 2023
2610170,BBB,2014J,01 October 2023,31 October 2023
2610745,BBB,2014J,01 October 2023,31 October 2023
2611512,BBB,2014J,01 October 2023,31 October 2023
2614271,BBB,2014J,01 October 2023,31 October 2023
2614777,BBB,2014J,01 October 2023,31 October 2023
2622652,BBB,2014J,01 October 2023,31 October 2023
2623656,BBB,2014J,01 October 2023,31 October 2023
2627398,BBB,2014J,01 October 2023,31 October 2023
2627493,BBB,2014J,01 October 2023,31 October 2023
2629503,BBB,2014J,01 October 2023,31 October 2023
2631298,BBB,2014J,01 October 2023,31 October 2023
2634319,BBB,2014J,01 October 2023,31 October 2023
2638403,BBB,2014J,01 October 2023,31 October 2023
2660510,BBB,2014J,01 October 2023,31 October 2023
2670300,BBB,2014J,01 October 2023,31 October 2023
2681505,BBB,2014J,01 October 2023,31 October 2023
2681940,BBB,2014J,01 October 2023,31 October 2023
2682693,BBB,2014J,01 October 2023,31 October 2023
2684107,BBB,2014J,01 October 2023,31 October 2023
2685247,BBB,2014J,01 October 2023,31 October 2023
2687739,BBB,2014J,01 October 2023,31 October 2023
2687858,BBB,2014J,01 October 2023,31 October 2023
2688495,BBB,2014J,01 October 2023,31 October 2023
2688945,BBB,2014J,01 October 2023,31 October 2023
2692969,BBB,2014J,01 October 2023,31 October 2023
2694919,BBB,2014J,01 October 2023,31 October 2023
2698577,BBB,2014J,01 October 2023,31 October 2023
2698588,BBB,2014J,01 October 2023,31 October 2023
2698591,BBB,2014J,01 October 2023,31 October 2023
28418,CCC,2014B,01 October 2023,31 October 2023
29764,CCC,2014B,01 October 2023,31 October 2023
29820,CCC,2014B,01 October 2023,31 October 2023
40333,CCC,2014B,01 October 2023,31 October 2023
40604,CCC,2014B,01 October 2023,31 October 2023
42638,CCC,2014B,01 October 2023,31 October 2023
45664,CCC,2014B,01 October 2023,31 October 2023
46605,CCC,2014B,01 October 2023,31 October 2023
49119,CCC,2014B,01 October 2023,31 October 2023
50263,CCC,2014B,01 October 2023,31 October 2023
51576,CCC,2014B,01 October 2023,31 October 2023
54391,CCC,2014B,01 October 2023,31 October 2023
57340,CCC,2014B,01 October 2023,31 October 2023
59541,CCC,2014B,01 October 2023,31 October 2023
62278,CCC,2014B,01 October 2023,31 October 2023
64296,CCC,2014B,01 October 2023,31 October 2023
66254,CCC,2014B,01 October 2023,31 October 2023
69489,CCC,2014B,01 October 2023,31 October 2023
69494,CCC,2014B,01 October 2023,31 October 2023
69703,CCC,2014B,01 October 2023,31 October 2023
70381,CCC,2014B,01 October 2023,31 October 2023
70771,CCC,2014B,01 October 2023,31 October 2023
74290,CCC,2014B,01 October 2023,31 October 2023
75454,CCC,2014B,01 October 2023,31 October 2023
75469,CCC,2014B,01 October 2023,31 October 2023
75728,CCC,2014B,01 October 2023,31 October 2023
79461,CCC,2014B,01 October 2023,31 October 2023
80329,CCC,2014B,01 October 2023,31 October 2023
82575,CCC,2014B,01 October 2023,31 October 2023
83219,CCC,2014B,01 October 2023,31 October 2023
83453,CCC,2014B,01 October 2023,31 October 2023
84299,CCC,2014B,01 October 2023,31 October 2023
86047,CCC,2014B,01 October 2023,31 October 2023
88758,CCC,2014B,01 October 2023,31 October 2023
94484,CCC,2014B,01 October 2023,31 October 2023
95906,CCC,2014B,01 October 2023,31 October 2023
96538,CCC,2014B,01 October 2023,31 October 2023
97486,CCC,2014B,01 October 2023,31 October 2023
100621,CCC,2014B,01 October 2023,31 October 2023
105523,CCC,2014B,01 October 2023,31 October 2023
107028,CCC,2014B,01 October 2023,31 October 2023
107339,CCC,2014B,01 October 2023,31 October 2023
108834,CCC,2014B,01 October 2023,31 October 2023
108947,CCC,2014B,01 October 2023,31 October 2023
116174,CCC,2014B,01 October 2023,31 October 2023
116518,CCC,2014B,01 October 2023,31 October 2023
117232,CCC,2014B,01 October 2023,31 October 2023
118098,CCC,2014B,01 October 2023,31 October 2023
119353,CCC,2014B,01 October 2023,31 October 2023
119729,CCC,2014B,01 October 2023,31 October 2023
122392,CCC,2014B,01 October 2023,31 October 2023
123598,CCC,2014B,01 October 2023,31 October 2023
124124,CCC,2014B,01 October 2023,31 October 2023
124193,CCC,2014B,01 October 2023,31 October 2023
126337,CCC,2014B,01 October 2023,31 October 2023
126394,CCC,2014B,01 October 2023,31 October 2023
126395,CCC,2014B,01 October 2023,31 October 2023
128510,CCC,2014B,01 October 2023,31 October 2023
129198,CCC,2014B,01 October 2023,31 October 2023
129638,CCC,2014B,01 October 2023,31 October 2023
129878,CCC,2014B,01 October 2023,31 October 2023
131145,CCC,2014B,01 October 2023,31 October 2023
131695,CCC,2014B,01 October 2023,31 October 2023
131933,CCC,2014B,01 October 2023,31 October 2023
132191,CCC,2014B,01 October 2023,31 October 2023
133104,CCC,2014B,01 October 2023,31 October 2023
134025,CCC,2014B,01 October 2023,31 October 2023
135330,CCC,2014B,01 October 2023,31 October 2023
135792,CCC,2014B,01 October 2023,31 October 2023
139190,CCC,2014B,01 October 2023,31 October 2023
142935,CCC,2014B,01 October 2023,31 October 2023
145282,CCC,2014B,01 October 2023,31 October 2023
146125,CCC,2014B,01 October 2023,31 October 2023
147675,CCC,2014B,01 October 2023,31 October 2023
151549,CCC,2014B,01 October 2023,31 October 2023
152428,CCC,2014B,01 October 2023,31 October 2023
152962,CCC,2014B,01 October 2023,31 October 2023
153687,CCC,2014B,01 October 2023,31 October 2023
153788,CCC,2014B,01 October 2023,31 October 2023
155067,CCC,2014B,01 October 2023,31 October 2023
155963,CCC,2014B,01 October 2023,31 October 2023
157310,CCC,2014B,01 October 2023,31 October 2023
160300,CCC,2014B,01 October 2023,31 October 2023
162650,CCC,2014B,01 October 2023,31 October 2023
165647,CCC,2014B,01 October 2023,31 October 2023
165733,CCC,2014B,01 October 2023,31 October 2023
166160,CCC,2014B,01 October 2023,31 October 2023
167791,CCC,2014B,01 October 2023,31 October 2023
168178,CCC,2014B,01 October 2023,31 October 2023
169380,CCC,2014B,01 October 2023,31 October 2023
170025,CCC,2014B,01 October 2023,31 October 2023
170864,CCC,2014B,01 October 2023,31 October 2023
171896,CCC,2014B,01 October 2023,31 October 2023
172301,CCC,2014B,01 October 2023,31 October 2023
172965,CCC,2014B,01 October 2023,31 October 2023
174807,CCC,2014B,01 October 2023,31 October 2023
175490,CCC,2014B,01 October 2023,31 October 2023
177967,CCC,2014B,01 October 2023,31 October 2023
178072,CCC,2014B,01 October 2023,31 October 2023
178496,CCC,2014B,01 October 2023,31 October 2023
178654,CCC,2014B,01 October 2023,31 October 2023
179904,CCC,2014B,01 October 2023,31 October 2023
180976,CCC,2014B,01 October 2023,31 October 2023
183331,CCC,2014B,01 October 2023,31 October 2023
187435,CCC,2014B,01 October 2023,31 October 2023
189428,CCC,2014B,01 October 2023,31 October 2023
189624,CCC,2014B,01 October 2023,31 October 2023
191000,CCC,2014B,01 October 2023,31 October 2023
191797,CCC,2014B,01 October 2023,31 October 2023
193163,CCC,2014B,01 October 2023,31 October 2023
194377,CCC,2014B,01 October 2023,31 October 2023
197486,CCC,2014B,01 October 2023,31 October 2023
198902,CCC,2014B,01 October 2023,31 October 2023
200372,CCC,2014B,01 October 2023,31 October 2023
201327,CCC,2014B,01 October 2023,31 October 2023
203707,CCC,2014B,01 October 2023,31 October 2023
204725,CCC,2014B,01 October 2023,31 October 2023
205398,CCC,2014B,01 October 2023,31 October 2023
205425,CCC,2014B,01 October 2023,31 October 2023
206245,CCC,2014B,01 October 2023,31 October 2023
206599,CCC,2014B,01 October 2023,31 October 2023
227192,CCC,2014B,01 October 2023,31 October 2023
227752,CCC,2014B,01 October 2023,31 October 2023
227833,CCC,2014B,01 October 2023,31 October 2023
228153,CCC,2014B,01 October 2023,31 October 2023
228743,CCC,2014B,01 October 2023,31 October 2023
229499,CCC,2014B,01 October 2023,31 October 2023
230340,CCC,2014B,01 October 2023,31 October 2023
230761,CCC,2014B,01 October 2023,31 October 2023
231339,CCC,2014B,01 October 2023,31 October 2023
232833,CCC,2014B,01 October 2023,31 October 2023
233444,CCC,2014B,01 October 2023,31 October 2023
234068,CCC,2014B,01 October 2023,31 October 2023
234311,CCC,2014B,01 October 2023,31 October 2023
234740,CCC,2014B,01 October 2023,31 October 2023
235175,CCC,2014B,01 October 2023,31 October 2023
236205,CCC,2014B,01 October 2023,31 October 2023
236620,CCC,2014B,01 October 2023,31 October 2023
237934,CCC,2014B,01 October 2023,31 October 2023
239707,CCC,2014B,01 October 2023,31 October 2023
241955,CCC,2014B,01 October 2023,31 October 2023
242778,CCC,2014B,01 October 2023,31 October 2023
242858,CCC,2014B,01 October 2023,31 October 2023
243351,CCC,2014B,01 October 2023,31 October 2023
244902,CCC,2014B,01 October 2023,31 October 2023
244977,CCC,2014B,01 October 2023,31 October 2023
245217,CCC,2014B,01 October 2023,31 October 2023
245494,CCC,2014B,01 October 2023,31 October 2023
246248,CCC,2014B,01 October 2023,31 October 2023
247819,CCC,2014B,01 October 2023,31 October 2023
248252,CCC,2014B,01 October 2023,31 October 2023
250092,CCC,2014B,01 October 2023,31 October 2023
251385,CCC,2014B,01 October 2023,31 October 2023
253859,CCC,2014B,01 October 2023,31 October 2023
255140,CCC,2014B,01 October 2023,31 October 2023
255310,CCC,2014B,01 October 2023,31 October 2023
256532,CCC,2014B,01 October 2023,31 October 2023
260062,CCC,2014B,01 October 2023,31 October 2023
260949,CCC,2014B,01 October 2023,31 October 2023
261042,CCC,2014B,01 October 2023,31 October 2023
261265,CCC,2014B,01 October 2023,31 October 2023
261615,CCC,2014B,01 October 2023,31 October 2023
262391,CCC,2014B,01 October 2023,31 October 2023
264159,CCC,2014B,01 October 2023,31 October 2023
264285,CCC,2014B,01 October 2023,31 October 2023
266040,CCC,2014B,01 October 2023,31 October 2023
266558,CCC,2014B,01 October 2023,31 October 2023
266915,CCC,2014B,01 October 2023,31 October 2023
267118,CCC,2014B,01 October 2023,31 October 2023
268018,CCC,2014B,01 October 2023,31 October 2023
268127,CCC,2014B,01 October 2023,31 October 2023
269676,CCC,2014B,01 October 2023,31 October 2023
272103,CCC,2014B,01 October 2023,31 October 2023
277577,CCC,2014B,01 October 2023,31 October 2023
277809,CCC,2014B,01 October 2023,31 October 2023
278861,CCC,2014B,01 October 2023,31 October 2023
279868,CCC,2014B,01 October 2023,31 October 2023
279883,CCC,2014B,01 October 2023,31 October 2023
281261,CCC,2014B,01 October 2023,31 October 2023
281801,CCC,2014B,01 October 2023,31 October 2023
282193,CCC,2014B,01 October 2023,31 October 2023
283798,CCC,2014B,01 October 2023,31 October 2023
284812,CCC,2014B,01 October 2023,31 October 2023
285170,CCC,2014B,01 October 2023,31 October 2023
285475,CCC,2014B,01 October 2023,31 October 2023
289009,CCC,2014B,01 October 2023,31 October 2023
289397,CCC,2014B,01 October 2023,31 October 2023
290382,CCC,2014B,01 October 2023,31 October 2023
291805,CCC,2014B,01 October 2023,31 October 2023
294578,CCC,2014B,01 October 2023,31 October 2023
295893,CCC,2014B,01 October 2023,31 October 2023
296411,CCC,2014B,01 October 2023,31 October 2023
298040,CCC,2014B,01 October 2023,31 October 2023
300059,CCC,2014B,01 October 2023,31 October 2023
300594,CCC,2014B,01 October 2023,31 October 2023
300611,CCC,2014B,01 October 2023,31 October 2023
301232,CCC,2014B,01 October 2023,31 October 2023
305783,CCC,2014B,01 October 2023,31 October 2023
305876,CCC,2014B,01 October 2023,31 October 2023
305974,CCC,2014B,01 October 2023,31 October 2023
306150,CCC,2014B,01 October 2023,31 October 2023
308391,CCC,2014B,01 October 2023,31 October 2023
308918,CCC,2014B,01 October 2023,31 October 2023
309118,CCC,2014B,01 October 2023,31 October 2023
309515,CCC,2014B,01 October 2023,31 October 2023
310088,CCC,2014B,01 October 2023,31 October 2023
311616,CCC,2014B,01 October 2023,31 October 2023
312886,CCC,2014B,01 October 2023,31 October 2023
314555,CCC,2014B,01 October 2023,31 October 2023
315322,CCC,2014B,01 October 2023,31 October 2023
315728,CCC,2014B,01 October 2023,31 October 2023
316061,CCC,2014B,01 October 2023,31 October 2023
316227,CCC,2014B,01 October 2023,31 October 2023
318574,CCC,2014B,01 October 2023,31 October 2023
319042,CCC,2014B,01 October 2023,31 October 2023
320153,CCC,2014B,01 October 2023,31 October 2023
321112,CCC,2014B,01 October 2023,31 October 2023
324257,CCC,2014B,01 October 2023,31 October 2023
325497,CCC,2014B,01 October 2023,31 October 2023
328261,CCC,2014B,01 October 2023,31 October 2023
329673,CCC,2014B,01 October 2023,31 October 2023
330862,CCC,2014B,01 October 2023,31 October 2023
330994,CCC,2014B,01 October 2023,31 October 2023
335553,CCC,2014B,01 October 2023,31 October 2023
335648,CCC,2014B,01 October 2023,31 October 2023
336398,CCC,2014B,01 October 2023,31 October 2023
336695,CCC,2014B,01 October 2023,31 October 2023
338604,CCC,2014B,01 October 2023,31 October 2023
338731,CCC,2014B,01 October 2023,31 October 2023
338854,CCC,2014B,01 October 2023,31 October 2023
339353,CCC,2014B,01 October 2023,31 October 2023
342089,CCC,2014B,01 October 2023,31 October 2023
342957,CCC,2014B,01 October 2023,31 October 2023
342974,CCC,2014B,01 October 2023,31 October 2023
344367,CCC,2014B,01 October 2023,31 October 2023
344396,CCC,2014B,01 October 2023,31 October 2023
345256,CCC,2014B,01 October 2023,31 October 2023
347257,CCC,2014B,01 October 2023,31 October 2023
347518,CCC,2014B,01 October 2023,31 October 2023
347764,CCC,2014B,01 October 2023,31 October 2023
348050,CCC,2014B,01 October 2023,31 October 2023
348159,CCC,2014B,01 October 2023,31 October 2023
349069,CCC,2014B,01 October 2023,31 October 2023
351328,CCC,2014B,01 October 2023,31 October 2023
351577,CCC,2014B,01 October 2023,31 October 2023
351775,CCC,2014B,01 October 2023,31 October 2023
353066,CCC,2014B,01 October 2023,31 October 2023
353660,CCC,2014B,01 October 2023,31 October 2023
353804,CCC,2014B,01 October 2023,31 October 2023
353979,CCC,2014B,01 October 2023,31 October 2023
354607,CCC,2014B,01 October 2023,31 October 2023
355143,CCC,2014B,01 October 2023,31 October 2023
356274,CCC,2014B,01 October 2023,31 October 2023
356523,CCC,2014B,01 October 2023,31 October 2023
357176,CCC,2014B,01 October 2023,31 October 2023
357214,CCC,2014B,01 October 2023,31 October 2023
357485,CCC,2014B,01 October 2023,31 October 2023
357851,CCC,2014B,01 October 2023,31 October 2023
357942,CCC,2014B,01 October 2023,31 October 2023
358075,CCC,2014B,01 October 2023,31 October 2023
359114,CCC,2014B,01 October 2023,31 October 2023
359460,CCC,2014B,01 October 2023,31 October 2023
360547,CCC,2014B,01 October 2023,31 October 2023
361410,CCC,2014B,01 October 2023,31 October 2023
362223,CCC,2014B,01 October 2023,31 October 2023
362661,CCC,2014B,01 October 2023,31 October 2023
363374,CCC,2014B,01 October 2023,31 October 2023
363773,CCC,2014B,01 October 2023,31 October 2023
363906,CCC,2014B,01 October 2023,31 October 2023
363939,CCC,2014B,01 October 2023,31 October 2023
364920,CCC,2014B,01 October 2023,31 October 2023
365993,CCC,2014B,01 October 2023,31 October 2023
366310,CCC,2014B,01 October 2023,31 October 2023
366424,CCC,2014B,01 October 2023,31 October 2023
366872,CCC,2014B,01 October 2023,31 October 2023
367807,CCC,2014B,01 October 2023,31 October 2023
368483,CCC,2014B,01 October 2023,31 October 2023
368876,CCC,2014B,01 October 2023,31 October 2023
369908,CCC,2014B,01 October 2023,31 October 2023
370336,CCC,2014B,01 October 2023,31 October 2023
371113,CCC,2014B,01 October 2023,31 October 2023
371526,CCC,2014B,01 October 2023,31 October 2023
371901,CCC,2014B,01 October 2023,31 October 2023
372812,CCC,2014B,01 October 2023,31 October 2023
374028,CCC,2014B,01 October 2023,31 October 2023
374055,CCC,2014B,01 October 2023,31 October 2023
374756,CCC,2014B,01 October 2023,31 October 2023
375688,CCC,2014B,01 October 2023,31 October 2023
376701,CCC,2014B,01 October 2023,31 October 2023
378920,CCC,2014B,01 October 2023,31 October 2023
379406,CCC,2014B,01 October 2023,31 October 2023
381240,CCC,2014B,01 October 2023,31 October 2023
381927,CCC,2014B,01 October 2023,31 October 2023
383015,CCC,2014B,01 October 2023,31 October 2023
383140,CCC,2014B,01 October 2023,31 October 2023
383158,CCC,2014B,01 October 2023,31 October 2023
383311,CCC,2014B,01 October 2023,31 October 2023
383347,CCC,2014B,01 October 2023,31 October 2023
383372,CCC,2014B,01 October 2023,31 October 2023
383971,CCC,2014B,01 October 2023,31 October 2023
385120,CCC,2014B,01 October 2023,31 October 2023
385387,CCC,2014B,01 October 2023,31 October 2023
385980,CCC,2014B,01 October 2023,31 October 2023
386121,CCC,2014B,01 October 2023,31 October 2023
386189,CCC,2014B,01 October 2023,31 October 2023
386671,CCC,2014B,01 October 2023,31 October 2023
387009,CCC,2014B,01 October 2023,31 October 2023
388538,CCC,2014B,01 October 2023,31 October 2023
388708,CCC,2014B,01 October 2023,31 October 2023
388750,CCC,2014B,01 October 2023,31 October 2023
389680,CCC,2014B,01 October 2023,31 October 2023
390233,CCC,2014B,01 October 2023,31 October 2023
391343,CCC,2014B,01 October 2023,31 October 2023
391419,CCC,2014B,01 October 2023,31 October 2023
392289,CCC,2014B,01 October 2023,31 October 2023
392526,CCC,2014B,01 October 2023,31 October 2023
394311,CCC,2014B,01 October 2023,31 October 2023
394341,CCC,2014B,01 October 2023,31 October 2023
394791,CCC,2014B,01 October 2023,31 October 2023
395164,CCC,2014B,01 October 2023,31 October 2023
396825,CCC,2014B,01 October 2023,31 October 2023
397149,CCC,2014B,01 October 2023,31 October 2023
397506,CCC,2014B,01 October 2023,31 October 2023
397797,CCC,2014B,01 October 2023,31 October 2023
398487,CCC,2014B,01 October 2023,31 October 2023
398877,CCC,2014B,01 October 2023,31 October 2023
399863,CCC,2014B,01 October 2023,31 October 2023
400063,CCC,2014B,01 October 2023,31 October 2023
401296,CCC,2014B,01 October 2023,31 October 2023
401903,CCC,2014B,01 October 2023,31 October 2023
403085,CCC,2014B,01 October 2023,31 October 2023
404239,CCC,2014B,01 October 2023,31 October 2023
405192,CCC,2014B,01 October 2023,31 October 2023
406265,CCC,2014B,01 October 2023,31 October 2023
406337,CCC,2014B,01 October 2023,31 October 2023
406846,CCC,2014B,01 October 2023,31 October 2023
406908,CCC,2014B,01 October 2023,31 October 2023
406937,CCC,2014B,01 October 2023,31 October 2023
407453,CCC,2014B,01 October 2023,31 October 2023
407818,CCC,2014B,01 October 2023,31 October 2023
408371,CCC,2014B,01 October 2023,31 October 2023
408413,CCC,2014B,01 October 2023,31 October 2023
409540,CCC,2014B,01 October 2023,31 October 2023
410203,CCC,2014B,01 October 2023,31 October 2023
410407,CCC,2014B,01 October 2023,31 October 2023
410699,CCC,2014B,01 October 2023,31 October 2023
410886,CCC,2014B,01 October 2023,31 October 2023
412258,CCC,2014B,01 October 2023,31 October 2023
412268,CCC,2014B,01 October 2023,31 October 2023
412284,CCC,2014B,01 October 2023,31 October 2023
413083,CCC,2014B,01 October 2023,31 October 2023
416500,CCC,2014B,01 October 2023,31 October 2023
416689,CCC,2014B,01 October 2023,31 October 2023
416860,CCC,2014B,01 October 2023,31 October 2023
417820,CCC,2014B,01 October 2023,31 October 2023
418224,CCC,2014B,01 October 2023,31 October 2023
418623,CCC,2014B,01 October 2023,31 October 2023
418971,CCC,2014B,01 October 2023,31 October 2023
419233,CCC,2014B,01 October 2023,31 October 2023
419536,CCC,2014B,01 October 2023,31 October 2023
420345,CCC,2014B,01 October 2023,31 October 2023
420428,CCC,2014B,01 October 2023,31 October 2023
420528,CCC,2014B,01 October 2023,31 October 2023
420935,CCC,2014B,01 October 2023,31 October 2023
421209,CCC,2014B,01 October 2023,31 October 2023
421712,CCC,2014B,01 October 2023,31 October 2023
423879,CCC,2014B,01 October 2023,31 October 2023
424082,CCC,2014B,01 October 2023,31 October 2023
424112,CCC,2014B,01 October 2023,31 October 2023
424950,CCC,2014B,01 October 2023,31 October 2023
425287,CCC,2014B,01 October 2023,31 October 2023
425714,CCC,2014B,01 October 2023,31 October 2023
426610,CCC,2014B,01 October 2023,31 October 2023
426616,CCC,2014B,01 October 2023,31 October 2023
429065,CCC,2014B,01 October 2023,31 October 2023
429185,CCC,2014B,01 October 2023,31 October 2023
429220,CCC,2014B,01 October 2023,31 October 2023
430686,CCC,2014B,01 October 2023,31 October 2023
431014,CCC,2014B,01 October 2023,31 October 2023
431386,CCC,2014B,01 October 2023,31 October 2023
432278,CCC,2014B,01 October 2023,31 October 2023
432718,CCC,2014B,01 October 2023,31 October 2023
434562,CCC,2014B,01 October 2023,31 October 2023
434573,CCC,2014B,01 October 2023,31 October 2023
435271,CCC,2014B,01 October 2023,31 October 2023
436058,CCC,2014B,01 October 2023,31 October 2023
437432,CCC,2014B,01 October 2023,31 October 2023
438313,CCC,2014B,01 October 2023,31 October 2023
438796,CCC,2014B,01 October 2023,31 October 2023
439669,CCC,2014B,01 October 2023,31 October 2023
440171,CCC,2014B,01 October 2023,31 October 2023
440297,CCC,2014B,01 October 2023,31 October 2023
440323,CCC,2014B,01 October 2023,31 October 2023
440591,CCC,2014B,01 October 2023,31 October 2023
440905,CCC,2014B,01 October 2023,31 October 2023
441540,CCC,2014B,01 October 2023,31 October 2023
441606,CCC,2014B,01 October 2023,31 October 2023
442530,CCC,2014B,01 October 2023,31 October 2023
442954,CCC,2014B,01 October 2023,31 October 2023
445777,CCC,2014B,01 October 2023,31 October 2023
445917,CCC,2014B,01 October 2023,31 October 2023
445972,CCC,2014B,01 October 2023,31 October 2023
446295,CCC,2014B,01 October 2023,31 October 2023
446628,CCC,2014B,01 October 2023,31 October 2023
447306,CCC,2014B,01 October 2023,31 October 2023
464236,CCC,2014B,01 October 2023,31 October 2023
464724,CCC,2014B,01 October 2023,31 October 2023
465194,CCC,2014B,01 October 2023,31 October 2023
465406,CCC,2014B,01 October 2023,31 October 2023
465517,CCC,2014B,01 October 2023,31 October 2023
465719,CCC,2014B,01 October 2023,31 October 2023
465764,CCC,2014B,01 October 2023,31 October 2023
465843,CCC,2014B,01 October 2023,31 October 2023
466289,CCC,2014B,01 October 2023,31 October 2023
466714,CCC,2014B,01 October 2023,31 October 2023
467230,CCC,2014B,01 October 2023,31 October 2023
467753,CCC,2014B,01 October 2023,31 October 2023
467894,CCC,2014B,01 October 2023,31 October 2023
468753,CCC,2014B,01 October 2023,31 October 2023
469113,CCC,2014B,01 October 2023,31 October 2023
469732,CCC,2014B,01 October 2023,31 October 2023
469761,CCC,2014B,01 October 2023,31 October 2023
470002,CCC,2014B,01 October 2023,31 October 2023
471018,CCC,2014B,01 October 2023,31 October 2023
471580,CCC,2014B,01 October 2023,31 October 2023
471657,CCC,2014B,01 October 2023,31 October 2023
471979,CCC,2014B,01 October 2023,31 October 2023
472087,CCC,2014B,01 October 2023,31 October 2023
472309,CCC,2014B,01 October 2023,31 October 2023
472856,CCC,2014B,01 October 2023,31 October 2023
473965,CCC,2014B,01 October 2023,31 October 2023
474283,CCC,2014B,01 October 2023,31 October 2023
474377,CCC,2014B,01 October 2023,31 October 2023
474759,CCC,2014B,01 October 2023,31 October 2023
475149,CCC,2014B,01 October 2023,31 October 2023
475443,CCC,2014B,01 October 2023,31 October 2023
475556,CCC,2014B,01 October 2023,31 October 2023
475945,CCC,2014B,01 October 2023,31 October 2023
476108,CCC,2014B,01 October 2023,31 October 2023
476868,CCC,2014B,01 October 2023,31 October 2023
476937,CCC,2014B,01 October 2023,31 October 2023
477067,CCC,2014B,01 October 2023,31 October 2023
478025,CCC,2014B,01 October 2023,31 October 2023
478212,CCC,2014B,01 October 2023,31 October 2023
478550,CCC,2014B,01 October 2023,31 October 2023
478977,CCC,2014B,01 October 2023,31 October 2023
479607,CCC,2014B,01 October 2023,31 October 2023
479714,CCC,2014B,01 October 2023,31 October 2023
479725,CCC,2014B,01 October 2023,31 October 2023
479753,CCC,2014B,01 October 2023,31 October 2023
480604,CCC,2014B,01 October 2023,31 October 2023
480928,CCC,2014B,01 October 2023,31 October 2023
480929,CCC,2014B,01 October 2023,31 October 2023
480943,CCC,2014B,01 October 2023,31 October 2023
481024,CCC,2014B,01 October 2023,31 October 2023
482280,CCC,2014B,01 October 2023,31 October 2023
482745,CCC,2014B,01 October 2023,31 October 2023
483108,CCC,2014B,01 October 2023,31 October 2023
483267,CCC,2014B,01 October 2023,31 October 2023
483275,CCC,2014B,01 October 2023,31 October 2023
483666,CCC,2014B,01 October 2023,31 October 2023
484174,CCC,2014B,01 October 2023,31 October 2023
484305,CCC,2014B,01 October 2023,31 October 2023
484464,CCC,2014B,01 October 2023,31 October 2023
484787,CCC,2014B,01 October 2023,31 October 2023
485312,CCC,2014B,01 October 2023,31 October 2023
485374,CCC,2014B,01 October 2023,31 October 2023
485594,CCC,2014B,01 October 2023,31 October 2023
485604,CCC,2014B,01 October 2023,31 October 2023
485944,CCC,2014B,01 October 2023,31 October 2023
486378,CCC,2014B,01 October 2023,31 October 2023
486737,CCC,2014B,01 October 2023,31 October 2023
487494,CCC,2014B,01 October 2023,31 October 2023
487570,CCC,2014B,01 October 2023,31 October 2023
487629,CCC,2014B,01 October 2023,31 October 2023
488431,CCC,2014B,01 October 2023,31 October 2023
489309,CCC,2014B,01 October 2023,31 October 2023
489929,CCC,2014B,01 October 2023,31 October 2023
490024,CCC,2014B,01 October 2023,31 October 2023
490081,CCC,2014B,01 October 2023,31 October 2023
490282,CCC,2014B,01 October 2023,31 October 2023
490297,CCC,2014B,01 October 2023,31 October 2023
490587,CCC,2014B,01 October 2023,31 October 2023
490662,CCC,2014B,01 October 2023,31 October 2023
490665,CCC,2014B,01 October 2023,31 October 2023
490768,CCC,2014B,01 October 2023,31 October 2023
490769,CCC,2014B,01 October 2023,31 October 2023
491170,CCC,2014B,01 October 2023,31 October 2023
491232,CCC,2014B,01 October 2023,31 October 2023
491742,CCC,2014B,01 October 2023,31 October 2023
491843,CCC,2014B,01 October 2023,31 October 2023
492357,CCC,2014B,01 October 2023,31 October 2023
492900,CCC,2014B,01 October 2023,31 October 2023
493793,CCC,2014B,01 October 2023,31 October 2023
493822,CCC,2014B,01 October 2023,31 October 2023
493988,CCC,2014B,01 October 2023,31 October 2023
494389,CCC,2014B,01 October 2023,31 October 2023
494919,CCC,2014B,01 October 2023,31 October 2023
495320,CCC,2014B,01 October 2023,31 October 2023
496108,CCC,2014B,01 October 2023,31 October 2023
497047,CCC,2014B,01 October 2023,31 October 2023
497080,CCC,2014B,01 October 2023,31 October 2023
498043,CCC,2014B,01 October 2023,31 October 2023
498138,CCC,2014B,01 October 2023,31 October 2023
498225,CCC,2014B,01 October 2023,31 October 2023
498741,CCC,2014B,01 October 2023,31 October 2023
500001,CCC,2014B,01 October 2023,31 October 2023
500006,CCC,2014B,01 October 2023,31 October 2023
500189,CCC,2014B,01 October 2023,31 October 2023
500597,CCC,2014B,01 October 2023,31 October 2023
501339,CCC,2014B,01 October 2023,31 October 2023
501443,CCC,2014B,01 October 2023,31 October 2023
501652,CCC,2014B,01 October 2023,31 October 2023
502465,CCC,2014B,01 October 2023,31 October 2023
502466,CCC,2014B,01 October 2023,31 October 2023
502554,CCC,2014B,01 October 2023,31 October 2023
502833,CCC,2014B,01 October 2023,31 October 2023
502868,CCC,2014B,01 October 2023,31 October 2023
502929,CCC,2014B,01 October 2023,31 October 2023
503469,CCC,2014B,01 October 2023,31 October 2023
503872,CCC,2014B,01 October 2023,31 October 2023
504057,CCC,2014B,01 October 2023,31 October 2023
505235,CCC,2014B,01 October 2023,31 October 2023
505520,CCC,2014B,01 October 2023,31 October 2023
505767,CCC,2014B,01 October 2023,31 October 2023
505815,CCC,2014B,01 October 2023,31 October 2023
505967,CCC,2014B,01 October 2023,31 October 2023
506206,CCC,2014B,01 October 2023,31 October 2023
506380,CCC,2014B,01 October 2023,31 October 2023
507034,CCC,2014B,01 October 2023,31 October 2023
507388,CCC,2014B,01 October 2023,31 October 2023
507523,CCC,2014B,01 October 2023,31 October 2023
507671,CCC,2014B,01 October 2023,31 October 2023
507801,CCC,2014B,01 October 2023,31 October 2023
508025,CCC,2014B,01 October 2023,31 October 2023
508848,CCC,2014B,01 October 2023,31 October 2023
509029,CCC,2014B,01 October 2023,31 October 2023
509102,CCC,2014B,01 October 2023,31 October 2023
509122,CCC,2014B,01 October 2023,31 October 2023
509183,CCC,2014B,01 October 2023,31 October 2023
509649,CCC,2014B,01 October 2023,31 October 2023
509839,CCC,2014B,01 October 2023,31 October 2023
510070,CCC,2014B,01 October 2023,31 October 2023
510694,CCC,2014B,01 October 2023,31 October 2023
510914,CCC,2014B,01 October 2023,31 October 2023
511473,CCC,2014B,01 October 2023,31 October 2023
511657,CCC,2014B,01 October 2023,31 October 2023
512353,CCC,2014B,01 October 2023,31 October 2023
512475,CCC,2014B,01 October 2023,31 October 2023
512582,CCC,2014B,01 October 2023,31 October 2023
513638,CCC,2014B,01 October 2023,31 October 2023
513854,CCC,2014B,01 October 2023,31 October 2023
513934,CCC,2014B,01 October 2023,31 October 2023
513969,CCC,2014B,01 October 2023,31 October 2023
513997,CCC,2014B,01 October 2023,31 October 2023
514000,CCC,2014B,01 October 2023,31 October 2023
514186,CCC,2014B,01 October 2023,31 October 2023
515046,CCC,2014B,01 October 2023,31 October 2023
515107,CCC,2014B,01 October 2023,31 October 2023
515278,CCC,2014B,01 October 2023,31 October 2023
515515,CCC,2014B,01 October 2023,31 October 2023
515774,CCC,2014B,01 October 2023,31 October 2023
515936,CCC,2014B,01 October 2023,31 October 2023
516024,CCC,2014B,01 October 2023,31 October 2023
516238,CCC,2014B,01 October 2023,31 October 2023
516496,CCC,2014B,01 October 2023,31 October 2023
516685,CCC,2014B,01 October 2023,31 October 2023
516726,CCC,2014B,01 October 2023,31 October 2023
517999,CCC,2014B,01 October 2023,31 October 2023
518116,CCC,2014B,01 October 2023,31 October 2023
518330,CCC,2014B,01 October 2023,31 October 2023
518363,CCC,2014B,01 October 2023,31 October 2023
518862,CCC,2014B,01 October 2023,31 October 2023
519544,CCC,2014B,01 October 2023,31 October 2023
519589,CCC,2014B,01 October 2023,31 October 2023
520332,CCC,2014B,01 October 2023,31 October 2023
520377,CCC,2014B,01 October 2023,31 October 2023
520588,CCC,2014B,01 October 2023,31 October 2023
521051,CCC,2014B,01 October 2023,31 October 2023
521297,CCC,2014B,01 October 2023,31 October 2023
521542,CCC,2014B,01 October 2023,31 October 2023
521601,CCC,2014B,01 October 2023,31 October 2023
521614,CCC,2014B,01 October 2023,31 October 2023
522312,CCC,2014B,01 October 2023,31 October 2023
522484,CCC,2014B,01 October 2023,31 October 2023
522682,CCC,2014B,01 October 2023,31 October 2023
523061,CCC,2014B,01 October 2023,31 October 2023
523079,CCC,2014B,01 October 2023,31 October 2023
523239,CCC,2014B,01 October 2023,31 October 2023
523271,CCC,2014B,01 October 2023,31 October 2023
523335,CCC,2014B,01 October 2023,31 October 2023
523710,CCC,2014B,01 October 2023,31 October 2023
524128,CCC,2014B,01 October 2023,31 October 2023
524295,CCC,2014B,01 October 2023,31 October 2023
524378,CCC,2014B,01 October 2023,31 October 2023
524386,CCC,2014B,01 October 2023,31 October 2023
525332,CCC,2014B,01 October 2023,31 October 2023
525832,CCC,2014B,01 October 2023,31 October 2023
526073,CCC,2014B,01 October 2023,31 October 2023
526235,CCC,2014B,01 October 2023,31 October 2023
526547,CCC,2014B,01 October 2023,31 October 2023
526564,CCC,2014B,01 October 2023,31 October 2023
526876,CCC,2014B,01 October 2023,31 October 2023
526927,CCC,2014B,01 October 2023,31 October 2023
527771,CCC,2014B,01 October 2023,31 October 2023
527826,CCC,2014B,01 October 2023,31 October 2023
527964,CCC,2014B,01 October 2023,31 October 2023
528021,CCC,2014B,01 October 2023,31 October 2023
528023,CCC,2014B,01 October 2023,31 October 2023
528066,CCC,2014B,01 October 2023,31 October 2023
528083,CCC,2014B,01 October 2023,31 October 2023
528892,CCC,2014B,01 October 2023,31 October 2023
529025,CCC,2014B,01 October 2023,31 October 2023
529073,CCC,2014B,01 October 2023,31 October 2023
529078,CCC,2014B,01 October 2023,31 October 2023
529153,CCC,2014B,01 October 2023,31 October 2023
529434,CCC,2014B,01 October 2023,31 October 2023
530113,CCC,2014B,01 October 2023,31 October 2023
530270,CCC,2014B,01 October 2023,31 October 2023
530481,CCC,2014B,01 October 2023,31 October 2023
530650,CCC,2014B,01 October 2023,31 October 2023
530936,CCC,2014B,01 October 2023,31 October 2023
531047,CCC,2014B,01 October 2023,31 October 2023
531075,CCC,2014B,01 October 2023,31 October 2023
532020,CCC,2014B,01 October 2023,31 October 2023
532252,CCC,2014B,01 October 2023,31 October 2023
532350,CCC,2014B,01 October 2023,31 October 2023
532440,CCC,2014B,01 October 2023,31 October 2023
532531,CCC,2014B,01 October 2023,31 October 2023
532565,CCC,2014B,01 October 2023,31 October 2023
532718,CCC,2014B,01 October 2023,31 October 2023
532859,CCC,2014B,01 October 2023,31 October 2023
533004,CCC,2014B,01 October 2023,31 October 2023
533311,CCC,2014B,01 October 2023,31 October 2023
534047,CCC,2014B,01 October 2023,31 October 2023
534074,CCC,2014B,01 October 2023,31 October 2023
535047,CCC,2014B,01 October 2023,31 October 2023
535590,CCC,2014B,01 October 2023,31 October 2023
535682,CCC,2014B,01 October 2023,31 October 2023
536032,CCC,2014B,01 October 2023,31 October 2023
536170,CCC,2014B,01 October 2023,31 October 2023
536261,CCC,2014B,01 October 2023,31 October 2023
536435,CCC,2014B,01 October 2023,31 October 2023
536536,CCC,2014B,01 October 2023,31 October 2023
537322,CCC,2014B,01 October 2023,31 October 2023
537603,CCC,2014B,01 October 2023,31 October 2023
537606,CCC,2014B,01 October 2023,31 October 2023
537622,CCC,2014B,01 October 2023,31 October 2023
537654,CCC,2014B,01 October 2023,31 October 2023
537658,CCC,2014B,01 October 2023,31 October 2023
538887,CCC,2014B,01 October 2023,31 October 2023
539328,CCC,2014B,01 October 2023,31 October 2023
539514,CCC,2014B,01 October 2023,31 October 2023
539695,CCC,2014B,01 October 2023,31 October 2023
539784,CCC,2014B,01 October 2023,31 October 2023
539971,CCC,2014B,01 October 2023,31 October 2023
540509,CCC,2014B,01 October 2023,31 October 2023
540686,CCC,2014B,01 October 2023,31 October 2023
540937,CCC,2014B,01 October 2023,31 October 2023
541003,CCC,2014B,01 October 2023,31 October 2023
541184,CCC,2014B,01 October 2023,31 October 2023
542050,CCC,2014B,01 October 2023,31 October 2023
542721,CCC,2014B,01 October 2023,31 October 2023
543170,CCC,2014B,01 October 2023,31 October 2023
543417,CCC,2014B,01 October 2023,31 October 2023
543475,CCC,2014B,01 October 2023,31 October 2023
543571,CCC,2014B,01 October 2023,31 October 2023
543628,CCC,2014B,01 October 2023,31 October 2023
543678,CCC,2014B,01 October 2023,31 October 2023
543924,CCC,2014B,01 October 2023,31 October 2023
543948,CCC,2014B,01 October 2023,31 October 2023
544075,CCC,2014B,01 October 2023,31 October 2023
544090,CCC,2014B,01 October 2023,31 October 2023
544467,CCC,2014B,01 October 2023,31 October 2023
544490,CCC,2014B,01 October 2023,31 October 2023
544594,CCC,2014B,01 October 2023,31 October 2023
544791,CCC,2014B,01 October 2023,31 October 2023
544839,CCC,2014B,01 October 2023,31 October 2023
545045,CCC,2014B,01 October 2023,31 October 2023
545740,CCC,2014B,01 October 2023,31 October 2023
545747,CCC,2014B,01 October 2023,31 October 2023
546400,CCC,2014B,01 October 2023,31 October 2023
546675,CCC,2014B,01 October 2023,31 October 2023
546830,CCC,2014B,01 October 2023,31 October 2023
546954,CCC,2014B,01 October 2023,31 October 2023
547287,CCC,2014B,01 October 2023,31 October 2023
547332,CCC,2014B,01 October 2023,31 October 2023
547413,CCC,2014B,01 October 2023,31 October 2023
547571,CCC,2014B,01 October 2023,31 October 2023
547685,CCC,2014B,01 October 2023,31 October 2023
547816,CCC,2014B,01 October 2023,31 October 2023
547986,CCC,2014B,01 October 2023,31 October 2023
548261,CCC,2014B,01 October 2023,31 October 2023
548383,CCC,2014B,01 October 2023,31 October 2023
548386,CCC,2014B,01 October 2023,31 October 2023
548509,CCC,2014B,01 October 2023,31 October 2023
548602,CCC,2014B,01 October 2023,31 October 2023
548677,CCC,2014B,01 October 2023,31 October 2023
548764,CCC,2014B,01 October 2023,31 October 2023
548854,CCC,2014B,01 October 2023,31 October 2023
548926,CCC,2014B,01 October 2023,31 October 2023
549636,CCC,2014B,01 October 2023,31 October 2023
549928,CCC,2014B,01 October 2023,31 October 2023
549951,CCC,2014B,01 October 2023,31 October 2023
550092,CCC,2014B,01 October 2023,31 October 2023
550545,CCC,2014B,01 October 2023,31 October 2023
550812,CCC,2014B,01 October 2023,31 October 2023
550893,CCC,2014B,01 October 2023,31 October 2023
551115,CCC,2014B,01 October 2023,31 October 2023
551267,CCC,2014B,01 October 2023,31 October 2023
551304,CCC,2014B,01 October 2023,31 October 2023
551478,CCC,2014B,01 October 2023,31 October 2023
551528,CCC,2014B,01 October 2023,31 October 2023
551604,CCC,2014B,01 October 2023,31 October 2023
551856,CCC,2014B,01 October 2023,31 October 2023
551902,CCC,2014B,01 October 2023,31 October 2023
552166,CCC,2014B,01 October 2023,31 October 2023
552234,CCC,2014B,01 October 2023,31 October 2023
552441,CCC,2014B,01 October 2023,31 October 2023
552498,CCC,2014B,01 October 2023,31 October 2023
552590,CCC,2014B,01 October 2023,31 October 2023
552913,CCC,2014B,01 October 2023,31 October 2023
553021,CCC,2014B,01 October 2023,31 October 2023
553280,CCC,2014B,01 October 2023,31 October 2023
553394,CCC,2014B,01 October 2023,31 October 2023
553410,CCC,2014B,01 October 2023,31 October 2023
553568,CCC,2014B,01 October 2023,31 October 2023
553655,CCC,2014B,01 October 2023,31 October 2023
553741,CCC,2014B,01 October 2023,31 October 2023
554141,CCC,2014B,01 October 2023,31 October 2023
554205,CCC,2014B,01 October 2023,31 October 2023
554470,CCC,2014B,01 October 2023,31 October 2023
554583,CCC,2014B,01 October 2023,31 October 2023
554588,CCC,2014B,01 October 2023,31 October 2023
554870,CCC,2014B,01 October 2023,31 October 2023
554951,CCC,2014B,01 October 2023,31 October 2023
555008,CCC,2014B,01 October 2023,31 October 2023
555368,CCC,2014B,01 October 2023,31 October 2023
555604,CCC,2014B,01 October 2023,31 October 2023
555706,CCC,2014B,01 October 2023,31 October 2023
555953,CCC,2014B,01 October 2023,31 October 2023
556007,CCC,2014B,01 October 2023,31 October 2023
556042,CCC,2014B,01 October 2023,31 October 2023
556109,CCC,2014B,01 October 2023,31 October 2023
556246,CCC,2014B,01 October 2023,31 October 2023
556295,CCC,2014B,01 October 2023,31 October 2023
556521,CCC,2014B,01 October 2023,31 October 2023
556584,CCC,2014B,01 October 2023,31 October 2023
556587,CCC,2014B,01 October 2023,31 October 2023
556709,CCC,2014B,01 October 2023,31 October 2023
556858,CCC,2014B,01 October 2023,31 October 2023
556918,CCC,2014B,01 October 2023,31 October 2023
557172,CCC,2014B,01 October 2023,31 October 2023
557700,CCC,2014B,01 October 2023,31 October 2023
557849,CCC,2014B,01 October 2023,31 October 2023
557995,CCC,2014B,01 October 2023,31 October 2023
558122,CCC,2014B,01 October 2023,31 October 2023
558444,CCC,2014B,01 October 2023,31 October 2023
558471,CCC,2014B,01 October 2023,31 October 2023
558518,CCC,2014B,01 October 2023,31 October 2023
558616,CCC,2014B,01 October 2023,31 October 2023
558806,CCC,2014B,01 October 2023,31 October 2023
558914,CCC,2014B,01 October 2023,31 October 2023
559157,CCC,2014B,01 October 2023,31 October 2023
559469,CCC,2014B,01 October 2023,31 October 2023
559706,CCC,2014B,01 October 2023,31 October 2023
559770,CCC,2014B,01 October 2023,31 October 2023
559912,CCC,2014B,01 October 2023,31 October 2023
559977,CCC,2014B,01 October 2023,31 October 2023
560114,CCC,2014B,01 October 2023,31 October 2023
560311,CCC,2014B,01 October 2023,31 October 2023
560494,CCC,2014B,01 October 2023,31 October 2023
560784,CCC,2014B,01 October 2023,31 October 2023
560951,CCC,2014B,01 October 2023,31 October 2023
561363,CCC,2014B,01 October 2023,31 October 2023
561559,CCC,2014B,01 October 2023,31 October 2023
561774,CCC,2014B,01 October 2023,31 October 2023
561823,CCC,2014B,01 October 2023,31 October 2023
562450,CCC,2014B,01 October 2023,31 October 2023
562585,CCC,2014B,01 October 2023,31 October 2023
562825,CCC,2014B,01 October 2023,31 October 2023
563046,CCC,2014B,01 October 2023,31 October 2023
563556,CCC,2014B,01 October 2023,31 October 2023
563631,CCC,2014B,01 October 2023,31 October 2023
563819,CCC,2014B,01 October 2023,31 October 2023
563967,CCC,2014B,01 October 2023,31 October 2023
564325,CCC,2014B,01 October 2023,31 October 2023
564444,CCC,2014B,01 October 2023,31 October 2023
564700,CCC,2014B,01 October 2023,31 October 2023
564841,CCC,2014B,01 October 2023,31 October 2023
565275,CCC,2014B,01 October 2023,31 October 2023
565399,CCC,2014B,01 October 2023,31 October 2023
565838,CCC,2014B,01 October 2023,31 October 2023
565883,CCC,2014B,01 October 2023,31 October 2023
566185,CCC,2014B,01 October 2023,31 October 2023
566310,CCC,2014B,01 October 2023,31 October 2023
566428,CCC,2014B,01 October 2023,31 October 2023
566664,CCC,2014B,01 October 2023,31 October 2023
566670,CCC,2014B,01 October 2023,31 October 2023
566704,CCC,2014B,01 October 2023,31 October 2023
566715,CCC,2014B,01 October 2023,31 October 2023
566871,CCC,2014B,01 October 2023,31 October 2023
566872,CCC,2014B,01 October 2023,31 October 2023
568047,CCC,2014B,01 October 2023,31 October 2023
568084,CCC,2014B,01 October 2023,31 October 2023
569080,CCC,2014B,01 October 2023,31 October 2023
569108,CCC,2014B,01 October 2023,31 October 2023
569342,CCC,2014B,01 October 2023,31 October 2023
569609,CCC,2014B,01 October 2023,31 October 2023
569712,CCC,2014B,01 October 2023,31 October 2023
569928,CCC,2014B,01 October 2023,31 October 2023
570113,CCC,2014B,01 October 2023,31 October 2023
570377,CCC,2014B,01 October 2023,31 October 2023
570410,CCC,2014B,01 October 2023,31 October 2023
570488,CCC,2014B,01 October 2023,31 October 2023
570514,CCC,2014B,01 October 2023,31 October 2023
570872,CCC,2014B,01 October 2023,31 October 2023
570967,CCC,2014B,01 October 2023,31 October 2023
571025,CCC,2014B,01 October 2023,31 October 2023
571128,CCC,2014B,01 October 2023,31 October 2023
571129,CCC,2014B,01 October 2023,31 October 2023
571233,CCC,2014B,01 October 2023,31 October 2023
571276,CCC,2014B,01 October 2023,31 October 2023
571365,CCC,2014B,01 October 2023,31 October 2023
571389,CCC,2014B,01 October 2023,31 October 2023
571571,CCC,2014B,01 October 2023,31 October 2023
571595,CCC,2014B,01 October 2023,31 October 2023
571702,CCC,2014B,01 October 2023,31 October 2023
571776,CCC,2014B,01 October 2023,31 October 2023
571992,CCC,2014B,01 October 2023,31 October 2023
572036,CCC,2014B,01 October 2023,31 October 2023
572154,CCC,2014B,01 October 2023,31 October 2023
572241,CCC,2014B,01 October 2023,31 October 2023
572279,CCC,2014B,01 October 2023,31 October 2023
572303,CCC,2014B,01 October 2023,31 October 2023
572382,CCC,2014B,01 October 2023,31 October 2023
572401,CCC,2014B,01 October 2023,31 October 2023
572438,CCC,2014B,01 October 2023,31 October 2023
572570,CCC,2014B,01 October 2023,31 October 2023
572854,CCC,2014B,01 October 2023,31 October 2023
572891,CCC,2014B,01 October 2023,31 October 2023
572909,CCC,2014B,01 October 2023,31 October 2023
573153,CCC,2014B,01 October 2023,31 October 2023
573166,CCC,2014B,01 October 2023,31 October 2023
573197,CCC,2014B,01 October 2023,31 October 2023
573377,CCC,2014B,01 October 2023,31 October 2023
573440,CCC,2014B,01 October 2023,31 October 2023
573462,CCC,2014B,01 October 2023,31 October 2023
573558,CCC,2014B,01 October 2023,31 October 2023
573662,CCC,2014B,01 October 2023,31 October 2023
573665,CCC,2014B,01 October 2023,31 October 2023
573696,CCC,2014B,01 October 2023,31 October 2023
573697,CCC,2014B,01 October 2023,31 October 2023
573701,CCC,2014B,01 October 2023,31 October 2023
574221,CCC,2014B,01 October 2023,31 October 2023
574283,CCC,2014B,01 October 2023,31 October 2023
574523,CCC,2014B,01 October 2023,31 October 2023
574529,CCC,2014B,01 October 2023,31 October 2023
574551,CCC,2014B,01 October 2023,31 October 2023
574564,CCC,2014B,01 October 2023,31 October 2023
574580,CCC,2014B,01 October 2023,31 October 2023
574663,CCC,2014B,01 October 2023,31 October 2023
574817,CCC,2014B,01 October 2023,31 October 2023
574830,CCC,2014B,01 October 2023,31 October 2023
575166,CCC,2014B,01 October 2023,31 October 2023
575287,CCC,2014B,01 October 2023,31 October 2023
575419,CCC,2014B,01 October 2023,31 October 2023
575545,CCC,2014B,01 October 2023,31 October 2023
575703,CCC,2014B,01 October 2023,31 October 2023
575733,CCC,2014B,01 October 2023,31 October 2023
575745,CCC,2014B,01 October 2023,31 October 2023
575824,CCC,2014B,01 October 2023,31 October 2023
575967,CCC,2014B,01 October 2023,31 October 2023
576191,CCC,2014B,01 October 2023,31 October 2023
576383,CCC,2014B,01 October 2023,31 October 2023
576413,CCC,2014B,01 October 2023,31 October 2023
576475,CCC,2014B,01 October 2023,31 October 2023
576516,CCC,2014B,01 October 2023,31 October 2023
576780,CCC,2014B,01 October 2023,31 October 2023
576782,CCC,2014B,01 October 2023,31 October 2023
577035,CCC,2014B,01 October 2023,31 October 2023
577236,CCC,2014B,01 October 2023,31 October 2023
577245,CCC,2014B,01 October 2023,31 October 2023
577273,CCC,2014B,01 October 2023,31 October 2023
577352,CCC,2014B,01 October 2023,31 October 2023
577414,CCC,2014B,01 October 2023,31 October 2023
577427,CCC,2014B,01 October 2023,31 October 2023
577502,CCC,2014B,01 October 2023,31 October 2023
577603,CCC,2014B,01 October 2023,31 October 2023
577686,CCC,2014B,01 October 2023,31 October 2023
577688,CCC,2014B,01 October 2023,31 October 2023
578034,CCC,2014B,01 October 2023,31 October 2023
578189,CCC,2014B,01 October 2023,31 October 2023
578450,CCC,2014B,01 October 2023,31 October 2023
578541,CCC,2014B,01 October 2023,31 October 2023
578655,CCC,2014B,01 October 2023,31 October 2023
578823,CCC,2014B,01 October 2023,31 October 2023
578850,CCC,2014B,01 October 2023,31 October 2023
578958,CCC,2014B,01 October 2023,31 October 2023
579027,CCC,2014B,01 October 2023,31 October 2023
579321,CCC,2014B,01 October 2023,31 October 2023
579340,CCC,2014B,01 October 2023,31 October 2023
579343,CCC,2014B,01 October 2023,31 October 2023
579372,CCC,2014B,01 October 2023,31 October 2023
579550,CCC,2014B,01 October 2023,31 October 2023
580477,CCC,2014B,01 October 2023,31 October 2023
580511,CCC,2014B,01 October 2023,31 October 2023
580525,CCC,2014B,01 October 2023,31 October 2023
580689,CCC,2014B,01 October 2023,31 October 2023
580722,CCC,2014B,01 October 2023,31 October 2023
580768,CCC,2014B,01 October 2023,31 October 2023
580779,CCC,2014B,01 October 2023,31 October 2023
581123,CCC,2014B,01 October 2023,31 October 2023
581328,CCC,2014B,01 October 2023,31 October 2023
581611,CCC,2014B,01 October 2023,31 October 2023
581614,CCC,2014B,01 October 2023,31 October 2023
581744,CCC,2014B,01 October 2023,31 October 2023
581745,CCC,2014B,01 October 2023,31 October 2023
582087,CCC,2014B,01 October 2023,31 October 2023
582108,CCC,2014B,01 October 2023,31 October 2023
582723,CCC,2014B,01 October 2023,31 October 2023
582827,CCC,2014B,01 October 2023,31 October 2023
582879,CCC,2014B,01 October 2023,31 October 2023
582950,CCC,2014B,01 October 2023,31 October 2023
583032,CCC,2014B,01 October 2023,31 October 2023
583051,CCC,2014B,01 October 2023,31 October 2023
583052,CCC,2014B,01 October 2023,31 October 2023
583192,CCC,2014B,01 October 2023,31 October 2023
583238,CCC,2014B,01 October 2023,31 October 2023
583906,CCC,2014B,01 October 2023,31 October 2023
584077,CCC,2014B,01 October 2023,31 October 2023
584191,CCC,2014B,01 October 2023,31 October 2023
584305,CCC,2014B,01 October 2023,31 October 2023
584446,CCC,2014B,01 October 2023,31 October 2023
584468,CCC,2014B,01 October 2023,31 October 2023
584586,CCC,2014B,01 October 2023,31 October 2023
584749,CCC,2014B,01 October 2023,31 October 2023
584756,CCC,2014B,01 October 2023,31 October 2023
584771,CCC,2014B,01 October 2023,31 October 2023
584913,CCC,2014B,01 October 2023,31 October 2023
584940,CCC,2014B,01 October 2023,31 October 2023
585011,CCC,2014B,01 October 2023,31 October 2023
585057,CCC,2014B,01 October 2023,31 October 2023
585093,CCC,2014B,01 October 2023,31 October 2023
585383,CCC,2014B,01 October 2023,31 October 2023
585393,CCC,2014B,01 October 2023,31 October 2023
585397,CCC,2014B,01 October 2023,31 October 2023
585433,CCC,2014B,01 October 2023,31 October 2023
585455,CCC,2014B,01 October 2023,31 October 2023
585464,CCC,2014B,01 October 2023,31 October 2023
585681,CCC,2014B,01 October 2023,31 October 2023
585695,CCC,2014B,01 October 2023,31 October 2023
585709,CCC,2014B,01 October 2023,31 October 2023
585769,CCC,2014B,01 October 2023,31 October 2023
585900,CCC,2014B,01 October 2023,31 October 2023
586060,CCC,2014B,01 October 2023,31 October 2023
586132,CCC,2014B,01 October 2023,31 October 2023
586436,CCC,2014B,01 October 2023,31 October 2023
586473,CCC,2014B,01 October 2023,31 October 2023
586476,CCC,2014B,01 October 2023,31 October 2023
586526,CCC,2014B,01 October 2023,31 October 2023
586716,CCC,2014B,01 October 2023,31 October 2023
586921,CCC,2014B,01 October 2023,31 October 2023
586962,CCC,2014B,01 October 2023,31 October 2023
587122,CCC,2014B,01 October 2023,31 October 2023
587179,CCC,2014B,01 October 2023,31 October 2023
587585,CCC,2014B,01 October 2023,31 October 2023
587621,CCC,2014B,01 October 2023,31 October 2023
587783,CCC,2014B,01 October 2023,31 October 2023
587884,CCC,2014B,01 October 2023,31 October 2023
587906,CCC,2014B,01 October 2023,31 October 2023
587911,CCC,2014B,01 October 2023,31 October 2023
588059,CCC,2014B,01 October 2023,31 October 2023
588125,CCC,2014B,01 October 2023,31 October 2023
588175,CCC,2014B,01 October 2023,31 October 2023
588219,CCC,2014B,01 October 2023,31 October 2023
588274,CCC,2014B,01 October 2023,31 October 2023
588402,CCC,2014B,01 October 2023,31 October 2023
588430,CCC,2014B,01 October 2023,31 October 2023
588460,CCC,2014B,01 October 2023,31 October 2023
588464,CCC,2014B,01 October 2023,31 October 2023
588473,CCC,2014B,01 October 2023,31 October 2023
588524,CCC,2014B,01 October 2023,31 October 2023
588590,CCC,2014B,01 October 2023,31 October 2023
588676,CCC,2014B,01 October 2023,31 October 2023
588694,CCC,2014B,01 October 2023,31 October 2023
588707,CCC,2014B,01 October 2023,31 October 2023
588710,CCC,2014B,01 October 2023,31 October 2023
588846,CCC,2014B,01 October 2023,31 October 2023
588956,CCC,2014B,01 October 2023,31 October 2023
589018,CCC,2014B,01 October 2023,31 October 2023
589023,CCC,2014B,01 October 2023,31 October 2023
589108,CCC,2014B,01 October 2023,31 October 2023
589327,CCC,2014B,01 October 2023,31 October 2023
589390,CCC,2014B,01 October 2023,31 October 2023
589517,CCC,2014B,01 October 2023,31 October 2023
589525,CCC,2014B,01 October 2023,31 October 2023
589722,CCC,2014B,01 October 2023,31 October 2023
589894,CCC,2014B,01 October 2023,31 October 2023
590072,CCC,2014B,01 October 2023,31 October 2023
590626,CCC,2014B,01 October 2023,31 October 2023
590699,CCC,2014B,01 October 2023,31 October 2023
590744,CCC,2014B,01 October 2023,31 October 2023
590762,CCC,2014B,01 October 2023,31 October 2023
590877,CCC,2014B,01 October 2023,31 October 2023
590881,CCC,2014B,01 October 2023,31 October 2023
590914,CCC,2014B,01 October 2023,31 October 2023
590961,CCC,2014B,01 October 2023,31 October 2023
590974,CCC,2014B,01 October 2023,31 October 2023
591375,CCC,2014B,01 October 2023,31 October 2023
591388,CCC,2014B,01 October 2023,31 October 2023
591566,CCC,2014B,01 October 2023,31 October 2023
591619,CCC,2014B,01 October 2023,31 October 2023
591655,CCC,2014B,01 October 2023,31 October 2023
591719,CCC,2014B,01 October 2023,31 October 2023
591738,CCC,2014B,01 October 2023,31 October 2023
591958,CCC,2014B,01 October 2023,31 October 2023
592007,CCC,2014B,01 October 2023,31 October 2023
592051,CCC,2014B,01 October 2023,31 October 2023
592093,CCC,2014B,01 October 2023,31 October 2023
592151,CCC,2014B,01 October 2023,31 October 2023
592158,CCC,2014B,01 October 2023,31 October 2023
592259,CCC,2014B,01 October 2023,31 October 2023
592284,CCC,2014B,01 October 2023,31 October 2023
592407,CCC,2014B,01 October 2023,31 October 2023
592429,CCC,2014B,01 October 2023,31 October 2023
592437,CCC,2014B,01 October 2023,31 October 2023
592609,CCC,2014B,01 October 2023,31 October 2023
592684,CCC,2014B,01 October 2023,31 October 2023
592775,CCC,2014B,01 October 2023,31 October 2023
592776,CCC,2014B,01 October 2023,31 October 2023
592842,CCC,2014B,01 October 2023,31 October 2023
592876,CCC,2014B,01 October 2023,31 October 2023
592939,CCC,2014B,01 October 2023,31 October 2023
592961,CCC,2014B,01 October 2023,31 October 2023
592976,CCC,2014B,01 October 2023,31 October 2023
593071,CCC,2014B,01 October 2023,31 October 2023
593103,CCC,2014B,01 October 2023,31 October 2023
593123,CCC,2014B,01 October 2023,31 October 2023
593305,CCC,2014B,01 October 2023,31 October 2023
593787,CCC,2014B,01 October 2023,31 October 2023
593823,CCC,2014B,01 October 2023,31 October 2023
593972,CCC,2014B,01 October 2023,31 October 2023
593995,CCC,2014B,01 October 2023,31 October 2023
594044,CCC,2014B,01 October 2023,31 October 2023
594052,CCC,2014B,01 October 2023,31 October 2023
594111,CCC,2014B,01 October 2023,31 October 2023
594157,CCC,2014B,01 October 2023,31 October 2023
594193,CCC,2014B,01 October 2023,31 October 2023
594199,CCC,2014B,01 October 2023,31 October 2023
594246,CCC,2014B,01 October 2023,31 October 2023
594326,CCC,2014B,01 October 2023,31 October 2023
594371,CCC,2014B,01 October 2023,31 October 2023
594419,CCC,2014B,01 October 2023,31 October 2023
594851,CCC,2014B,01 October 2023,31 October 2023
595164,CCC,2014B,01 October 2023,31 October 2023
595182,CCC,2014B,01 October 2023,31 October 2023
595189,CCC,2014B,01 October 2023,31 October 2023
595324,CCC,2014B,01 October 2023,31 October 2023
595356,CCC,2014B,01 October 2023,31 October 2023
595492,CCC,2014B,01 October 2023,31 October 2023
595514,CCC,2014B,01 October 2023,31 October 2023
595659,CCC,2014B,01 October 2023,31 October 2023
595685,CCC,2014B,01 October 2023,31 October 2023
595781,CCC,2014B,01 October 2023,31 October 2023
595797,CCC,2014B,01 October 2023,31 October 2023
595847,CCC,2014B,01 October 2023,31 October 2023
595986,CCC,2014B,01 October 2023,31 October 2023
595992,CCC,2014B,01 October 2023,31 October 2023
596029,CCC,2014B,01 October 2023,31 October 2023
596035,CCC,2014B,01 October 2023,31 October 2023
596157,CCC,2014B,01 October 2023,31 October 2023
596321,CCC,2014B,01 October 2023,31 October 2023
596432,CCC,2014B,01 October 2023,31 October 2023
596699,CCC,2014B,01 October 2023,31 October 2023
596731,CCC,2014B,01 October 2023,31 October 2023
596903,CCC,2014B,01 October 2023,31 October 2023
596947,CCC,2014B,01 October 2023,31 October 2023
597181,CCC,2014B,01 October 2023,31 October 2023
597363,CCC,2014B,01 October 2023,31 October 2023
597403,CCC,2014B,01 October 2023,31 October 2023
597560,CCC,2014B,01 October 2023,31 October 2023
597817,CCC,2014B,01 October 2023,31 October 2023
597926,CCC,2014B,01 October 2023,31 October 2023
598074,CCC,2014B,01 October 2023,31 October 2023
598113,CCC,2014B,01 October 2023,31 October 2023
598321,CCC,2014B,01 October 2023,31 October 2023
598662,CCC,2014B,01 October 2023,31 October 2023
598666,CCC,2014B,01 October 2023,31 October 2023
598757,CCC,2014B,01 October 2023,31 October 2023
598860,CCC,2014B,01 October 2023,31 October 2023
598924,CCC,2014B,01 October 2023,31 October 2023
599263,CCC,2014B,01 October 2023,31 October 2023
599275,CCC,2014B,01 October 2023,31 October 2023
599341,CCC,2014B,01 October 2023,31 October 2023
599542,CCC,2014B,01 October 2023,31 October 2023
599547,CCC,2014B,01 October 2023,31 October 2023
599615,CCC,2014B,01 October 2023,31 October 2023
599857,CCC,2014B,01 October 2023,31 October 2023
599893,CCC,2014B,01 October 2023,31 October 2023
599902,CCC,2014B,01 October 2023,31 October 2023
599937,CCC,2014B,01 October 2023,31 October 2023
599942,CCC,2014B,01 October 2023,31 October 2023
599958,CCC,2014B,01 October 2023,31 October 2023
599986,CCC,2014B,01 October 2023,31 October 2023
600073,CCC,2014B,01 October 2023,31 October 2023
600094,CCC,2014B,01 October 2023,31 October 2023
600142,CCC,2014B,01 October 2023,31 October 2023
600181,CCC,2014B,01 October 2023,31 October 2023
600335,CCC,2014B,01 October 2023,31 October 2023
600436,CCC,2014B,01 October 2023,31 October 2023
600509,CCC,2014B,01 October 2023,31 October 2023
600547,CCC,2014B,01 October 2023,31 October 2023
600632,CCC,2014B,01 October 2023,31 October 2023
600814,CCC,2014B,01 October 2023,31 October 2023
600859,CCC,2014B,01 October 2023,31 October 2023
600879,CCC,2014B,01 October 2023,31 October 2023
600938,CCC,2014B,01 October 2023,31 October 2023
600945,CCC,2014B,01 October 2023,31 October 2023
600975,CCC,2014B,01 October 2023,31 October 2023
600987,CCC,2014B,01 October 2023,31 October 2023
601021,CCC,2014B,01 October 2023,31 October 2023
601175,CCC,2014B,01 October 2023,31 October 2023
601224,CCC,2014B,01 October 2023,31 October 2023
601550,CCC,2014B,01 October 2023,31 October 2023
601731,CCC,2014B,01 October 2023,31 October 2023
601757,CCC,2014B,01 October 2023,31 October 2023
601872,CCC,2014B,01 October 2023,31 October 2023
601949,CCC,2014B,01 October 2023,31 October 2023
602030,CCC,2014B,01 October 2023,31 October 2023
602042,CCC,2014B,01 October 2023,31 October 2023
602107,CCC,2014B,01 October 2023,31 October 2023
602133,CCC,2014B,01 October 2023,31 October 2023
602150,CCC,2014B,01 October 2023,31 October 2023
602269,CCC,2014B,01 October 2023,31 October 2023
602398,CCC,2014B,01 October 2023,31 October 2023
602585,CCC,2014B,01 October 2023,31 October 2023
602703,CCC,2014B,01 October 2023,31 October 2023
602718,CCC,2014B,01 October 2023,31 October 2023
602891,CCC,2014B,01 October 2023,31 October 2023
602902,CCC,2014B,01 October 2023,31 October 2023
602913,CCC,2014B,01 October 2023,31 October 2023
603053,CCC,2014B,01 October 2023,31 October 2023
603222,CCC,2014B,01 October 2023,31 October 2023
603239,CCC,2014B,01 October 2023,31 October 2023
603477,CCC,2014B,01 October 2023,31 October 2023
603498,CCC,2014B,01 October 2023,31 October 2023
603639,CCC,2014B,01 October 2023,31 October 2023
603791,CCC,2014B,01 October 2023,31 October 2023
603832,CCC,2014B,01 October 2023,31 October 2023
603859,CCC,2014B,01 October 2023,31 October 2023
603999,CCC,2014B,01 October 2023,31 October 2023
604078,CCC,2014B,01 October 2023,31 October 2023
604164,CCC,2014B,01 October 2023,31 October 2023
604480,CCC,2014B,01 October 2023,31 October 2023
604517,CCC,2014B,01 October 2023,31 October 2023
604559,CCC,2014B,01 October 2023,31 October 2023
604571,CCC,2014B,01 October 2023,31 October 2023
604643,CCC,2014B,01 October 2023,31 October 2023
604655,CCC,2014B,01 October 2023,31 October 2023
604665,CCC,2014B,01 October 2023,31 October 2023
604723,CCC,2014B,01 October 2023,31 October 2023
604906,CCC,2014B,01 October 2023,31 October 2023
604997,CCC,2014B,01 October 2023,31 October 2023
605130,CCC,2014B,01 October 2023,31 October 2023
605144,CCC,2014B,01 October 2023,31 October 2023
605180,CCC,2014B,01 October 2023,31 October 2023
605266,CCC,2014B,01 October 2023,31 October 2023
605571,CCC,2014B,01 October 2023,31 October 2023
605688,CCC,2014B,01 October 2023,31 October 2023
605703,CCC,2014B,01 October 2023,31 October 2023
605926,CCC,2014B,01 October 2023,31 October 2023
606025,CCC,2014B,01 October 2023,31 October 2023
606127,CCC,2014B,01 October 2023,31 October 2023
606205,CCC,2014B,01 October 2023,31 October 2023
606206,CCC,2014B,01 October 2023,31 October 2023
606282,CCC,2014B,01 October 2023,31 October 2023
606300,CCC,2014B,01 October 2023,31 October 2023
606350,CCC,2014B,01 October 2023,31 October 2023
606417,CCC,2014B,01 October 2023,31 October 2023
606444,CCC,2014B,01 October 2023,31 October 2023
606663,CCC,2014B,01 October 2023,31 October 2023
606665,CCC,2014B,01 October 2023,31 October 2023
606724,CCC,2014B,01 October 2023,31 October 2023
606828,CCC,2014B,01 October 2023,31 October 2023
606930,CCC,2014B,01 October 2023,31 October 2023
607052,CCC,2014B,01 October 2023,31 October 2023
607060,CCC,2014B,01 October 2023,31 October 2023
607061,CCC,2014B,01 October 2023,31 October 2023
607063,CCC,2014B,01 October 2023,31 October 2023
607411,CCC,2014B,01 October 2023,31 October 2023
607413,CCC,2014B,01 October 2023,31 October 2023
607442,CCC,2014B,01 October 2023,31 October 2023
607453,CCC,2014B,01 October 2023,31 October 2023
607609,CCC,2014B,01 October 2023,31 October 2023
607636,CCC,2014B,01 October 2023,31 October 2023
607703,CCC,2014B,01 October 2023,31 October 2023
607835,CCC,2014B,01 October 2023,31 October 2023
607896,CCC,2014B,01 October 2023,31 October 2023
607927,CCC,2014B,01 October 2023,31 October 2023
607966,CCC,2014B,01 October 2023,31 October 2023
608130,CCC,2014B,01 October 2023,31 October 2023
608152,CCC,2014B,01 October 2023,31 October 2023
608243,CCC,2014B,01 October 2023,31 October 2023
608464,CCC,2014B,01 October 2023,31 October 2023
608472,CCC,2014B,01 October 2023,31 October 2023
608504,CCC,2014B,01 October 2023,31 October 2023
608549,CCC,2014B,01 October 2023,31 October 2023
608577,CCC,2014B,01 October 2023,31 October 2023
608643,CCC,2014B,01 October 2023,31 October 2023
608735,CCC,2014B,01 October 2023,31 October 2023
608750,CCC,2014B,01 October 2023,31 October 2023
608753,CCC,2014B,01 October 2023,31 October 2023
608904,CCC,2014B,01 October 2023,31 October 2023
608923,CCC,2014B,01 October 2023,31 October 2023
609025,CCC,2014B,01 October 2023,31 October 2023
609045,CCC,2014B,01 October 2023,31 October 2023
609192,CCC,2014B,01 October 2023,31 October 2023
609229,CCC,2014B,01 October 2023,31 October 2023
609241,CCC,2014B,01 October 2023,31 October 2023
609383,CCC,2014B,01 October 2023,31 October 2023
609450,CCC,2014B,01 October 2023,31 October 2023
609489,CCC,2014B,01 October 2023,31 October 2023
609515,CCC,2014B,01 October 2023,31 October 2023
609602,CCC,2014B,01 October 2023,31 October 2023
609605,CCC,2014B,01 October 2023,31 October 2023
609645,CCC,2014B,01 October 2023,31 October 2023
609828,CCC,2014B,01 October 2023,31 October 2023
610099,CCC,2014B,01 October 2023,31 October 2023
610158,CCC,2014B,01 October 2023,31 October 2023
610234,CCC,2014B,01 October 2023,31 October 2023
610287,CCC,2014B,01 October 2023,31 October 2023
610391,CCC,2014B,01 October 2023,31 October 2023
610575,CCC,2014B,01 October 2023,31 October 2023
610577,CCC,2014B,01 October 2023,31 October 2023
610718,CCC,2014B,01 October 2023,31 October 2023
610831,CCC,2014B,01 October 2023,31 October 2023
611062,CCC,2014B,01 October 2023,31 October 2023
611176,CCC,2014B,01 October 2023,31 October 2023
611260,CCC,2014B,01 October 2023,31 October 2023
611402,CCC,2014B,01 October 2023,31 October 2023
611750,CCC,2014B,01 October 2023,31 October 2023
611865,CCC,2014B,01 October 2023,31 October 2023
612023,CCC,2014B,01 October 2023,31 October 2023
612119,CCC,2014B,01 October 2023,31 October 2023
612124,CCC,2014B,01 October 2023,31 October 2023
612287,CCC,2014B,01 October 2023,31 October 2023
612381,CCC,2014B,01 October 2023,31 October 2023
612397,CCC,2014B,01 October 2023,31 October 2023
612644,CCC,2014B,01 October 2023,31 October 2023
612673,CCC,2014B,01 October 2023,31 October 2023
612805,CCC,2014B,01 October 2023,31 October 2023
612814,CCC,2014B,01 October 2023,31 October 2023
612822,CCC,2014B,01 October 2023,31 October 2023
612860,CCC,2014B,01 October 2023,31 October 2023
612882,CCC,2014B,01 October 2023,31 October 2023
613116,CCC,2014B,01 October 2023,31 October 2023
613120,CCC,2014B,01 October 2023,31 October 2023
613133,CCC,2014B,01 October 2023,31 October 2023
613280,CCC,2014B,01 October 2023,31 October 2023
613310,CCC,2014B,01 October 2023,31 October 2023
613387,CCC,2014B,01 October 2023,31 October 2023
613390,CCC,2014B,01 October 2023,31 October 2023
613417,CCC,2014B,01 October 2023,31 October 2023
613441,CCC,2014B,01 October 2023,31 October 2023
613447,CCC,2014B,01 October 2023,31 October 2023
613461,CCC,2014B,01 October 2023,31 October 2023
613501,CCC,2014B,01 October 2023,31 October 2023
613873,CCC,2014B,01 October 2023,31 October 2023
614059,CCC,2014B,01 October 2023,31 October 2023
614263,CCC,2014B,01 October 2023,31 October 2023
614265,CCC,2014B,01 October 2023,31 October 2023
614345,CCC,2014B,01 October 2023,31 October 2023
614477,CCC,2014B,01 October 2023,31 October 2023
614733,CCC,2014B,01 October 2023,31 October 2023
614804,CCC,2014B,01 October 2023,31 October 2023
614844,CCC,2014B,01 October 2023,31 October 2023
614952,CCC,2014B,01 October 2023,31 October 2023
615031,CCC,2014B,01 October 2023,31 October 2023
615229,CCC,2014B,01 October 2023,31 October 2023
615246,CCC,2014B,01 October 2023,31 October 2023
615249,CCC,2014B,01 October 2023,31 October 2023
615321,CCC,2014B,01 October 2023,31 October 2023
615407,CCC,2014B,01 October 2023,31 October 2023
615437,CCC,2014B,01 October 2023,31 October 2023
616333,CCC,2014B,01 October 2023,31 October 2023
616334,CCC,2014B,01 October 2023,31 October 2023
616407,CCC,2014B,01 October 2023,31 October 2023
616439,CCC,2014B,01 October 2023,31 October 2023
616831,CCC,2014B,01 October 2023,31 October 2023
617186,CCC,2014B,01 October 2023,31 October 2023
617307,CCC,2014B,01 October 2023,31 October 2023
617331,CCC,2014B,01 October 2023,31 October 2023
617348,CCC,2014B,01 October 2023,31 October 2023
617355,CCC,2014B,01 October 2023,31 October 2023
617365,CCC,2014B,01 October 2023,31 October 2023
617416,CCC,2014B,01 October 2023,31 October 2023
617781,CCC,2014B,01 October 2023,31 October 2023
617898,CCC,2014B,01 October 2023,31 October 2023
617925,CCC,2014B,01 October 2023,31 October 2023
617942,CCC,2014B,01 October 2023,31 October 2023
618002,CCC,2014B,01 October 2023,31 October 2023
618078,CCC,2014B,01 October 2023,31 October 2023
618096,CCC,2014B,01 October 2023,31 October 2023
618129,CCC,2014B,01 October 2023,31 October 2023
618171,CCC,2014B,01 October 2023,31 October 2023
618279,CCC,2014B,01 October 2023,31 October 2023
618514,CCC,2014B,01 October 2023,31 October 2023
618571,CCC,2014B,01 October 2023,31 October 2023
618590,CCC,2014B,01 October 2023,31 October 2023
618606,CCC,2014B,01 October 2023,31 October 2023
618619,CCC,2014B,01 October 2023,31 October 2023
618649,CCC,2014B,01 October 2023,31 October 2023
618665,CCC,2014B,01 October 2023,31 October 2023
618679,CCC,2014B,01 October 2023,31 October 2023
618744,CCC,2014B,01 October 2023,31 October 2023
618824,CCC,2014B,01 October 2023,31 October 2023
618861,CCC,2014B,01 October 2023,31 October 2023
619006,CCC,2014B,01 October 2023,31 October 2023
619014,CCC,2014B,01 October 2023,31 October 2023
619303,CCC,2014B,01 October 2023,31 October 2023
619447,CCC,2014B,01 October 2023,31 October 2023
619524,CCC,2014B,01 October 2023,31 October 2023
619870,CCC,2014B,01 October 2023,31 October 2023
620148,CCC,2014B,01 October 2023,31 October 2023
620215,CCC,2014B,01 October 2023,31 October 2023
620243,CCC,2014B,01 October 2023,31 October 2023
620266,CCC,2014B,01 October 2023,31 October 2023
620320,CCC,2014B,01 October 2023,31 October 2023
620356,CCC,2014B,01 October 2023,31 October 2023
620368,CCC,2014B,01 October 2023,31 October 2023
620369,CCC,2014B,01 October 2023,31 October 2023
620376,CCC,2014B,01 October 2023,31 October 2023
620440,CCC,2014B,01 October 2023,31 October 2023
620485,CCC,2014B,01 October 2023,31 October 2023
620646,CCC,2014B,01 October 2023,31 October 2023
620713,CCC,2014B,01 October 2023,31 October 2023
620876,CCC,2014B,01 October 2023,31 October 2023
620897,CCC,2014B,01 October 2023,31 October 2023
620918,CCC,2014B,01 October 2023,31 October 2023
620935,CCC,2014B,01 October 2023,31 October 2023
620974,CCC,2014B,01 October 2023,31 October 2023
620977,CCC,2014B,01 October 2023,31 October 2023
621300,CCC,2014B,01 October 2023,31 October 2023
621401,CCC,2014B,01 October 2023,31 October 2023
621619,CCC,2014B,01 October 2023,31 October 2023
621655,CCC,2014B,01 October 2023,31 October 2023
621656,CCC,2014B,01 October 2023,31 October 2023
621696,CCC,2014B,01 October 2023,31 October 2023
621807,CCC,2014B,01 October 2023,31 October 2023
622015,CCC,2014B,01 October 2023,31 October 2023
622130,CCC,2014B,01 October 2023,31 October 2023
622215,CCC,2014B,01 October 2023,31 October 2023
622302,CCC,2014B,01 October 2023,31 October 2023
622368,CCC,2014B,01 October 2023,31 October 2023
622386,CCC,2014B,01 October 2023,31 October 2023
622398,CCC,2014B,01 October 2023,31 October 2023
622430,CCC,2014B,01 October 2023,31 October 2023
622652,CCC,2014B,01 October 2023,31 October 2023
622753,CCC,2014B,01 October 2023,31 October 2023
622773,CCC,2014B,01 October 2023,31 October 2023
622787,CCC,2014B,01 October 2023,31 October 2023
622804,CCC,2014B,01 October 2023,31 October 2023
622897,CCC,2014B,01 October 2023,31 October 2023
622948,CCC,2014B,01 October 2023,31 October 2023
623052,CCC,2014B,01 October 2023,31 October 2023
623190,CCC,2014B,01 October 2023,31 October 2023
623250,CCC,2014B,01 October 2023,31 October 2023
623290,CCC,2014B,01 October 2023,31 October 2023
623347,CCC,2014B,01 October 2023,31 October 2023
623421,CCC,2014B,01 October 2023,31 October 2023
623456,CCC,2014B,01 October 2023,31 October 2023
623511,CCC,2014B,01 October 2023,31 October 2023
623562,CCC,2014B,01 October 2023,31 October 2023
623605,CCC,2014B,01 October 2023,31 October 2023
623609,CCC,2014B,01 October 2023,31 October 2023
623619,CCC,2014B,01 October 2023,31 October 2023
623667,CCC,2014B,01 October 2023,31 October 2023
623707,CCC,2014B,01 October 2023,31 October 2023
623732,CCC,2014B,01 October 2023,31 October 2023
623738,CCC,2014B,01 October 2023,31 October 2023
623780,CCC,2014B,01 October 2023,31 October 2023
623786,CCC,2014B,01 October 2023,31 October 2023
623797,CCC,2014B,01 October 2023,31 October 2023
624039,CCC,2014B,01 October 2023,31 October 2023
624060,CCC,2014B,01 October 2023,31 October 2023
624126,CCC,2014B,01 October 2023,31 October 2023
624127,CCC,2014B,01 October 2023,31 October 2023
624134,CCC,2014B,01 October 2023,31 October 2023
624164,CCC,2014B,01 October 2023,31 October 2023
624354,CCC,2014B,01 October 2023,31 October 2023
624441,CCC,2014B,01 October 2023,31 October 2023
624445,CCC,2014B,01 October 2023,31 October 2023
624483,CCC,2014B,01 October 2023,31 October 2023
624591,CCC,2014B,01 October 2023,31 October 2023
624593,CCC,2014B,01 October 2023,31 October 2023
624765,CCC,2014B,01 October 2023,31 October 2023
624782,CCC,2014B,01 October 2023,31 October 2023
624810,CCC,2014B,01 October 2023,31 October 2023
624875,CCC,2014B,01 October 2023,31 October 2023
624970,CCC,2014B,01 October 2023,31 October 2023
625014,CCC,2014B,01 October 2023,31 October 2023
625028,CCC,2014B,01 October 2023,31 October 2023
625077,CCC,2014B,01 October 2023,31 October 2023
625078,CCC,2014B,01 October 2023,31 October 2023
625108,CCC,2014B,01 October 2023,31 October 2023
625121,CCC,2014B,01 October 2023,31 October 2023
625128,CCC,2014B,01 October 2023,31 October 2023
625207,CCC,2014B,01 October 2023,31 October 2023
625213,CCC,2014B,01 October 2023,31 October 2023
625267,CCC,2014B,01 October 2023,31 October 2023
625330,CCC,2014B,01 October 2023,31 October 2023
625423,CCC,2014B,01 October 2023,31 October 2023
625453,CCC,2014B,01 October 2023,31 October 2023
625476,CCC,2014B,01 October 2023,31 October 2023
625517,CCC,2014B,01 October 2023,31 October 2023
625527,CCC,2014B,01 October 2023,31 October 2023
625552,CCC,2014B,01 October 2023,31 October 2023
625568,CCC,2014B,01 October 2023,31 October 2023
625574,CCC,2014B,01 October 2023,31 October 2023
625614,CCC,2014B,01 October 2023,31 October 2023
625684,CCC,2014B,01 October 2023,31 October 2023
625714,CCC,2014B,01 October 2023,31 October 2023
625740,CCC,2014B,01 October 2023,31 October 2023
625745,CCC,2014B,01 October 2023,31 October 2023
625774,CCC,2014B,01 October 2023,31 October 2023
625782,CCC,2014B,01 October 2023,31 October 2023
625785,CCC,2014B,01 October 2023,31 October 2023
625790,CCC,2014B,01 October 2023,31 October 2023
625793,CCC,2014B,01 October 2023,31 October 2023
625822,CCC,2014B,01 October 2023,31 October 2023
625838,CCC,2014B,01 October 2023,31 October 2023
625841,CCC,2014B,01 October 2023,31 October 2023
625884,CCC,2014B,01 October 2023,31 October 2023
625950,CCC,2014B,01 October 2023,31 October 2023
625953,CCC,2014B,01 October 2023,31 October 2023
625975,CCC,2014B,01 October 2023,31 October 2023
626055,CCC,2014B,01 October 2023,31 October 2023
626173,CCC,2014B,01 October 2023,31 October 2023
626183,CCC,2014B,01 October 2023,31 October 2023
626252,CCC,2014B,01 October 2023,31 October 2023
626296,CCC,2014B,01 October 2023,31 October 2023
626349,CCC,2014B,01 October 2023,31 October 2023
626417,CCC,2014B,01 October 2023,31 October 2023
626438,CCC,2014B,01 October 2023,31 October 2023
626444,CCC,2014B,01 October 2023,31 October 2023
626469,CCC,2014B,01 October 2023,31 October 2023
626501,CCC,2014B,01 October 2023,31 October 2023
626516,CCC,2014B,01 October 2023,31 October 2023
626518,CCC,2014B,01 October 2023,31 October 2023
626614,CCC,2014B,01 October 2023,31 October 2023
626625,CCC,2014B,01 October 2023,31 October 2023
626712,CCC,2014B,01 October 2023,31 October 2023
626714,CCC,2014B,01 October 2023,31 October 2023
626763,CCC,2014B,01 October 2023,31 October 2023
626772,CCC,2014B,01 October 2023,31 October 2023
626857,CCC,2014B,01 October 2023,31 October 2023
626862,CCC,2014B,01 October 2023,31 October 2023
626877,CCC,2014B,01 October 2023,31 October 2023
626906,CCC,2014B,01 October 2023,31 October 2023
626930,CCC,2014B,01 October 2023,31 October 2023
626998,CCC,2014B,01 October 2023,31 October 2023
627066,CCC,2014B,01 October 2023,31 October 2023
627136,CCC,2014B,01 October 2023,31 October 2023
627160,CCC,2014B,01 October 2023,31 October 2023
627168,CCC,2014B,01 October 2023,31 October 2023
627176,CCC,2014B,01 October 2023,31 October 2023
627253,CCC,2014B,01 October 2023,31 October 2023
627307,CCC,2014B,01 October 2023,31 October 2023
627343,CCC,2014B,01 October 2023,31 October 2023
627348,CCC,2014B,01 October 2023,31 October 2023
627374,CCC,2014B,01 October 2023,31 October 2023
627386,CCC,2014B,01 October 2023,31 October 2023
627387,CCC,2014B,01 October 2023,31 October 2023
627395,CCC,2014B,01 October 2023,31 October 2023
627399,CCC,2014B,01 October 2023,31 October 2023
627435,CCC,2014B,01 October 2023,31 October 2023
627500,CCC,2014B,01 October 2023,31 October 2023
627516,CCC,2014B,01 October 2023,31 October 2023
627520,CCC,2014B,01 October 2023,31 October 2023
627632,CCC,2014B,01 October 2023,31 October 2023
627635,CCC,2014B,01 October 2023,31 October 2023
627636,CCC,2014B,01 October 2023,31 October 2023
627691,CCC,2014B,01 October 2023,31 October 2023
627711,CCC,2014B,01 October 2023,31 October 2023
627747,CCC,2014B,01 October 2023,31 October 2023
627750,CCC,2014B,01 October 2023,31 October 2023
627784,CCC,2014B,01 October 2023,31 October 2023
627907,CCC,2014B,01 October 2023,31 October 2023
627933,CCC,2014B,01 October 2023,31 October 2023
627947,CCC,2014B,01 October 2023,31 October 2023
628022,CCC,2014B,01 October 2023,31 October 2023
628029,CCC,2014B,01 October 2023,31 October 2023
628053,CCC,2014B,01 October 2023,31 October 2023
628086,CCC,2014B,01 October 2023,31 October 2023
628090,CCC,2014B,01 October 2023,31 October 2023
628122,CCC,2014B,01 October 2023,31 October 2023
628141,CCC,2014B,01 October 2023,31 October 2023
628157,CCC,2014B,01 October 2023,31 October 2023
628214,CCC,2014B,01 October 2023,31 October 2023
628293,CCC,2014B,01 October 2023,31 October 2023
628366,CCC,2014B,01 October 2023,31 October 2023
628383,CCC,2014B,01 October 2023,31 October 2023
628506,CCC,2014B,01 October 2023,31 October 2023
628527,CCC,2014B,01 October 2023,31 October 2023
628565,CCC,2014B,01 October 2023,31 October 2023
628575,CCC,2014B,01 October 2023,31 October 2023
628663,CCC,2014B,01 October 2023,31 October 2023
628677,CCC,2014B,01 October 2023,31 October 2023
628718,CCC,2014B,01 October 2023,31 October 2023
628725,CCC,2014B,01 October 2023,31 October 2023
628771,CCC,2014B,01 October 2023,31 October 2023
628803,CCC,2014B,01 October 2023,31 October 2023
628846,CCC,2014B,01 October 2023,31 October 2023
628938,CCC,2014B,01 October 2023,31 October 2023
628993,CCC,2014B,01 October 2023,31 October 2023
629081,CCC,2014B,01 October 2023,31 October 2023
629164,CCC,2014B,01 October 2023,31 October 2023
629209,CCC,2014B,01 October 2023,31 October 2023
629270,CCC,2014B,01 October 2023,31 October 2023
629342,CCC,2014B,01 October 2023,31 October 2023
629445,CCC,2014B,01 October 2023,31 October 2023
629500,CCC,2014B,01 October 2023,31 October 2023
629560,CCC,2014B,01 October 2023,31 October 2023
629601,CCC,2014B,01 October 2023,31 October 2023
629613,CCC,2014B,01 October 2023,31 October 2023
629623,CCC,2014B,01 October 2023,31 October 2023
629628,CCC,2014B,01 October 2023,31 October 2023
629632,CCC,2014B,01 October 2023,31 October 2023
629654,CCC,2014B,01 October 2023,31 October 2023
629692,CCC,2014B,01 October 2023,31 October 2023
629694,CCC,2014B,01 October 2023,31 October 2023
629696,CCC,2014B,01 October 2023,31 October 2023
629710,CCC,2014B,01 October 2023,31 October 2023
629766,CCC,2014B,01 October 2023,31 October 2023
629773,CCC,2014B,01 October 2023,31 October 2023
629798,CCC,2014B,01 October 2023,31 October 2023
629862,CCC,2014B,01 October 2023,31 October 2023
629887,CCC,2014B,01 October 2023,31 October 2023
629890,CCC,2014B,01 October 2023,31 October 2023
629893,CCC,2014B,01 October 2023,31 October 2023
629906,CCC,2014B,01 October 2023,31 October 2023
629936,CCC,2014B,01 October 2023,31 October 2023
630005,CCC,2014B,01 October 2023,31 October 2023
630012,CCC,2014B,01 October 2023,31 October 2023
630047,CCC,2014B,01 October 2023,31 October 2023
630086,CCC,2014B,01 October 2023,31 October 2023
630152,CCC,2014B,01 October 2023,31 October 2023
630157,CCC,2014B,01 October 2023,31 October 2023
630178,CCC,2014B,01 October 2023,31 October 2023
630200,CCC,2014B,01 October 2023,31 October 2023
630211,CCC,2014B,01 October 2023,31 October 2023
630449,CCC,2014B,01 October 2023,31 October 2023
630471,CCC,2014B,01 October 2023,31 October 2023
630514,CCC,2014B,01 October 2023,31 October 2023
630531,CCC,2014B,01 October 2023,31 October 2023
630540,CCC,2014B,01 October 2023,31 October 2023
630573,CCC,2014B,01 October 2023,31 October 2023
630585,CCC,2014B,01 October 2023,31 October 2023
630606,CCC,2014B,01 October 2023,31 October 2023
630613,CCC,2014B,01 October 2023,31 October 2023
630635,CCC,2014B,01 October 2023,31 October 2023
630657,CCC,2014B,01 October 2023,31 October 2023
630730,CCC,2014B,01 October 2023,31 October 2023
630825,CCC,2014B,01 October 2023,31 October 2023
630888,CCC,2014B,01 October 2023,31 October 2023
630896,CCC,2014B,01 October 2023,31 October 2023
630912,CCC,2014B,01 October 2023,31 October 2023
631038,CCC,2014B,01 October 2023,31 October 2023
631044,CCC,2014B,01 October 2023,31 October 2023
631051,CCC,2014B,01 October 2023,31 October 2023
631075,CCC,2014B,01 October 2023,31 October 2023
631122,CCC,2014B,01 October 2023,31 October 2023
631216,CCC,2014B,01 October 2023,31 October 2023
631300,CCC,2014B,01 October 2023,31 October 2023
631334,CCC,2014B,01 October 2023,31 October 2023
631365,CCC,2014B,01 October 2023,31 October 2023
631453,CCC,2014B,01 October 2023,31 October 2023
631455,CCC,2014B,01 October 2023,31 October 2023
631473,CCC,2014B,01 October 2023,31 October 2023
631583,CCC,2014B,01 October 2023,31 October 2023
631655,CCC,2014B,01 October 2023,31 October 2023
631657,CCC,2014B,01 October 2023,31 October 2023
631699,CCC,2014B,01 October 2023,31 October 2023
631715,CCC,2014B,01 October 2023,31 October 2023
631770,CCC,2014B,01 October 2023,31 October 2023
631772,CCC,2014B,01 October 2023,31 October 2023
631850,CCC,2014B,01 October 2023,31 October 2023
631925,CCC,2014B,01 October 2023,31 October 2023
631929,CCC,2014B,01 October 2023,31 October 2023
631981,CCC,2014B,01 October 2023,31 October 2023
632017,CCC,2014B,01 October 2023,31 October 2023
632037,CCC,2014B,01 October 2023,31 October 2023
632074,CCC,2014B,01 October 2023,31 October 2023
632107,CCC,2014B,01 October 2023,31 October 2023
632111,CCC,2014B,01 October 2023,31 October 2023
632114,CCC,2014B,01 October 2023,31 October 2023
632133,CCC,2014B,01 October 2023,31 October 2023
632134,CCC,2014B,01 October 2023,31 October 2023
632135,CCC,2014B,01 October 2023,31 October 2023
632190,CCC,2014B,01 October 2023,31 October 2023
632242,CCC,2014B,01 October 2023,31 October 2023
632260,CCC,2014B,01 October 2023,31 October 2023
632312,CCC,2014B,01 October 2023,31 October 2023
632313,CCC,2014B,01 October 2023,31 October 2023
632332,CCC,2014B,01 October 2023,31 October 2023
632459,CCC,2014B,01 October 2023,31 October 2023
632486,CCC,2014B,01 October 2023,31 October 2023
632487,CCC,2014B,01 October 2023,31 October 2023
632506,CCC,2014B,01 October 2023,31 October 2023
632546,CCC,2014B,01 October 2023,31 October 2023
632554,CCC,2014B,01 October 2023,31 October 2023
632571,CCC,2014B,01 October 2023,31 October 2023
632597,CCC,2014B,01 October 2023,31 October 2023
632637,CCC,2014B,01 October 2023,31 October 2023
632641,CCC,2014B,01 October 2023,31 October 2023
632691,CCC,2014B,01 October 2023,31 October 2023
632780,CCC,2014B,01 October 2023,31 October 2023
632836,CCC,2014B,01 October 2023,31 October 2023
632856,CCC,2014B,01 October 2023,31 October 2023
632889,CCC,2014B,01 October 2023,31 October 2023
632900,CCC,2014B,01 October 2023,31 October 2023
632903,CCC,2014B,01 October 2023,31 October 2023
633071,CCC,2014B,01 October 2023,31 October 2023
633112,CCC,2014B,01 October 2023,31 October 2023
633178,CCC,2014B,01 October 2023,31 October 2023
633240,CCC,2014B,01 October 2023,31 October 2023
633243,CCC,2014B,01 October 2023,31 October 2023
633250,CCC,2014B,01 October 2023,31 October 2023
633256,CCC,2014B,01 October 2023,31 October 2023
633270,CCC,2014B,01 October 2023,31 October 2023
633281,CCC,2014B,01 October 2023,31 October 2023
633310,CCC,2014B,01 October 2023,31 October 2023
633330,CCC,2014B,01 October 2023,31 October 2023
633341,CCC,2014B,01 October 2023,31 October 2023
633384,CCC,2014B,01 October 2023,31 October 2023
633395,CCC,2014B,01 October 2023,31 October 2023
633432,CCC,2014B,01 October 2023,31 October 2023
633447,CCC,2014B,01 October 2023,31 October 2023
633455,CCC,2014B,01 October 2023,31 October 2023
633460,CCC,2014B,01 October 2023,31 October 2023
633493,CCC,2014B,01 October 2023,31 October 2023
633527,CCC,2014B,01 October 2023,31 October 2023
633637,CCC,2014B,01 October 2023,31 October 2023
633679,CCC,2014B,01 October 2023,31 October 2023
633695,CCC,2014B,01 October 2023,31 October 2023
633716,CCC,2014B,01 October 2023,31 October 2023
633722,CCC,2014B,01 October 2023,31 October 2023
633857,CCC,2014B,01 October 2023,31 October 2023
633859,CCC,2014B,01 October 2023,31 October 2023
633913,CCC,2014B,01 October 2023,31 October 2023
633942,CCC,2014B,01 October 2023,31 October 2023
633998,CCC,2014B,01 October 2023,31 October 2023
634040,CCC,2014B,01 October 2023,31 October 2023
634057,CCC,2014B,01 October 2023,31 October 2023
634083,CCC,2014B,01 October 2023,31 October 2023
634128,CCC,2014B,01 October 2023,31 October 2023
634139,CCC,2014B,01 October 2023,31 October 2023
634157,CCC,2014B,01 October 2023,31 October 2023
634167,CCC,2014B,01 October 2023,31 October 2023
634176,CCC,2014B,01 October 2023,31 October 2023
634216,CCC,2014B,01 October 2023,31 October 2023
634217,CCC,2014B,01 October 2023,31 October 2023
634241,CCC,2014B,01 October 2023,31 October 2023
634279,CCC,2014B,01 October 2023,31 October 2023
634349,CCC,2014B,01 October 2023,31 October 2023
634414,CCC,2014B,01 October 2023,31 October 2023
634433,CCC,2014B,01 October 2023,31 October 2023
634500,CCC,2014B,01 October 2023,31 October 2023
634507,CCC,2014B,01 October 2023,31 October 2023
634512,CCC,2014B,01 October 2023,31 October 2023
634523,CCC,2014B,01 October 2023,31 October 2023
634570,CCC,2014B,01 October 2023,31 October 2023
634578,CCC,2014B,01 October 2023,31 October 2023
634589,CCC,2014B,01 October 2023,31 October 2023
634618,CCC,2014B,01 October 2023,31 October 2023
634649,CCC,2014B,01 October 2023,31 October 2023
634655,CCC,2014B,01 October 2023,31 October 2023
634671,CCC,2014B,01 October 2023,31 October 2023
634737,CCC,2014B,01 October 2023,31 October 2023
634744,CCC,2014B,01 October 2023,31 October 2023
634816,CCC,2014B,01 October 2023,31 October 2023
634853,CCC,2014B,01 October 2023,31 October 2023
634862,CCC,2014B,01 October 2023,31 October 2023
634878,CCC,2014B,01 October 2023,31 October 2023
635034,CCC,2014B,01 October 2023,31 October 2023
635041,CCC,2014B,01 October 2023,31 October 2023
635043,CCC,2014B,01 October 2023,31 October 2023
635109,CCC,2014B,01 October 2023,31 October 2023
635416,CCC,2014B,01 October 2023,31 October 2023
635515,CCC,2014B,01 October 2023,31 October 2023
835603,CCC,2014B,01 October 2023,31 October 2023
856294,CCC,2014B,01 October 2023,31 October 2023
917586,CCC,2014B,01 October 2023,31 October 2023
925553,CCC,2014B,01 October 2023,31 October 2023
949548,CCC,2014B,01 October 2023,31 October 2023
984619,CCC,2014B,01 October 2023,31 October 2023
992544,CCC,2014B,01 October 2023,31 October 2023
1038161,CCC,2014B,01 October 2023,31 October 2023
1047645,CCC,2014B,01 October 2023,31 October 2023
1057883,CCC,2014B,01 October 2023,31 October 2023
1073766,CCC,2014B,01 October 2023,31 October 2023
1087710,CCC,2014B,01 October 2023,31 October 2023
1095916,CCC,2014B,01 October 2023,31 October 2023
1100639,CCC,2014B,01 October 2023,31 October 2023
1106724,CCC,2014B,01 October 2023,31 October 2023
1115623,CCC,2014B,01 October 2023,31 October 2023
1187586,CCC,2014B,01 October 2023,31 October 2023
1268772,CCC,2014B,01 October 2023,31 October 2023
1270832,CCC,2014B,01 October 2023,31 October 2023
1307784,CCC,2014B,01 October 2023,31 October 2023
1311171,CCC,2014B,01 October 2023,31 October 2023
1398821,CCC,2014B,01 October 2023,31 October 2023
1407549,CCC,2014B,01 October 2023,31 October 2023
1416784,CCC,2014B,01 October 2023,31 October 2023
1440467,CCC,2014B,01 October 2023,31 October 2023
1442991,CCC,2014B,01 October 2023,31 October 2023
1462676,CCC,2014B,01 October 2023,31 October 2023
1464952,CCC,2014B,01 October 2023,31 October 2023
1468838,CCC,2014B,01 October 2023,31 October 2023
1470291,CCC,2014B,01 October 2023,31 October 2023
1474869,CCC,2014B,01 October 2023,31 October 2023
1493739,CCC,2014B,01 October 2023,31 October 2023
1514245,CCC,2014B,01 October 2023,31 October 2023
1534494,CCC,2014B,01 October 2023,31 October 2023
1541906,CCC,2014B,01 October 2023,31 October 2023
1551895,CCC,2014B,01 October 2023,31 October 2023
1560205,CCC,2014B,01 October 2023,31 October 2023
1561431,CCC,2014B,01 October 2023,31 October 2023
1568828,CCC,2014B,01 October 2023,31 October 2023
1591013,CCC,2014B,01 October 2023,31 October 2023
1600062,CCC,2014B,01 October 2023,31 October 2023
1619251,CCC,2014B,01 October 2023,31 October 2023
1632487,CCC,2014B,01 October 2023,31 October 2023
1638548,CCC,2014B,01 October 2023,31 October 2023
1644328,CCC,2014B,01 October 2023,31 October 2023
1649896,CCC,2014B,01 October 2023,31 October 2023
1656486,CCC,2014B,01 October 2023,31 October 2023
1664810,CCC,2014B,01 October 2023,31 October 2023
1668504,CCC,2014B,01 October 2023,31 October 2023
1671811,CCC,2014B,01 October 2023,31 October 2023
1672690,CCC,2014B,01 October 2023,31 October 2023
1673876,CCC,2014B,01 October 2023,31 October 2023
1678014,CCC,2014B,01 October 2023,31 October 2023
1678800,CCC,2014B,01 October 2023,31 October 2023
1691815,CCC,2014B,01 October 2023,31 October 2023
1694780,CCC,2014B,01 October 2023,31 October 2023
1715237,CCC,2014B,01 October 2023,31 October 2023
1739026,CCC,2014B,01 October 2023,31 October 2023
1750405,CCC,2014B,01 October 2023,31 October 2023
1753458,CCC,2014B,01 October 2023,31 October 2023
1763378,CCC,2014B,01 October 2023,31 October 2023
1769985,CCC,2014B,01 October 2023,31 October 2023
1774071,CCC,2014B,01 October 2023,31 October 2023
1780737,CCC,2014B,01 October 2023,31 October 2023
1781834,CCC,2014B,01 October 2023,31 October 2023
1828112,CCC,2014B,01 October 2023,31 October 2023
1841267,CCC,2014B,01 October 2023,31 October 2023
1848820,CCC,2014B,01 October 2023,31 October 2023
1855583,CCC,2014B,01 October 2023,31 October 2023
1876636,CCC,2014B,01 October 2023,31 October 2023
1877015,CCC,2014B,01 October 2023,31 October 2023
1877732,CCC,2014B,01 October 2023,31 October 2023
1888343,CCC,2014B,01 October 2023,31 October 2023
1891323,CCC,2014B,01 October 2023,31 October 2023
1894419,CCC,2014B,01 October 2023,31 October 2023
1896088,CCC,2014B,01 October 2023,31 October 2023
1906919,CCC,2014B,01 October 2023,31 October 2023
1908526,CCC,2014B,01 October 2023,31 October 2023
1911513,CCC,2014B,01 October 2023,31 October 2023
1922200,CCC,2014B,01 October 2023,31 October 2023
1924641,CCC,2014B,01 October 2023,31 October 2023
1930146,CCC,2014B,01 October 2023,31 October 2023
1930644,CCC,2014B,01 October 2023,31 October 2023
1937511,CCC,2014B,01 October 2023,31 October 2023
1938024,CCC,2014B,01 October 2023,31 October 2023
1942999,CCC,2014B,01 October 2023,31 October 2023
1945240,CCC,2014B,01 October 2023,31 October 2023
1947911,CCC,2014B,01 October 2023,31 October 2023
1951080,CCC,2014B,01 October 2023,31 October 2023
1951139,CCC,2014B,01 October 2023,31 October 2023
1969407,CCC,2014B,01 October 2023,31 October 2023
1997164,CCC,2014B,01 October 2023,31 October 2023
2008262,CCC,2014B,01 October 2023,31 October 2023
2016517,CCC,2014B,01 October 2023,31 October 2023
2030117,CCC,2014B,01 October 2023,31 October 2023
2032058,CCC,2014B,01 October 2023,31 October 2023
2044299,CCC,2014B,01 October 2023,31 October 2023
2047421,CCC,2014B,01 October 2023,31 October 2023
2049668,CCC,2014B,01 October 2023,31 October 2023
2056643,CCC,2014B,01 October 2023,31 October 2023
2063578,CCC,2014B,01 October 2023,31 October 2023
2064873,CCC,2014B,01 October 2023,31 October 2023
2066504,CCC,2014B,01 October 2023,31 October 2023
2080916,CCC,2014B,01 October 2023,31 October 2023
2087182,CCC,2014B,01 October 2023,31 October 2023
2088765,CCC,2014B,01 October 2023,31 October 2023
2096918,CCC,2014B,01 October 2023,31 October 2023
2109119,CCC,2014B,01 October 2023,31 October 2023
2110039,CCC,2014B,01 October 2023,31 October 2023
2113778,CCC,2014B,01 October 2023,31 October 2023
2131908,CCC,2014B,01 October 2023,31 October 2023
2134237,CCC,2014B,01 October 2023,31 October 2023
2134304,CCC,2014B,01 October 2023,31 October 2023
2139037,CCC,2014B,01 October 2023,31 October 2023
2139273,CCC,2014B,01 October 2023,31 October 2023
2142662,CCC,2014B,01 October 2023,31 October 2023
2146277,CCC,2014B,01 October 2023,31 October 2023
2147620,CCC,2014B,01 October 2023,31 October 2023
2147713,CCC,2014B,01 October 2023,31 October 2023
2148297,CCC,2014B,01 October 2023,31 October 2023
2156058,CCC,2014B,01 October 2023,31 October 2023
2171264,CCC,2014B,01 October 2023,31 October 2023
2171834,CCC,2014B,01 October 2023,31 October 2023
2178929,CCC,2014B,01 October 2023,31 October 2023
2187422,CCC,2014B,01 October 2023,31 October 2023
2188680,CCC,2014B,01 October 2023,31 October 2023
2198356,CCC,2014B,01 October 2023,31 October 2023
2202076,CCC,2014B,01 October 2023,31 October 2023
2211797,CCC,2014B,01 October 2023,31 October 2023
2213982,CCC,2014B,01 October 2023,31 October 2023
2229583,CCC,2014B,01 October 2023,31 October 2023
2236538,CCC,2014B,01 October 2023,31 October 2023
2238904,CCC,2014B,01 October 2023,31 October 2023
2239848,CCC,2014B,01 October 2023,31 October 2023
2241036,CCC,2014B,01 October 2023,31 October 2023
2247222,CCC,2014B,01 October 2023,31 October 2023
2252437,CCC,2014B,01 October 2023,31 October 2023
2258228,CCC,2014B,01 October 2023,31 October 2023
2289032,CCC,2014B,01 October 2023,31 October 2023
2298895,CCC,2014B,01 October 2023,31 October 2023
2327710,CCC,2014B,01 October 2023,31 October 2023
2329539,CCC,2014B,01 October 2023,31 October 2023
2341839,CCC,2014B,01 October 2023,31 October 2023
2343809,CCC,2014B,01 October 2023,31 October 2023
2347802,CCC,2014B,01 October 2023,31 October 2023
2355744,CCC,2014B,01 October 2023,31 October 2023
2358707,CCC,2014B,01 October 2023,31 October 2023
2365009,CCC,2014B,01 October 2023,31 October 2023
2367058,CCC,2014B,01 October 2023,31 October 2023
2374376,CCC,2014B,01 October 2023,31 October 2023
2375259,CCC,2014B,01 October 2023,31 October 2023
2383036,CCC,2014B,01 October 2023,31 October 2023
2384615,CCC,2014B,01 October 2023,31 October 2023
2384687,CCC,2014B,01 October 2023,31 October 2023
2389754,CCC,2014B,01 October 2023,31 October 2023
2391004,CCC,2014B,01 October 2023,31 October 2023
2394090,CCC,2014B,01 October 2023,31 October 2023
2408651,CCC,2014B,01 October 2023,31 October 2023
2410459,CCC,2014B,01 October 2023,31 October 2023
2410519,CCC,2014B,01 October 2023,31 October 2023
2418732,CCC,2014B,01 October 2023,31 October 2023
2419115,CCC,2014B,01 October 2023,31 October 2023
2421961,CCC,2014B,01 October 2023,31 October 2023
2433069,CCC,2014B,01 October 2023,31 October 2023
2433221,CCC,2014B,01 October 2023,31 October 2023
2436400,CCC,2014B,01 October 2023,31 October 2023
2446778,CCC,2014B,01 October 2023,31 October 2023
2447528,CCC,2014B,01 October 2023,31 October 2023
2451726,CCC,2014B,01 October 2023,31 October 2023
2454878,CCC,2014B,01 October 2023,31 October 2023
2464727,CCC,2014B,01 October 2023,31 October 2023
2471283,CCC,2014B,01 October 2023,31 October 2023
2473058,CCC,2014B,01 October 2023,31 October 2023
2478799,CCC,2014B,01 October 2023,31 October 2023
2486769,CCC,2014B,01 October 2023,31 October 2023
2488382,CCC,2014B,01 October 2023,31 October 2023
2488713,CCC,2014B,01 October 2023,31 October 2023
2493107,CCC,2014B,01 October 2023,31 October 2023
2494507,CCC,2014B,01 October 2023,31 October 2023
2498388,CCC,2014B,01 October 2023,31 October 2023
2503063,CCC,2014B,01 October 2023,31 October 2023
2513997,CCC,2014B,01 October 2023,31 October 2023
2517778,CCC,2014B,01 October 2023,31 October 2023
2522932,CCC,2014B,01 October 2023,31 October 2023
2524572,CCC,2014B,01 October 2023,31 October 2023
2526493,CCC,2014B,01 October 2023,31 October 2023
2529663,CCC,2014B,01 October 2023,31 October 2023
2530985,CCC,2014B,01 October 2023,31 October 2023
2545113,CCC,2014B,01 October 2023,31 October 2023
2548877,CCC,2014B,01 October 2023,31 October 2023
2555596,CCC,2014B,01 October 2023,31 October 2023
2556060,CCC,2014B,01 October 2023,31 October 2023
2558365,CCC,2014B,01 October 2023,31 October 2023
2564333,CCC,2014B,01 October 2023,31 October 2023
2564711,CCC,2014B,01 October 2023,31 October 2023
2567038,CCC,2014B,01 October 2023,31 October 2023
2569090,CCC,2014B,01 October 2023,31 October 2023
2569834,CCC,2014B,01 October 2023,31 October 2023
2569912,CCC,2014B,01 October 2023,31 October 2023
2576298,CCC,2014B,01 October 2023,31 October 2023
2577091,CCC,2014B,01 October 2023,31 October 2023
2581603,CCC,2014B,01 October 2023,31 October 2023
2588201,CCC,2014B,01 October 2023,31 October 2023
2591014,CCC,2014B,01 October 2023,31 October 2023
2598913,CCC,2014B,01 October 2023,31 October 2023
2602235,CCC,2014B,01 October 2023,31 October 2023
2602264,CCC,2014B,01 October 2023,31 October 2023
2603195,CCC,2014B,01 October 2023,31 October 2023
2604856,CCC,2014B,01 October 2023,31 October 2023
2605030,CCC,2014B,01 October 2023,31 October 2023
2607849,CCC,2014B,01 October 2023,31 October 2023
2609908,CCC,2014B,01 October 2023,31 October 2023
2613331,CCC,2014B,01 October 2023,31 October 2023
2615849,CCC,2014B,01 October 2023,31 October 2023
2616950,CCC,2014B,01 October 2023,31 October 2023
2617635,CCC,2014B,01 October 2023,31 October 2023
2620636,CCC,2014B,01 October 2023,31 October 2023
2621379,CCC,2014B,01 October 2023,31 October 2023
2621734,CCC,2014B,01 October 2023,31 October 2023
2623263,CCC,2014B,01 October 2023,31 October 2023
2629436,CCC,2014B,01 October 2023,31 October 2023
2631547,CCC,2014B,01 October 2023,31 October 2023
2631703,CCC,2014B,01 October 2023,31 October 2023
2634238,CCC,2014B,01 October 2023,31 October 2023
2639310,CCC,2014B,01 October 2023,31 October 2023
2641486,CCC,2014B,01 October 2023,31 October 2023
2644404,CCC,2014B,01 October 2023,31 October 2023
2646795,CCC,2014B,01 October 2023,31 October 2023
2652523,CCC,2014B,01 October 2023,31 October 2023
2658268,CCC,2014B,01 October 2023,31 October 2023
2659556,CCC,2014B,01 October 2023,31 October 2023
2661696,CCC,2014B,01 October 2023,31 October 2023
2665399,CCC,2014B,01 October 2023,31 October 2023
2668550,CCC,2014B,01 October 2023,31 October 2023
2677969,CCC,2014B,01 October 2023,31 October 2023
2680742,CCC,2014B,01 October 2023,31 October 2023
2681198,CCC,2014B,01 October 2023,31 October 2023
2682834,CCC,2014B,01 October 2023,31 October 2023
2686074,CCC,2014B,01 October 2023,31 October 2023
2686578,CCC,2014B,01 October 2023,31 October 2023
2691267,CCC,2014B,01 October 2023,31 October 2023
2691780,CCC,2014B,01 October 2023,31 October 2023
2692327,CCC,2014B,01 October 2023,31 October 2023
2697181,CCC,2014B,01 October 2023,31 October 2023
2698535,CCC,2014B,01 October 2023,31 October 2023
23698,CCC,2014J,01 October 2023,31 October 2023
25261,CCC,2014J,01 October 2023,31 October 2023
27116,CCC,2014J,01 October 2023,31 October 2023
28787,CCC,2014J,01 October 2023,31 October 2023
28952,CCC,2014J,01 October 2023,31 October 2023
29411,CCC,2014J,01 October 2023,31 October 2023
29420,CCC,2014J,01 October 2023,31 October 2023
29639,CCC,2014J,01 October 2023,31 October 2023
30096,CCC,2014J,01 October 2023,31 October 2023
30850,CCC,2014J,01 October 2023,31 October 2023
31161,CCC,2014J,01 October 2023,31 October 2023
34068,CCC,2014J,01 October 2023,31 October 2023
35355,CCC,2014J,01 October 2023,31 October 2023
35508,CCC,2014J,01 October 2023,31 October 2023
37652,CCC,2014J,01 October 2023,31 October 2023
42746,CCC,2014J,01 October 2023,31 October 2023
46705,CCC,2014J,01 October 2023,31 October 2023
48635,CCC,2014J,01 October 2023,31 October 2023
53300,CCC,2014J,01 October 2023,31 October 2023
54062,CCC,2014J,01 October 2023,31 October 2023
60809,CCC,2014J,01 October 2023,31 October 2023
61227,CCC,2014J,01 October 2023,31 October 2023
61236,CCC,2014J,01 October 2023,31 October 2023
63371,CCC,2014J,01 October 2023,31 October 2023
67685,CCC,2014J,01 October 2023,31 October 2023
70214,CCC,2014J,01 October 2023,31 October 2023
70495,CCC,2014J,01 October 2023,31 October 2023
71723,CCC,2014J,01 October 2023,31 October 2023
72609,CCC,2014J,01 October 2023,31 October 2023
73664,CCC,2014J,01 October 2023,31 October 2023
76949,CCC,2014J,01 October 2023,31 October 2023
80243,CCC,2014J,01 October 2023,31 October 2023
80491,CCC,2014J,01 October 2023,31 October 2023
80868,CCC,2014J,01 October 2023,31 October 2023
91040,CCC,2014J,01 October 2023,31 October 2023
94978,CCC,2014J,01 October 2023,31 October 2023
96864,CCC,2014J,01 October 2023,31 October 2023
96874,CCC,2014J,01 October 2023,31 October 2023
100788,CCC,2014J,01 October 2023,31 October 2023
101700,CCC,2014J,01 October 2023,31 October 2023
102209,CCC,2014J,01 October 2023,31 October 2023
104480,CCC,2014J,01 October 2023,31 October 2023
105168,CCC,2014J,01 October 2023,31 October 2023
105413,CCC,2014J,01 October 2023,31 October 2023
107883,CCC,2014J,01 October 2023,31 October 2023
109577,CCC,2014J,01 October 2023,31 October 2023
112454,CCC,2014J,01 October 2023,31 October 2023
114367,CCC,2014J,01 October 2023,31 October 2023
119310,CCC,2014J,01 October 2023,31 October 2023
120236,CCC,2014J,01 October 2023,31 October 2023
124711,CCC,2014J,01 October 2023,31 October 2023
125777,CCC,2014J,01 October 2023,31 October 2023
126812,CCC,2014J,01 October 2023,31 October 2023
128072,CCC,2014J,01 October 2023,31 October 2023
130671,CCC,2014J,01 October 2023,31 October 2023
131222,CCC,2014J,01 October 2023,31 October 2023
131663,CCC,2014J,01 October 2023,31 October 2023
132423,CCC,2014J,01 October 2023,31 October 2023
133419,CCC,2014J,01 October 2023,31 October 2023
134190,CCC,2014J,01 October 2023,31 October 2023
134982,CCC,2014J,01 October 2023,31 October 2023
136335,CCC,2014J,01 October 2023,31 October 2023
137281,CCC,2014J,01 October 2023,31 October 2023
138861,CCC,2014J,01 October 2023,31 October 2023
138997,CCC,2014J,01 October 2023,31 October 2023
142092,CCC,2014J,01 October 2023,31 October 2023
144745,CCC,2014J,01 October 2023,31 October 2023
145114,CCC,2014J,01 October 2023,31 October 2023
145490,CCC,2014J,01 October 2023,31 October 2023
145640,CCC,2014J,01 October 2023,31 October 2023
152626,CCC,2014J,01 October 2023,31 October 2023
155298,CCC,2014J,01 October 2023,31 October 2023
155956,CCC,2014J,01 October 2023,31 October 2023
160536,CCC,2014J,01 October 2023,31 October 2023
161781,CCC,2014J,01 October 2023,31 October 2023
163067,CCC,2014J,01 October 2023,31 October 2023
164968,CCC,2014J,01 October 2023,31 October 2023
169297,CCC,2014J,01 October 2023,31 October 2023
170030,CCC,2014J,01 October 2023,31 October 2023
175638,CCC,2014J,01 October 2023,31 October 2023
181861,CCC,2014J,01 October 2023,31 October 2023
182854,CCC,2014J,01 October 2023,31 October 2023
185057,CCC,2014J,01 October 2023,31 October 2023
185127,CCC,2014J,01 October 2023,31 October 2023
185451,CCC,2014J,01 October 2023,31 October 2023
188251,CCC,2014J,01 October 2023,31 October 2023
188273,CCC,2014J,01 October 2023,31 October 2023
188662,CCC,2014J,01 October 2023,31 October 2023
190780,CCC,2014J,01 October 2023,31 October 2023
196189,CCC,2014J,01 October 2023,31 October 2023
199261,CCC,2014J,01 October 2023,31 October 2023
199361,CCC,2014J,01 October 2023,31 October 2023
199760,CCC,2014J,01 October 2023,31 October 2023
201425,CCC,2014J,01 October 2023,31 October 2023
205218,CCC,2014J,01 October 2023,31 October 2023
232072,CCC,2014J,01 October 2023,31 October 2023
234957,CCC,2014J,01 October 2023,31 October 2023
235121,CCC,2014J,01 October 2023,31 October 2023
238255,CCC,2014J,01 October 2023,31 October 2023
240486,CCC,2014J,01 October 2023,31 October 2023
242636,CCC,2014J,01 October 2023,31 October 2023
243358,CCC,2014J,01 October 2023,31 October 2023
244738,CCC,2014J,01 October 2023,31 October 2023
245600,CCC,2014J,01 October 2023,31 October 2023
246829,CCC,2014J,01 October 2023,31 October 2023
247304,CCC,2014J,01 October 2023,31 October 2023
248818,CCC,2014J,01 October 2023,31 October 2023
253013,CCC,2014J,01 October 2023,31 October 2023
253496,CCC,2014J,01 October 2023,31 October 2023
256680,CCC,2014J,01 October 2023,31 October 2023
256867,CCC,2014J,01 October 2023,31 October 2023
257887,CCC,2014J,01 October 2023,31 October 2023
258042,CCC,2014J,01 October 2023,31 October 2023
259641,CCC,2014J,01 October 2023,31 October 2023
261160,CCC,2014J,01 October 2023,31 October 2023
262385,CCC,2014J,01 October 2023,31 October 2023
263150,CCC,2014J,01 October 2023,31 October 2023
264151,CCC,2014J,01 October 2023,31 October 2023
264715,CCC,2014J,01 October 2023,31 October 2023
264723,CCC,2014J,01 October 2023,31 October 2023
264845,CCC,2014J,01 October 2023,31 October 2023
266097,CCC,2014J,01 October 2023,31 October 2023
267619,CCC,2014J,01 October 2023,31 October 2023
269388,CCC,2014J,01 October 2023,31 October 2023
271526,CCC,2014J,01 October 2023,31 October 2023
275297,CCC,2014J,01 October 2023,31 October 2023
275711,CCC,2014J,01 October 2023,31 October 2023
275882,CCC,2014J,01 October 2023,31 October 2023
278413,CCC,2014J,01 October 2023,31 October 2023
278600,CCC,2014J,01 October 2023,31 October 2023
279879,CCC,2014J,01 October 2023,31 October 2023
283618,CCC,2014J,01 October 2023,31 October 2023
284095,CCC,2014J,01 October 2023,31 October 2023
284741,CCC,2014J,01 October 2023,31 October 2023
285412,CCC,2014J,01 October 2023,31 October 2023
285637,CCC,2014J,01 October 2023,31 October 2023
286658,CCC,2014J,01 October 2023,31 October 2023
287897,CCC,2014J,01 October 2023,31 October 2023
290043,CCC,2014J,01 October 2023,31 October 2023
291156,CCC,2014J,01 October 2023,31 October 2023
291674,CCC,2014J,01 October 2023,31 October 2023
293162,CCC,2014J,01 October 2023,31 October 2023
293321,CCC,2014J,01 October 2023,31 October 2023
293686,CCC,2014J,01 October 2023,31 October 2023
294112,CCC,2014J,01 October 2023,31 October 2023
296222,CCC,2014J,01 October 2023,31 October 2023
296725,CCC,2014J,01 October 2023,31 October 2023
297166,CCC,2014J,01 October 2023,31 October 2023
298777,CCC,2014J,01 October 2023,31 October 2023
301681,CCC,2014J,01 October 2023,31 October 2023
303218,CCC,2014J,01 October 2023,31 October 2023
305036,CCC,2014J,01 October 2023,31 October 2023
306202,CCC,2014J,01 October 2023,31 October 2023
307297,CCC,2014J,01 October 2023,31 October 2023
307789,CCC,2014J,01 October 2023,31 October 2023
308953,CCC,2014J,01 October 2023,31 October 2023
310280,CCC,2014J,01 October 2023,31 October 2023
310765,CCC,2014J,01 October 2023,31 October 2023
311332,CCC,2014J,01 October 2023,31 October 2023
311862,CCC,2014J,01 October 2023,31 October 2023
312061,CCC,2014J,01 October 2023,31 October 2023
314956,CCC,2014J,01 October 2023,31 October 2023
316091,CCC,2014J,01 October 2023,31 October 2023
316454,CCC,2014J,01 October 2023,31 October 2023
317801,CCC,2014J,01 October 2023,31 October 2023
319035,CCC,2014J,01 October 2023,31 October 2023
319492,CCC,2014J,01 October 2023,31 October 2023
322499,CCC,2014J,01 October 2023,31 October 2023
322641,CCC,2014J,01 October 2023,31 October 2023
322844,CCC,2014J,01 October 2023,31 October 2023
322907,CCC,2014J,01 October 2023,31 October 2023
324338,CCC,2014J,01 October 2023,31 October 2023
324440,CCC,2014J,01 October 2023,31 October 2023
325518,CCC,2014J,01 October 2023,31 October 2023
327057,CCC,2014J,01 October 2023,31 October 2023
328123,CCC,2014J,01 October 2023,31 October 2023
328674,CCC,2014J,01 October 2023,31 October 2023
329455,CCC,2014J,01 October 2023,31 October 2023
330453,CCC,2014J,01 October 2023,31 October 2023
330952,CCC,2014J,01 October 2023,31 October 2023
330966,CCC,2014J,01 October 2023,31 October 2023
331622,CCC,2014J,01 October 2023,31 October 2023
332436,CCC,2014J,01 October 2023,31 October 2023
334154,CCC,2014J,01 October 2023,31 October 2023
334225,CCC,2014J,01 October 2023,31 October 2023
335401,CCC,2014J,01 October 2023,31 October 2023
335405,CCC,2014J,01 October 2023,31 October 2023
335914,CCC,2014J,01 October 2023,31 October 2023
336014,CCC,2014J,01 October 2023,31 October 2023
336131,CCC,2014J,01 October 2023,31 October 2023
336772,CCC,2014J,01 October 2023,31 October 2023
338983,CCC,2014J,01 October 2023,31 October 2023
339235,CCC,2014J,01 October 2023,31 October 2023
339824,CCC,2014J,01 October 2023,31 October 2023
340010,CCC,2014J,01 October 2023,31 October 2023
341361,CCC,2014J,01 October 2023,31 October 2023
342799,CCC,2014J,01 October 2023,31 October 2023
344740,CCC,2014J,01 October 2023,31 October 2023
347809,CCC,2014J,01 October 2023,31 October 2023
348351,CCC,2014J,01 October 2023,31 October 2023
348783,CCC,2014J,01 October 2023,31 October 2023
348855,CCC,2014J,01 October 2023,31 October 2023
349093,CCC,2014J,01 October 2023,31 October 2023
350267,CCC,2014J,01 October 2023,31 October 2023
350929,CCC,2014J,01 October 2023,31 October 2023
351903,CCC,2014J,01 October 2023,31 October 2023
352637,CCC,2014J,01 October 2023,31 October 2023
354688,CCC,2014J,01 October 2023,31 October 2023
355935,CCC,2014J,01 October 2023,31 October 2023
356297,CCC,2014J,01 October 2023,31 October 2023
357820,CCC,2014J,01 October 2023,31 October 2023
358578,CCC,2014J,01 October 2023,31 October 2023
359657,CCC,2014J,01 October 2023,31 October 2023
359958,CCC,2014J,01 October 2023,31 October 2023
360483,CCC,2014J,01 October 2023,31 October 2023
362140,CCC,2014J,01 October 2023,31 October 2023
362548,CCC,2014J,01 October 2023,31 October 2023
364066,CCC,2014J,01 October 2023,31 October 2023
364103,CCC,2014J,01 October 2023,31 October 2023
365661,CCC,2014J,01 October 2023,31 October 2023
365701,CCC,2014J,01 October 2023,31 October 2023
366164,CCC,2014J,01 October 2023,31 October 2023
366367,CCC,2014J,01 October 2023,31 October 2023
366873,CCC,2014J,01 October 2023,31 October 2023
367352,CCC,2014J,01 October 2023,31 October 2023
367510,CCC,2014J,01 October 2023,31 October 2023
367815,CCC,2014J,01 October 2023,31 October 2023
368436,CCC,2014J,01 October 2023,31 October 2023
369208,CCC,2014J,01 October 2023,31 October 2023
369242,CCC,2014J,01 October 2023,31 October 2023
369610,CCC,2014J,01 October 2023,31 October 2023
370512,CCC,2014J,01 October 2023,31 October 2023
370839,CCC,2014J,01 October 2023,31 October 2023
371429,CCC,2014J,01 October 2023,31 October 2023
371439,CCC,2014J,01 October 2023,31 October 2023
372234,CCC,2014J,01 October 2023,31 October 2023
372577,CCC,2014J,01 October 2023,31 October 2023
378576,CCC,2014J,01 October 2023,31 October 2023
379042,CCC,2014J,01 October 2023,31 October 2023
379185,CCC,2014J,01 October 2023,31 October 2023
379255,CCC,2014J,01 October 2023,31 October 2023
379265,CCC,2014J,01 October 2023,31 October 2023
382378,CCC,2014J,01 October 2023,31 October 2023
382857,CCC,2014J,01 October 2023,31 October 2023
384106,CCC,2014J,01 October 2023,31 October 2023
385033,CCC,2014J,01 October 2023,31 October 2023
387944,CCC,2014J,01 October 2023,31 October 2023
387963,CCC,2014J,01 October 2023,31 October 2023
389250,CCC,2014J,01 October 2023,31 October 2023
389267,CCC,2014J,01 October 2023,31 October 2023
391059,CCC,2014J,01 October 2023,31 October 2023
391466,CCC,2014J,01 October 2023,31 October 2023
392890,CCC,2014J,01 October 2023,31 October 2023
393094,CCC,2014J,01 October 2023,31 October 2023
393142,CCC,2014J,01 October 2023,31 October 2023
393526,CCC,2014J,01 October 2023,31 October 2023
394218,CCC,2014J,01 October 2023,31 October 2023
395757,CCC,2014J,01 October 2023,31 October 2023
396631,CCC,2014J,01 October 2023,31 October 2023
398496,CCC,2014J,01 October 2023,31 October 2023
400266,CCC,2014J,01 October 2023,31 October 2023
400958,CCC,2014J,01 October 2023,31 October 2023
401011,CCC,2014J,01 October 2023,31 October 2023
401258,CCC,2014J,01 October 2023,31 October 2023
402210,CCC,2014J,01 October 2023,31 October 2023
402378,CCC,2014J,01 October 2023,31 October 2023
402883,CCC,2014J,01 October 2023,31 October 2023
404863,CCC,2014J,01 October 2023,31 October 2023
405125,CCC,2014J,01 October 2023,31 October 2023
406254,CCC,2014J,01 October 2023,31 October 2023
406326,CCC,2014J,01 October 2023,31 October 2023
406698,CCC,2014J,01 October 2023,31 October 2023
407404,CCC,2014J,01 October 2023,31 October 2023
408608,CCC,2014J,01 October 2023,31 October 2023
409733,CCC,2014J,01 October 2023,31 October 2023
409852,CCC,2014J,01 October 2023,31 October 2023
409953,CCC,2014J,01 October 2023,31 October 2023
410176,CCC,2014J,01 October 2023,31 October 2023
411549,CCC,2014J,01 October 2023,31 October 2023
412304,CCC,2014J,01 October 2023,31 October 2023
412600,CCC,2014J,01 October 2023,31 October 2023
412663,CCC,2014J,01 October 2023,31 October 2023
413087,CCC,2014J,01 October 2023,31 October 2023
413200,CCC,2014J,01 October 2023,31 October 2023
414772,CCC,2014J,01 October 2023,31 October 2023
415023,CCC,2014J,01 October 2023,31 October 2023
415631,CCC,2014J,01 October 2023,31 October 2023
416284,CCC,2014J,01 October 2023,31 October 2023
417522,CCC,2014J,01 October 2023,31 October 2023
417724,CCC,2014J,01 October 2023,31 October 2023
418397,CCC,2014J,01 October 2023,31 October 2023
419024,CCC,2014J,01 October 2023,31 October 2023
420042,CCC,2014J,01 October 2023,31 October 2023
421111,CCC,2014J,01 October 2023,31 October 2023
422343,CCC,2014J,01 October 2023,31 October 2023
422542,CCC,2014J,01 October 2023,31 October 2023
422670,CCC,2014J,01 October 2023,31 October 2023
422697,CCC,2014J,01 October 2023,31 October 2023
423607,CCC,2014J,01 October 2023,31 October 2023
423622,CCC,2014J,01 October 2023,31 October 2023
423664,CCC,2014J,01 October 2023,31 October 2023
425053,CCC,2014J,01 October 2023,31 October 2023
425919,CCC,2014J,01 October 2023,31 October 2023
426316,CCC,2014J,01 October 2023,31 October 2023
427390,CCC,2014J,01 October 2023,31 October 2023
427413,CCC,2014J,01 October 2023,31 October 2023
429015,CCC,2014J,01 October 2023,31 October 2023
430020,CCC,2014J,01 October 2023,31 October 2023
430487,CCC,2014J,01 October 2023,31 October 2023
430806,CCC,2014J,01 October 2023,31 October 2023
432478,CCC,2014J,01 October 2023,31 October 2023
432724,CCC,2014J,01 October 2023,31 October 2023
433508,CCC,2014J,01 October 2023,31 October 2023
433794,CCC,2014J,01 October 2023,31 October 2023
434841,CCC,2014J,01 October 2023,31 October 2023
436900,CCC,2014J,01 October 2023,31 October 2023
437482,CCC,2014J,01 October 2023,31 October 2023
437968,CCC,2014J,01 October 2023,31 October 2023
439855,CCC,2014J,01 October 2023,31 October 2023
440103,CCC,2014J,01 October 2023,31 October 2023
440637,CCC,2014J,01 October 2023,31 October 2023
441024,CCC,2014J,01 October 2023,31 October 2023
442669,CCC,2014J,01 October 2023,31 October 2023
442823,CCC,2014J,01 October 2023,31 October 2023
442924,CCC,2014J,01 October 2023,31 October 2023
443837,CCC,2014J,01 October 2023,31 October 2023
443964,CCC,2014J,01 October 2023,31 October 2023
445114,CCC,2014J,01 October 2023,31 October 2023
445921,CCC,2014J,01 October 2023,31 October 2023
446439,CCC,2014J,01 October 2023,31 October 2023
446479,CCC,2014J,01 October 2023,31 October 2023
446778,CCC,2014J,01 October 2023,31 October 2023
447644,CCC,2014J,01 October 2023,31 October 2023
447695,CCC,2014J,01 October 2023,31 October 2023
448370,CCC,2014J,01 October 2023,31 October 2023
464732,CCC,2014J,01 October 2023,31 October 2023
464780,CCC,2014J,01 October 2023,31 October 2023
464924,CCC,2014J,01 October 2023,31 October 2023
464981,CCC,2014J,01 October 2023,31 October 2023
465281,CCC,2014J,01 October 2023,31 October 2023
465331,CCC,2014J,01 October 2023,31 October 2023
465577,CCC,2014J,01 October 2023,31 October 2023
465619,CCC,2014J,01 October 2023,31 October 2023
465732,CCC,2014J,01 October 2023,31 October 2023
465789,CCC,2014J,01 October 2023,31 October 2023
465900,CCC,2014J,01 October 2023,31 October 2023
466360,CCC,2014J,01 October 2023,31 October 2023
466372,CCC,2014J,01 October 2023,31 October 2023
466430,CCC,2014J,01 October 2023,31 October 2023
467144,CCC,2014J,01 October 2023,31 October 2023
467381,CCC,2014J,01 October 2023,31 October 2023
468623,CCC,2014J,01 October 2023,31 October 2023
468902,CCC,2014J,01 October 2023,31 October 2023
469281,CCC,2014J,01 October 2023,31 October 2023
469614,CCC,2014J,01 October 2023,31 October 2023
469887,CCC,2014J,01 October 2023,31 October 2023
470159,CCC,2014J,01 October 2023,31 October 2023
470253,CCC,2014J,01 October 2023,31 October 2023
470385,CCC,2014J,01 October 2023,31 October 2023
470617,CCC,2014J,01 October 2023,31 October 2023
470914,CCC,2014J,01 October 2023,31 October 2023
471027,CCC,2014J,01 October 2023,31 October 2023
471374,CCC,2014J,01 October 2023,31 October 2023
471810,CCC,2014J,01 October 2023,31 October 2023
471977,CCC,2014J,01 October 2023,31 October 2023
472290,CCC,2014J,01 October 2023,31 October 2023
472616,CCC,2014J,01 October 2023,31 October 2023
472651,CCC,2014J,01 October 2023,31 October 2023
472736,CCC,2014J,01 October 2023,31 October 2023
472762,CCC,2014J,01 October 2023,31 October 2023
473082,CCC,2014J,01 October 2023,31 October 2023
473491,CCC,2014J,01 October 2023,31 October 2023
474495,CCC,2014J,01 October 2023,31 October 2023
474628,CCC,2014J,01 October 2023,31 October 2023
475065,CCC,2014J,01 October 2023,31 October 2023
475163,CCC,2014J,01 October 2023,31 October 2023
475734,CCC,2014J,01 October 2023,31 October 2023
477099,CCC,2014J,01 October 2023,31 October 2023
477185,CCC,2014J,01 October 2023,31 October 2023
477246,CCC,2014J,01 October 2023,31 October 2023
477488,CCC,2014J,01 October 2023,31 October 2023
478346,CCC,2014J,01 October 2023,31 October 2023
478496,CCC,2014J,01 October 2023,31 October 2023
478513,CCC,2014J,01 October 2023,31 October 2023
478562,CCC,2014J,01 October 2023,31 October 2023
479522,CCC,2014J,01 October 2023,31 October 2023
479649,CCC,2014J,01 October 2023,31 October 2023
479987,CCC,2014J,01 October 2023,31 October 2023
480115,CCC,2014J,01 October 2023,31 October 2023
481169,CCC,2014J,01 October 2023,31 October 2023
481314,CCC,2014J,01 October 2023,31 October 2023
481350,CCC,2014J,01 October 2023,31 October 2023
481618,CCC,2014J,01 October 2023,31 October 2023
482145,CCC,2014J,01 October 2023,31 October 2023
482751,CCC,2014J,01 October 2023,31 October 2023
482868,CCC,2014J,01 October 2023,31 October 2023
482938,CCC,2014J,01 October 2023,31 October 2023
483543,CCC,2014J,01 October 2023,31 October 2023
483793,CCC,2014J,01 October 2023,31 October 2023
483858,CCC,2014J,01 October 2023,31 October 2023
484223,CCC,2014J,01 October 2023,31 October 2023
484435,CCC,2014J,01 October 2023,31 October 2023
485920,CCC,2014J,01 October 2023,31 October 2023
485949,CCC,2014J,01 October 2023,31 October 2023
486300,CCC,2014J,01 October 2023,31 October 2023
486877,CCC,2014J,01 October 2023,31 October 2023
487314,CCC,2014J,01 October 2023,31 October 2023
488192,CCC,2014J,01 October 2023,31 October 2023
488617,CCC,2014J,01 October 2023,31 October 2023
488755,CCC,2014J,01 October 2023,31 October 2023
489990,CCC,2014J,01 October 2023,31 October 2023
490313,CCC,2014J,01 October 2023,31 October 2023
490394,CCC,2014J,01 October 2023,31 October 2023
490443,CCC,2014J,01 October 2023,31 October 2023
490542,CCC,2014J,01 October 2023,31 October 2023
491033,CCC,2014J,01 October 2023,31 October 2023
491926,CCC,2014J,01 October 2023,31 October 2023
492020,CCC,2014J,01 October 2023,31 October 2023
492537,CCC,2014J,01 October 2023,31 October 2023
492613,CCC,2014J,01 October 2023,31 October 2023
493416,CCC,2014J,01 October 2023,31 October 2023
494211,CCC,2014J,01 October 2023,31 October 2023
494498,CCC,2014J,01 October 2023,31 October 2023
494829,CCC,2014J,01 October 2023,31 October 2023
494911,CCC,2014J,01 October 2023,31 October 2023
495438,CCC,2014J,01 October 2023,31 October 2023
496355,CCC,2014J,01 October 2023,31 October 2023
496530,CCC,2014J,01 October 2023,31 October 2023
496845,CCC,2014J,01 October 2023,31 October 2023
497536,CCC,2014J,01 October 2023,31 October 2023
497955,CCC,2014J,01 October 2023,31 October 2023
498236,CCC,2014J,01 October 2023,31 October 2023
498459,CCC,2014J,01 October 2023,31 October 2023
498602,CCC,2014J,01 October 2023,31 October 2023
498828,CCC,2014J,01 October 2023,31 October 2023
499420,CCC,2014J,01 October 2023,31 October 2023
499683,CCC,2014J,01 October 2023,31 October 2023
499703,CCC,2014J,01 October 2023,31 October 2023
499813,CCC,2014J,01 October 2023,31 October 2023
499848,CCC,2014J,01 October 2023,31 October 2023
500031,CCC,2014J,01 October 2023,31 October 2023
500339,CCC,2014J,01 October 2023,31 October 2023
500440,CCC,2014J,01 October 2023,31 October 2023
501146,CCC,2014J,01 October 2023,31 October 2023
501617,CCC,2014J,01 October 2023,31 October 2023
501867,CCC,2014J,01 October 2023,31 October 2023
501897,CCC,2014J,01 October 2023,31 October 2023
502004,CCC,2014J,01 October 2023,31 October 2023
502353,CCC,2014J,01 October 2023,31 October 2023
502356,CCC,2014J,01 October 2023,31 October 2023
502766,CCC,2014J,01 October 2023,31 October 2023
503400,CCC,2014J,01 October 2023,31 October 2023
503457,CCC,2014J,01 October 2023,31 October 2023
503610,CCC,2014J,01 October 2023,31 October 2023
503710,CCC,2014J,01 October 2023,31 October 2023
503779,CCC,2014J,01 October 2023,31 October 2023
504363,CCC,2014J,01 October 2023,31 October 2023
505108,CCC,2014J,01 October 2023,31 October 2023
505403,CCC,2014J,01 October 2023,31 October 2023
505700,CCC,2014J,01 October 2023,31 October 2023
505722,CCC,2014J,01 October 2023,31 October 2023
505930,CCC,2014J,01 October 2023,31 October 2023
506144,CCC,2014J,01 October 2023,31 October 2023
506543,CCC,2014J,01 October 2023,31 October 2023
506705,CCC,2014J,01 October 2023,31 October 2023
507031,CCC,2014J,01 October 2023,31 October 2023
507344,CCC,2014J,01 October 2023,31 October 2023
508244,CCC,2014J,01 October 2023,31 October 2023
508295,CCC,2014J,01 October 2023,31 October 2023
508637,CCC,2014J,01 October 2023,31 October 2023
508775,CCC,2014J,01 October 2023,31 October 2023
509148,CCC,2014J,01 October 2023,31 October 2023
509150,CCC,2014J,01 October 2023,31 October 2023
509177,CCC,2014J,01 October 2023,31 October 2023
509710,CCC,2014J,01 October 2023,31 October 2023
510054,CCC,2014J,01 October 2023,31 October 2023
510266,CCC,2014J,01 October 2023,31 October 2023
510401,CCC,2014J,01 October 2023,31 October 2023
510460,CCC,2014J,01 October 2023,31 October 2023
510846,CCC,2014J,01 October 2023,31 October 2023
511258,CCC,2014J,01 October 2023,31 October 2023
511350,CCC,2014J,01 October 2023,31 October 2023
511612,CCC,2014J,01 October 2023,31 October 2023
511859,CCC,2014J,01 October 2023,31 October 2023
512257,CCC,2014J,01 October 2023,31 October 2023
512259,CCC,2014J,01 October 2023,31 October 2023
512330,CCC,2014J,01 October 2023,31 October 2023
512546,CCC,2014J,01 October 2023,31 October 2023
512852,CCC,2014J,01 October 2023,31 October 2023
512861,CCC,2014J,01 October 2023,31 October 2023
513918,CCC,2014J,01 October 2023,31 October 2023
514504,CCC,2014J,01 October 2023,31 October 2023
515125,CCC,2014J,01 October 2023,31 October 2023
515426,CCC,2014J,01 October 2023,31 October 2023
515491,CCC,2014J,01 October 2023,31 October 2023
515734,CCC,2014J,01 October 2023,31 October 2023
515857,CCC,2014J,01 October 2023,31 October 2023
517223,CCC,2014J,01 October 2023,31 October 2023
517416,CCC,2014J,01 October 2023,31 October 2023
518134,CCC,2014J,01 October 2023,31 October 2023
518359,CCC,2014J,01 October 2023,31 October 2023
518503,CCC,2014J,01 October 2023,31 October 2023
519057,CCC,2014J,01 October 2023,31 October 2023
519116,CCC,2014J,01 October 2023,31 October 2023
519506,CCC,2014J,01 October 2023,31 October 2023
519684,CCC,2014J,01 October 2023,31 October 2023
519879,CCC,2014J,01 October 2023,31 October 2023
520077,CCC,2014J,01 October 2023,31 October 2023
520750,CCC,2014J,01 October 2023,31 October 2023
520854,CCC,2014J,01 October 2023,31 October 2023
521115,CCC,2014J,01 October 2023,31 October 2023
521292,CCC,2014J,01 October 2023,31 October 2023
522004,CCC,2014J,01 October 2023,31 October 2023
522257,CCC,2014J,01 October 2023,31 October 2023
522525,CCC,2014J,01 October 2023,31 October 2023
522534,CCC,2014J,01 October 2023,31 October 2023
522708,CCC,2014J,01 October 2023,31 October 2023
522754,CCC,2014J,01 October 2023,31 October 2023
522924,CCC,2014J,01 October 2023,31 October 2023
523334,CCC,2014J,01 October 2023,31 October 2023
523762,CCC,2014J,01 October 2023,31 October 2023
523817,CCC,2014J,01 October 2023,31 October 2023
523872,CCC,2014J,01 October 2023,31 October 2023
523944,CCC,2014J,01 October 2023,31 October 2023
524019,CCC,2014J,01 October 2023,31 October 2023
524170,CCC,2014J,01 October 2023,31 October 2023
524276,CCC,2014J,01 October 2023,31 October 2023
524431,CCC,2014J,01 October 2023,31 October 2023
524851,CCC,2014J,01 October 2023,31 October 2023
525060,CCC,2014J,01 October 2023,31 October 2023
526124,CCC,2014J,01 October 2023,31 October 2023
526132,CCC,2014J,01 October 2023,31 October 2023
526441,CCC,2014J,01 October 2023,31 October 2023
526601,CCC,2014J,01 October 2023,31 October 2023
526741,CCC,2014J,01 October 2023,31 October 2023
527958,CCC,2014J,01 October 2023,31 October 2023
528290,CCC,2014J,01 October 2023,31 October 2023
528506,CCC,2014J,01 October 2023,31 October 2023
528700,CCC,2014J,01 October 2023,31 October 2023
529179,CCC,2014J,01 October 2023,31 October 2023
529309,CCC,2014J,01 October 2023,31 October 2023
529512,CCC,2014J,01 October 2023,31 October 2023
529550,CCC,2014J,01 October 2023,31 October 2023
529723,CCC,2014J,01 October 2023,31 October 2023
529975,CCC,2014J,01 October 2023,31 October 2023
530663,CCC,2014J,01 October 2023,31 October 2023
531674,CCC,2014J,01 October 2023,31 October 2023
531896,CCC,2014J,01 October 2023,31 October 2023
532649,CCC,2014J,01 October 2023,31 October 2023
532744,CCC,2014J,01 October 2023,31 October 2023
532846,CCC,2014J,01 October 2023,31 October 2023
533006,CCC,2014J,01 October 2023,31 October 2023
533689,CCC,2014J,01 October 2023,31 October 2023
534093,CCC,2014J,01 October 2023,31 October 2023
534203,CCC,2014J,01 October 2023,31 October 2023
534733,CCC,2014J,01 October 2023,31 October 2023
535161,CCC,2014J,01 October 2023,31 October 2023
535259,CCC,2014J,01 October 2023,31 October 2023
535648,CCC,2014J,01 October 2023,31 October 2023
536276,CCC,2014J,01 October 2023,31 October 2023
536736,CCC,2014J,01 October 2023,31 October 2023
536825,CCC,2014J,01 October 2023,31 October 2023
537811,CCC,2014J,01 October 2023,31 October 2023
539408,CCC,2014J,01 October 2023,31 October 2023
539451,CCC,2014J,01 October 2023,31 October 2023
539727,CCC,2014J,01 October 2023,31 October 2023
540694,CCC,2014J,01 October 2023,31 October 2023
540885,CCC,2014J,01 October 2023,31 October 2023
541040,CCC,2014J,01 October 2023,31 October 2023
541482,CCC,2014J,01 October 2023,31 October 2023
541531,CCC,2014J,01 October 2023,31 October 2023
541538,CCC,2014J,01 October 2023,31 October 2023
541708,CCC,2014J,01 October 2023,31 October 2023
542054,CCC,2014J,01 October 2023,31 October 2023
542134,CCC,2014J,01 October 2023,31 October 2023
542167,CCC,2014J,01 October 2023,31 October 2023
542180,CCC,2014J,01 October 2023,31 October 2023
542557,CCC,2014J,01 October 2023,31 October 2023
543653,CCC,2014J,01 October 2023,31 October 2023
543788,CCC,2014J,01 October 2023,31 October 2023
543953,CCC,2014J,01 October 2023,31 October 2023
544052,CCC,2014J,01 October 2023,31 October 2023
544071,CCC,2014J,01 October 2023,31 October 2023
544267,CCC,2014J,01 October 2023,31 October 2023
544271,CCC,2014J,01 October 2023,31 October 2023
544319,CCC,2014J,01 October 2023,31 October 2023
544720,CCC,2014J,01 October 2023,31 October 2023
545118,CCC,2014J,01 October 2023,31 October 2023
545255,CCC,2014J,01 October 2023,31 October 2023
545493,CCC,2014J,01 October 2023,31 October 2023
545704,CCC,2014J,01 October 2023,31 October 2023
545758,CCC,2014J,01 October 2023,31 October 2023
546139,CCC,2014J,01 October 2023,31 October 2023
546634,CCC,2014J,01 October 2023,31 October 2023
546654,CCC,2014J,01 October 2023,31 October 2023
546934,CCC,2014J,01 October 2023,31 October 2023
547128,CCC,2014J,01 October 2023,31 October 2023
547153,CCC,2014J,01 October 2023,31 October 2023
547506,CCC,2014J,01 October 2023,31 October 2023
547612,CCC,2014J,01 October 2023,31 October 2023
548922,CCC,2014J,01 October 2023,31 October 2023
549113,CCC,2014J,01 October 2023,31 October 2023
549439,CCC,2014J,01 October 2023,31 October 2023
549677,CCC,2014J,01 October 2023,31 October 2023
549687,CCC,2014J,01 October 2023,31 October 2023
549706,CCC,2014J,01 October 2023,31 October 2023
549769,CCC,2014J,01 October 2023,31 October 2023
549783,CCC,2014J,01 October 2023,31 October 2023
549888,CCC,2014J,01 October 2023,31 October 2023
549922,CCC,2014J,01 October 2023,31 October 2023
550393,CCC,2014J,01 October 2023,31 October 2023
550702,CCC,2014J,01 October 2023,31 October 2023
550814,CCC,2014J,01 October 2023,31 October 2023
551158,CCC,2014J,01 October 2023,31 October 2023
551214,CCC,2014J,01 October 2023,31 October 2023
551220,CCC,2014J,01 October 2023,31 October 2023
551332,CCC,2014J,01 October 2023,31 October 2023
551397,CCC,2014J,01 October 2023,31 October 2023
551589,CCC,2014J,01 October 2023,31 October 2023
551772,CCC,2014J,01 October 2023,31 October 2023
551791,CCC,2014J,01 October 2023,31 October 2023
552220,CCC,2014J,01 October 2023,31 October 2023
552255,CCC,2014J,01 October 2023,31 October 2023
552475,CCC,2014J,01 October 2023,31 October 2023
552666,CCC,2014J,01 October 2023,31 October 2023
552965,CCC,2014J,01 October 2023,31 October 2023
553599,CCC,2014J,01 October 2023,31 October 2023
553719,CCC,2014J,01 October 2023,31 October 2023
554065,CCC,2014J,01 October 2023,31 October 2023
554266,CCC,2014J,01 October 2023,31 October 2023
554444,CCC,2014J,01 October 2023,31 October 2023
554459,CCC,2014J,01 October 2023,31 October 2023
554691,CCC,2014J,01 October 2023,31 October 2023
554761,CCC,2014J,01 October 2023,31 October 2023
555498,CCC,2014J,01 October 2023,31 October 2023
555760,CCC,2014J,01 October 2023,31 October 2023
555884,CCC,2014J,01 October 2023,31 October 2023
555989,CCC,2014J,01 October 2023,31 October 2023
556140,CCC,2014J,01 October 2023,31 October 2023
556251,CCC,2014J,01 October 2023,31 October 2023
556440,CCC,2014J,01 October 2023,31 October 2023
556450,CCC,2014J,01 October 2023,31 October 2023
556476,CCC,2014J,01 October 2023,31 October 2023
556645,CCC,2014J,01 October 2023,31 October 2023
556788,CCC,2014J,01 October 2023,31 October 2023
556824,CCC,2014J,01 October 2023,31 October 2023
557608,CCC,2014J,01 October 2023,31 October 2023
557650,CCC,2014J,01 October 2023,31 October 2023
557959,CCC,2014J,01 October 2023,31 October 2023
558440,CCC,2014J,01 October 2023,31 October 2023
558463,CCC,2014J,01 October 2023,31 October 2023
558839,CCC,2014J,01 October 2023,31 October 2023
559225,CCC,2014J,01 October 2023,31 October 2023
559518,CCC,2014J,01 October 2023,31 October 2023
559672,CCC,2014J,01 October 2023,31 October 2023
559863,CCC,2014J,01 October 2023,31 October 2023
560064,CCC,2014J,01 October 2023,31 October 2023
560065,CCC,2014J,01 October 2023,31 October 2023
560399,CCC,2014J,01 October 2023,31 October 2023
560554,CCC,2014J,01 October 2023,31 October 2023
560723,CCC,2014J,01 October 2023,31 October 2023
560879,CCC,2014J,01 October 2023,31 October 2023
561009,CCC,2014J,01 October 2023,31 October 2023
561113,CCC,2014J,01 October 2023,31 October 2023
561195,CCC,2014J,01 October 2023,31 October 2023
561208,CCC,2014J,01 October 2023,31 October 2023
561476,CCC,2014J,01 October 2023,31 October 2023
561560,CCC,2014J,01 October 2023,31 October 2023
561826,CCC,2014J,01 October 2023,31 October 2023
561848,CCC,2014J,01 October 2023,31 October 2023
561913,CCC,2014J,01 October 2023,31 October 2023
562437,CCC,2014J,01 October 2023,31 October 2023
562884,CCC,2014J,01 October 2023,31 October 2023
563016,CCC,2014J,01 October 2023,31 October 2023
563051,CCC,2014J,01 October 2023,31 October 2023
563230,CCC,2014J,01 October 2023,31 October 2023
563321,CCC,2014J,01 October 2023,31 October 2023
563430,CCC,2014J,01 October 2023,31 October 2023
563920,CCC,2014J,01 October 2023,31 October 2023
563951,CCC,2014J,01 October 2023,31 October 2023
564213,CCC,2014J,01 October 2023,31 October 2023
564356,CCC,2014J,01 October 2023,31 October 2023
564649,CCC,2014J,01 October 2023,31 October 2023
564714,CCC,2014J,01 October 2023,31 October 2023
564931,CCC,2014J,01 October 2023,31 October 2023
565066,CCC,2014J,01 October 2023,31 October 2023
565109,CCC,2014J,01 October 2023,31 October 2023
565605,CCC,2014J,01 October 2023,31 October 2023
565707,CCC,2014J,01 October 2023,31 October 2023
565743,CCC,2014J,01 October 2023,31 October 2023
565840,CCC,2014J,01 October 2023,31 October 2023
566135,CCC,2014J,01 October 2023,31 October 2023
566447,CCC,2014J,01 October 2023,31 October 2023
566464,CCC,2014J,01 October 2023,31 October 2023
566694,CCC,2014J,01 October 2023,31 October 2023
566938,CCC,2014J,01 October 2023,31 October 2023
566979,CCC,2014J,01 October 2023,31 October 2023
567152,CCC,2014J,01 October 2023,31 October 2023
567304,CCC,2014J,01 October 2023,31 October 2023
567451,CCC,2014J,01 October 2023,31 October 2023
567597,CCC,2014J,01 October 2023,31 October 2023
567719,CCC,2014J,01 October 2023,31 October 2023
567888,CCC,2014J,01 October 2023,31 October 2023
568307,CCC,2014J,01 October 2023,31 October 2023
568596,CCC,2014J,01 October 2023,31 October 2023
568691,CCC,2014J,01 October 2023,31 October 2023
568948,CCC,2014J,01 October 2023,31 October 2023
569049,CCC,2014J,01 October 2023,31 October 2023
569132,CCC,2014J,01 October 2023,31 October 2023
569277,CCC,2014J,01 October 2023,31 October 2023
569625,CCC,2014J,01 October 2023,31 October 2023
569944,CCC,2014J,01 October 2023,31 October 2023
570453,CCC,2014J,01 October 2023,31 October 2023
570491,CCC,2014J,01 October 2023,31 October 2023
570671,CCC,2014J,01 October 2023,31 October 2023
570717,CCC,2014J,01 October 2023,31 October 2023
570732,CCC,2014J,01 October 2023,31 October 2023
570757,CCC,2014J,01 October 2023,31 October 2023
570895,CCC,2014J,01 October 2023,31 October 2023
570954,CCC,2014J,01 October 2023,31 October 2023
570985,CCC,2014J,01 October 2023,31 October 2023
570997,CCC,2014J,01 October 2023,31 October 2023
571131,CCC,2014J,01 October 2023,31 October 2023
571610,CCC,2014J,01 October 2023,31 October 2023
571765,CCC,2014J,01 October 2023,31 October 2023
571808,CCC,2014J,01 October 2023,31 October 2023
571833,CCC,2014J,01 October 2023,31 October 2023
571921,CCC,2014J,01 October 2023,31 October 2023
571950,CCC,2014J,01 October 2023,31 October 2023
571962,CCC,2014J,01 October 2023,31 October 2023
572011,CCC,2014J,01 October 2023,31 October 2023
572098,CCC,2014J,01 October 2023,31 October 2023
572231,CCC,2014J,01 October 2023,31 October 2023
572250,CCC,2014J,01 October 2023,31 October 2023
572339,CCC,2014J,01 October 2023,31 October 2023
572396,CCC,2014J,01 October 2023,31 October 2023
572431,CCC,2014J,01 October 2023,31 October 2023
572537,CCC,2014J,01 October 2023,31 October 2023
572584,CCC,2014J,01 October 2023,31 October 2023
572588,CCC,2014J,01 October 2023,31 October 2023
572589,CCC,2014J,01 October 2023,31 October 2023
572599,CCC,2014J,01 October 2023,31 October 2023
572659,CCC,2014J,01 October 2023,31 October 2023
572735,CCC,2014J,01 October 2023,31 October 2023
572746,CCC,2014J,01 October 2023,31 October 2023
572754,CCC,2014J,01 October 2023,31 October 2023
572783,CCC,2014J,01 October 2023,31 October 2023
572816,CCC,2014J,01 October 2023,31 October 2023
572874,CCC,2014J,01 October 2023,31 October 2023
572919,CCC,2014J,01 October 2023,31 October 2023
573093,CCC,2014J,01 October 2023,31 October 2023
573473,CCC,2014J,01 October 2023,31 October 2023
573481,CCC,2014J,01 October 2023,31 October 2023
573689,CCC,2014J,01 October 2023,31 October 2023
573858,CCC,2014J,01 October 2023,31 October 2023
573920,CCC,2014J,01 October 2023,31 October 2023
573924,CCC,2014J,01 October 2023,31 October 2023
574056,CCC,2014J,01 October 2023,31 October 2023
574259,CCC,2014J,01 October 2023,31 October 2023
574310,CCC,2014J,01 October 2023,31 October 2023
574325,CCC,2014J,01 October 2023,31 October 2023
574507,CCC,2014J,01 October 2023,31 October 2023
574508,CCC,2014J,01 October 2023,31 October 2023
574586,CCC,2014J,01 October 2023,31 October 2023
574590,CCC,2014J,01 October 2023,31 October 2023
574637,CCC,2014J,01 October 2023,31 October 2023
574705,CCC,2014J,01 October 2023,31 October 2023
574720,CCC,2014J,01 October 2023,31 October 2023
574891,CCC,2014J,01 October 2023,31 October 2023
574928,CCC,2014J,01 October 2023,31 October 2023
575039,CCC,2014J,01 October 2023,31 October 2023
575047,CCC,2014J,01 October 2023,31 October 2023
575162,CCC,2014J,01 October 2023,31 October 2023
575258,CCC,2014J,01 October 2023,31 October 2023
575265,CCC,2014J,01 October 2023,31 October 2023
575398,CCC,2014J,01 October 2023,31 October 2023
575553,CCC,2014J,01 October 2023,31 October 2023
575763,CCC,2014J,01 October 2023,31 October 2023
575766,CCC,2014J,01 October 2023,31 October 2023
575798,CCC,2014J,01 October 2023,31 October 2023
576233,CCC,2014J,01 October 2023,31 October 2023
576251,CCC,2014J,01 October 2023,31 October 2023
576433,CCC,2014J,01 October 2023,31 October 2023
576439,CCC,2014J,01 October 2023,31 October 2023
576453,CCC,2014J,01 October 2023,31 October 2023
576541,CCC,2014J,01 October 2023,31 October 2023
576568,CCC,2014J,01 October 2023,31 October 2023
576791,CCC,2014J,01 October 2023,31 October 2023
576876,CCC,2014J,01 October 2023,31 October 2023
577148,CCC,2014J,01 October 2023,31 October 2023
577149,CCC,2014J,01 October 2023,31 October 2023
577235,CCC,2014J,01 October 2023,31 October 2023
577279,CCC,2014J,01 October 2023,31 October 2023
577458,CCC,2014J,01 October 2023,31 October 2023
577460,CCC,2014J,01 October 2023,31 October 2023
577551,CCC,2014J,01 October 2023,31 October 2023
577566,CCC,2014J,01 October 2023,31 October 2023
578000,CCC,2014J,01 October 2023,31 October 2023
578026,CCC,2014J,01 October 2023,31 October 2023
578634,CCC,2014J,01 October 2023,31 October 2023
578815,CCC,2014J,01 October 2023,31 October 2023
578820,CCC,2014J,01 October 2023,31 October 2023
579052,CCC,2014J,01 October 2023,31 October 2023
579176,CCC,2014J,01 October 2023,31 October 2023
579278,CCC,2014J,01 October 2023,31 October 2023
579283,CCC,2014J,01 October 2023,31 October 2023
579325,CCC,2014J,01 October 2023,31 October 2023
579362,CCC,2014J,01 October 2023,31 October 2023
579583,CCC,2014J,01 October 2023,31 October 2023
579614,CCC,2014J,01 October 2023,31 October 2023
580342,CCC,2014J,01 October 2023,31 October 2023
580384,CCC,2014J,01 October 2023,31 October 2023
580657,CCC,2014J,01 October 2023,31 October 2023
580709,CCC,2014J,01 October 2023,31 October 2023
580714,CCC,2014J,01 October 2023,31 October 2023
580798,CCC,2014J,01 October 2023,31 October 2023
580845,CCC,2014J,01 October 2023,31 October 2023
580916,CCC,2014J,01 October 2023,31 October 2023
581179,CCC,2014J,01 October 2023,31 October 2023
581247,CCC,2014J,01 October 2023,31 October 2023
581288,CCC,2014J,01 October 2023,31 October 2023
581316,CCC,2014J,01 October 2023,31 October 2023
581410,CCC,2014J,01 October 2023,31 October 2023
581552,CCC,2014J,01 October 2023,31 October 2023
581656,CCC,2014J,01 October 2023,31 October 2023
581676,CCC,2014J,01 October 2023,31 October 2023
581708,CCC,2014J,01 October 2023,31 October 2023
581770,CCC,2014J,01 October 2023,31 October 2023
581914,CCC,2014J,01 October 2023,31 October 2023
582320,CCC,2014J,01 October 2023,31 October 2023
582340,CCC,2014J,01 October 2023,31 October 2023
582395,CCC,2014J,01 October 2023,31 October 2023
582514,CCC,2014J,01 October 2023,31 October 2023
582530,CCC,2014J,01 October 2023,31 October 2023
582550,CCC,2014J,01 October 2023,31 October 2023
582651,CCC,2014J,01 October 2023,31 October 2023
583288,CCC,2014J,01 October 2023,31 October 2023
583293,CCC,2014J,01 October 2023,31 October 2023
583704,CCC,2014J,01 October 2023,31 October 2023
583993,CCC,2014J,01 October 2023,31 October 2023
584281,CCC,2014J,01 October 2023,31 October 2023
584386,CCC,2014J,01 October 2023,31 October 2023
584414,CCC,2014J,01 October 2023,31 October 2023
584443,CCC,2014J,01 October 2023,31 October 2023
584553,CCC,2014J,01 October 2023,31 October 2023
584711,CCC,2014J,01 October 2023,31 October 2023
584926,CCC,2014J,01 October 2023,31 October 2023
585098,CCC,2014J,01 October 2023,31 October 2023
585134,CCC,2014J,01 October 2023,31 October 2023
585154,CCC,2014J,01 October 2023,31 October 2023
585222,CCC,2014J,01 October 2023,31 October 2023
585359,CCC,2014J,01 October 2023,31 October 2023
585422,CCC,2014J,01 October 2023,31 October 2023
585526,CCC,2014J,01 October 2023,31 October 2023
585643,CCC,2014J,01 October 2023,31 October 2023
585662,CCC,2014J,01 October 2023,31 October 2023
585812,CCC,2014J,01 October 2023,31 October 2023
585911,CCC,2014J,01 October 2023,31 October 2023
586046,CCC,2014J,01 October 2023,31 October 2023
586047,CCC,2014J,01 October 2023,31 October 2023
586088,CCC,2014J,01 October 2023,31 October 2023
586227,CCC,2014J,01 October 2023,31 October 2023
586233,CCC,2014J,01 October 2023,31 October 2023
586261,CCC,2014J,01 October 2023,31 October 2023
586497,CCC,2014J,01 October 2023,31 October 2023
586550,CCC,2014J,01 October 2023,31 October 2023
586594,CCC,2014J,01 October 2023,31 October 2023
586668,CCC,2014J,01 October 2023,31 October 2023
586750,CCC,2014J,01 October 2023,31 October 2023
586762,CCC,2014J,01 October 2023,31 October 2023
586781,CCC,2014J,01 October 2023,31 October 2023
586808,CCC,2014J,01 October 2023,31 October 2023
586838,CCC,2014J,01 October 2023,31 October 2023
587008,CCC,2014J,01 October 2023,31 October 2023
587082,CCC,2014J,01 October 2023,31 October 2023
587195,CCC,2014J,01 October 2023,31 October 2023
587244,CCC,2014J,01 October 2023,31 October 2023
587377,CCC,2014J,01 October 2023,31 October 2023
587391,CCC,2014J,01 October 2023,31 October 2023
587547,CCC,2014J,01 October 2023,31 October 2023
587550,CCC,2014J,01 October 2023,31 October 2023
587641,CCC,2014J,01 October 2023,31 October 2023
587793,CCC,2014J,01 October 2023,31 October 2023
587881,CCC,2014J,01 October 2023,31 October 2023
587900,CCC,2014J,01 October 2023,31 October 2023
588033,CCC,2014J,01 October 2023,31 October 2023
588100,CCC,2014J,01 October 2023,31 October 2023
588170,CCC,2014J,01 October 2023,31 October 2023
588178,CCC,2014J,01 October 2023,31 October 2023
588261,CCC,2014J,01 October 2023,31 October 2023
588482,CCC,2014J,01 October 2023,31 October 2023
588493,CCC,2014J,01 October 2023,31 October 2023
588556,CCC,2014J,01 October 2023,31 October 2023
588566,CCC,2014J,01 October 2023,31 October 2023
588765,CCC,2014J,01 October 2023,31 October 2023
588824,CCC,2014J,01 October 2023,31 October 2023
588842,CCC,2014J,01 October 2023,31 October 2023
589223,CCC,2014J,01 October 2023,31 October 2023
589438,CCC,2014J,01 October 2023,31 October 2023
589441,CCC,2014J,01 October 2023,31 October 2023
589463,CCC,2014J,01 October 2023,31 October 2023
589523,CCC,2014J,01 October 2023,31 October 2023
589565,CCC,2014J,01 October 2023,31 October 2023
589634,CCC,2014J,01 October 2023,31 October 2023
589723,CCC,2014J,01 October 2023,31 October 2023
589778,CCC,2014J,01 October 2023,31 October 2023
589782,CCC,2014J,01 October 2023,31 October 2023
589956,CCC,2014J,01 October 2023,31 October 2023
590397,CCC,2014J,01 October 2023,31 October 2023
590519,CCC,2014J,01 October 2023,31 October 2023
590676,CCC,2014J,01 October 2023,31 October 2023
590886,CCC,2014J,01 October 2023,31 October 2023
591083,CCC,2014J,01 October 2023,31 October 2023
591230,CCC,2014J,01 October 2023,31 October 2023
591593,CCC,2014J,01 October 2023,31 October 2023
591733,CCC,2014J,01 October 2023,31 October 2023
591869,CCC,2014J,01 October 2023,31 October 2023
591891,CCC,2014J,01 October 2023,31 October 2023
592124,CCC,2014J,01 October 2023,31 October 2023
592310,CCC,2014J,01 October 2023,31 October 2023
592338,CCC,2014J,01 October 2023,31 October 2023
592372,CCC,2014J,01 October 2023,31 October 2023
592494,CCC,2014J,01 October 2023,31 October 2023
592625,CCC,2014J,01 October 2023,31 October 2023
592657,CCC,2014J,01 October 2023,31 October 2023
592731,CCC,2014J,01 October 2023,31 October 2023
592787,CCC,2014J,01 October 2023,31 October 2023
592805,CCC,2014J,01 October 2023,31 October 2023
592950,CCC,2014J,01 October 2023,31 October 2023
592951,CCC,2014J,01 October 2023,31 October 2023
592997,CCC,2014J,01 October 2023,31 October 2023
593022,CCC,2014J,01 October 2023,31 October 2023
593607,CCC,2014J,01 October 2023,31 October 2023
593657,CCC,2014J,01 October 2023,31 October 2023
594214,CCC,2014J,01 October 2023,31 October 2023
594319,CCC,2014J,01 October 2023,31 October 2023
594399,CCC,2014J,01 October 2023,31 October 2023
594627,CCC,2014J,01 October 2023,31 October 2023
594909,CCC,2014J,01 October 2023,31 October 2023
595106,CCC,2014J,01 October 2023,31 October 2023
595495,CCC,2014J,01 October 2023,31 October 2023
595553,CCC,2014J,01 October 2023,31 October 2023
595655,CCC,2014J,01 October 2023,31 October 2023
595746,CCC,2014J,01 October 2023,31 October 2023
595938,CCC,2014J,01 October 2023,31 October 2023
595988,CCC,2014J,01 October 2023,31 October 2023
596052,CCC,2014J,01 October 2023,31 October 2023
596245,CCC,2014J,01 October 2023,31 October 2023
596332,CCC,2014J,01 October 2023,31 October 2023
596441,CCC,2014J,01 October 2023,31 October 2023
596620,CCC,2014J,01 October 2023,31 October 2023
596711,CCC,2014J,01 October 2023,31 October 2023
596789,CCC,2014J,01 October 2023,31 October 2023
596812,CCC,2014J,01 October 2023,31 October 2023
596845,CCC,2014J,01 October 2023,31 October 2023
596846,CCC,2014J,01 October 2023,31 October 2023
596855,CCC,2014J,01 October 2023,31 October 2023
596860,CCC,2014J,01 October 2023,31 October 2023
596931,CCC,2014J,01 October 2023,31 October 2023
596981,CCC,2014J,01 October 2023,31 October 2023
597052,CCC,2014J,01 October 2023,31 October 2023
597166,CCC,2014J,01 October 2023,31 October 2023
597319,CCC,2014J,01 October 2023,31 October 2023
597365,CCC,2014J,01 October 2023,31 October 2023
597433,CCC,2014J,01 October 2023,31 October 2023
597436,CCC,2014J,01 October 2023,31 October 2023
597755,CCC,2014J,01 October 2023,31 October 2023
597948,CCC,2014J,01 October 2023,31 October 2023
598028,CCC,2014J,01 October 2023,31 October 2023
598102,CCC,2014J,01 October 2023,31 October 2023
598299,CCC,2014J,01 October 2023,31 October 2023
598478,CCC,2014J,01 October 2023,31 October 2023
598501,CCC,2014J,01 October 2023,31 October 2023
598665,CCC,2014J,01 October 2023,31 October 2023
598713,CCC,2014J,01 October 2023,31 October 2023
598751,CCC,2014J,01 October 2023,31 October 2023
598887,CCC,2014J,01 October 2023,31 October 2023
598963,CCC,2014J,01 October 2023,31 October 2023
598983,CCC,2014J,01 October 2023,31 October 2023
599084,CCC,2014J,01 October 2023,31 October 2023
599109,CCC,2014J,01 October 2023,31 October 2023
599169,CCC,2014J,01 October 2023,31 October 2023
599176,CCC,2014J,01 October 2023,31 October 2023
599297,CCC,2014J,01 October 2023,31 October 2023
599398,CCC,2014J,01 October 2023,31 October 2023
599429,CCC,2014J,01 October 2023,31 October 2023
599452,CCC,2014J,01 October 2023,31 October 2023
599461,CCC,2014J,01 October 2023,31 October 2023
599491,CCC,2014J,01 October 2023,31 October 2023
599663,CCC,2014J,01 October 2023,31 October 2023
599740,CCC,2014J,01 October 2023,31 October 2023
599976,CCC,2014J,01 October 2023,31 October 2023
600042,CCC,2014J,01 October 2023,31 October 2023
600067,CCC,2014J,01 October 2023,31 October 2023
600175,CCC,2014J,01 October 2023,31 October 2023
600350,CCC,2014J,01 October 2023,31 October 2023
600535,CCC,2014J,01 October 2023,31 October 2023
600796,CCC,2014J,01 October 2023,31 October 2023
600869,CCC,2014J,01 October 2023,31 October 2023
600898,CCC,2014J,01 October 2023,31 October 2023
601043,CCC,2014J,01 October 2023,31 October 2023
601054,CCC,2014J,01 October 2023,31 October 2023
601082,CCC,2014J,01 October 2023,31 October 2023
601234,CCC,2014J,01 October 2023,31 October 2023
601388,CCC,2014J,01 October 2023,31 October 2023
601431,CCC,2014J,01 October 2023,31 October 2023
601517,CCC,2014J,01 October 2023,31 October 2023
601566,CCC,2014J,01 October 2023,31 October 2023
601567,CCC,2014J,01 October 2023,31 October 2023
601653,CCC,2014J,01 October 2023,31 October 2023
601735,CCC,2014J,01 October 2023,31 October 2023
601753,CCC,2014J,01 October 2023,31 October 2023
601857,CCC,2014J,01 October 2023,31 October 2023
601956,CCC,2014J,01 October 2023,31 October 2023
602123,CCC,2014J,01 October 2023,31 October 2023
602151,CCC,2014J,01 October 2023,31 October 2023
602288,CCC,2014J,01 October 2023,31 October 2023
602533,CCC,2014J,01 October 2023,31 October 2023
602683,CCC,2014J,01 October 2023,31 October 2023
602806,CCC,2014J,01 October 2023,31 October 2023
602827,CCC,2014J,01 October 2023,31 October 2023
602856,CCC,2014J,01 October 2023,31 October 2023
602973,CCC,2014J,01 October 2023,31 October 2023
603049,CCC,2014J,01 October 2023,31 October 2023
603129,CCC,2014J,01 October 2023,31 October 2023
603179,CCC,2014J,01 October 2023,31 October 2023
603302,CCC,2014J,01 October 2023,31 October 2023
603325,CCC,2014J,01 October 2023,31 October 2023
603503,CCC,2014J,01 October 2023,31 October 2023
603529,CCC,2014J,01 October 2023,31 October 2023
603560,CCC,2014J,01 October 2023,31 October 2023
603620,CCC,2014J,01 October 2023,31 October 2023
603728,CCC,2014J,01 October 2023,31 October 2023
603979,CCC,2014J,01 October 2023,31 October 2023
604057,CCC,2014J,01 October 2023,31 October 2023
604340,CCC,2014J,01 October 2023,31 October 2023
604379,CCC,2014J,01 October 2023,31 October 2023
604694,CCC,2014J,01 October 2023,31 October 2023
604825,CCC,2014J,01 October 2023,31 October 2023
604991,CCC,2014J,01 October 2023,31 October 2023
605111,CCC,2014J,01 October 2023,31 October 2023
605264,CCC,2014J,01 October 2023,31 October 2023
605367,CCC,2014J,01 October 2023,31 October 2023
605459,CCC,2014J,01 October 2023,31 October 2023
605468,CCC,2014J,01 October 2023,31 October 2023
605540,CCC,2014J,01 October 2023,31 October 2023
605545,CCC,2014J,01 October 2023,31 October 2023
605666,CCC,2014J,01 October 2023,31 October 2023
605840,CCC,2014J,01 October 2023,31 October 2023
605868,CCC,2014J,01 October 2023,31 October 2023
606036,CCC,2014J,01 October 2023,31 October 2023
606064,CCC,2014J,01 October 2023,31 October 2023
606170,CCC,2014J,01 October 2023,31 October 2023
606182,CCC,2014J,01 October 2023,31 October 2023
606344,CCC,2014J,01 October 2023,31 October 2023
606345,CCC,2014J,01 October 2023,31 October 2023
607047,CCC,2014J,01 October 2023,31 October 2023
607085,CCC,2014J,01 October 2023,31 October 2023
607094,CCC,2014J,01 October 2023,31 October 2023
607143,CCC,2014J,01 October 2023,31 October 2023
607427,CCC,2014J,01 October 2023,31 October 2023
607429,CCC,2014J,01 October 2023,31 October 2023
607555,CCC,2014J,01 October 2023,31 October 2023
607600,CCC,2014J,01 October 2023,31 October 2023
607668,CCC,2014J,01 October 2023,31 October 2023
607812,CCC,2014J,01 October 2023,31 October 2023
607900,CCC,2014J,01 October 2023,31 October 2023
607947,CCC,2014J,01 October 2023,31 October 2023
608422,CCC,2014J,01 October 2023,31 October 2023
608423,CCC,2014J,01 October 2023,31 October 2023
608571,CCC,2014J,01 October 2023,31 October 2023
608669,CCC,2014J,01 October 2023,31 October 2023
608681,CCC,2014J,01 October 2023,31 October 2023
608746,CCC,2014J,01 October 2023,31 October 2023
608821,CCC,2014J,01 October 2023,31 October 2023
608891,CCC,2014J,01 October 2023,31 October 2023
608978,CCC,2014J,01 October 2023,31 October 2023
608983,CCC,2014J,01 October 2023,31 October 2023
609031,CCC,2014J,01 October 2023,31 October 2023
609044,CCC,2014J,01 October 2023,31 October 2023
609235,CCC,2014J,01 October 2023,31 October 2023
609456,CCC,2014J,01 October 2023,31 October 2023
609527,CCC,2014J,01 October 2023,31 October 2023
609537,CCC,2014J,01 October 2023,31 October 2023
609823,CCC,2014J,01 October 2023,31 October 2023
609852,CCC,2014J,01 October 2023,31 October 2023
609891,CCC,2014J,01 October 2023,31 October 2023
609969,CCC,2014J,01 October 2023,31 October 2023
610019,CCC,2014J,01 October 2023,31 October 2023
610033,CCC,2014J,01 October 2023,31 October 2023
610279,CCC,2014J,01 October 2023,31 October 2023
610285,CCC,2014J,01 October 2023,31 October 2023
610324,CCC,2014J,01 October 2023,31 October 2023
610537,CCC,2014J,01 October 2023,31 October 2023
610549,CCC,2014J,01 October 2023,31 October 2023
610622,CCC,2014J,01 October 2023,31 October 2023
610643,CCC,2014J,01 October 2023,31 October 2023
610650,CCC,2014J,01 October 2023,31 October 2023
610681,CCC,2014J,01 October 2023,31 October 2023
610684,CCC,2014J,01 October 2023,31 October 2023
610881,CCC,2014J,01 October 2023,31 October 2023
610904,CCC,2014J,01 October 2023,31 October 2023
611033,CCC,2014J,01 October 2023,31 October 2023
611173,CCC,2014J,01 October 2023,31 October 2023
611255,CCC,2014J,01 October 2023,31 October 2023
611407,CCC,2014J,01 October 2023,31 October 2023
611417,CCC,2014J,01 October 2023,31 October 2023
611465,CCC,2014J,01 October 2023,31 October 2023
611520,CCC,2014J,01 October 2023,31 October 2023
611542,CCC,2014J,01 October 2023,31 October 2023
611593,CCC,2014J,01 October 2023,31 October 2023
611813,CCC,2014J,01 October 2023,31 October 2023
611852,CCC,2014J,01 October 2023,31 October 2023
612127,CCC,2014J,01 October 2023,31 October 2023
612177,CCC,2014J,01 October 2023,31 October 2023
612179,CCC,2014J,01 October 2023,31 October 2023
612183,CCC,2014J,01 October 2023,31 October 2023
612187,CCC,2014J,01 October 2023,31 October 2023
612283,CCC,2014J,01 October 2023,31 October 2023
612327,CCC,2014J,01 October 2023,31 October 2023
612439,CCC,2014J,01 October 2023,31 October 2023
612449,CCC,2014J,01 October 2023,31 October 2023
612568,CCC,2014J,01 October 2023,31 October 2023
612798,CCC,2014J,01 October 2023,31 October 2023
613122,CCC,2014J,01 October 2023,31 October 2023
613237,CCC,2014J,01 October 2023,31 October 2023
613370,CCC,2014J,01 October 2023,31 October 2023
613644,CCC,2014J,01 October 2023,31 October 2023
613667,CCC,2014J,01 October 2023,31 October 2023
613806,CCC,2014J,01 October 2023,31 October 2023
613954,CCC,2014J,01 October 2023,31 October 2023
614300,CCC,2014J,01 October 2023,31 October 2023
614458,CCC,2014J,01 October 2023,31 October 2023
614623,CCC,2014J,01 October 2023,31 October 2023
614761,CCC,2014J,01 October 2023,31 October 2023
615075,CCC,2014J,01 October 2023,31 October 2023
615225,CCC,2014J,01 October 2023,31 October 2023
615241,CCC,2014J,01 October 2023,31 October 2023
615242,CCC,2014J,01 October 2023,31 October 2023
615426,CCC,2014J,01 October 2023,31 October 2023
616386,CCC,2014J,01 October 2023,31 October 2023
616646,CCC,2014J,01 October 2023,31 October 2023
616658,CCC,2014J,01 October 2023,31 October 2023
616789,CCC,2014J,01 October 2023,31 October 2023
616870,CCC,2014J,01 October 2023,31 October 2023
617130,CCC,2014J,01 October 2023,31 October 2023
617327,CCC,2014J,01 October 2023,31 October 2023
617341,CCC,2014J,01 October 2023,31 October 2023
617418,CCC,2014J,01 October 2023,31 October 2023
617740,CCC,2014J,01 October 2023,31 October 2023
618377,CCC,2014J,01 October 2023,31 October 2023
618513,CCC,2014J,01 October 2023,31 October 2023
618683,CCC,2014J,01 October 2023,31 October 2023
618777,CCC,2014J,01 October 2023,31 October 2023
618849,CCC,2014J,01 October 2023,31 October 2023
618865,CCC,2014J,01 October 2023,31 October 2023
618875,CCC,2014J,01 October 2023,31 October 2023
618982,CCC,2014J,01 October 2023,31 October 2023
619359,CCC,2014J,01 October 2023,31 October 2023
619380,CCC,2014J,01 October 2023,31 October 2023
619472,CCC,2014J,01 October 2023,31 October 2023
619503,CCC,2014J,01 October 2023,31 October 2023
619927,CCC,2014J,01 October 2023,31 October 2023
619928,CCC,2014J,01 October 2023,31 October 2023
620159,CCC,2014J,01 October 2023,31 October 2023
620231,CCC,2014J,01 October 2023,31 October 2023
620484,CCC,2014J,01 October 2023,31 October 2023
620608,CCC,2014J,01 October 2023,31 October 2023
620652,CCC,2014J,01 October 2023,31 October 2023
620716,CCC,2014J,01 October 2023,31 October 2023
620782,CCC,2014J,01 October 2023,31 October 2023
620819,CCC,2014J,01 October 2023,31 October 2023
621001,CCC,2014J,01 October 2023,31 October 2023
621380,CCC,2014J,01 October 2023,31 October 2023
621414,CCC,2014J,01 October 2023,31 October 2023
621442,CCC,2014J,01 October 2023,31 October 2023
621605,CCC,2014J,01 October 2023,31 October 2023
621699,CCC,2014J,01 October 2023,31 October 2023
621884,CCC,2014J,01 October 2023,31 October 2023
621906,CCC,2014J,01 October 2023,31 October 2023
622027,CCC,2014J,01 October 2023,31 October 2023
622086,CCC,2014J,01 October 2023,31 October 2023
622096,CCC,2014J,01 October 2023,31 October 2023
622192,CCC,2014J,01 October 2023,31 October 2023
622374,CCC,2014J,01 October 2023,31 October 2023
622384,CCC,2014J,01 October 2023,31 October 2023
622413,CCC,2014J,01 October 2023,31 October 2023
622425,CCC,2014J,01 October 2023,31 October 2023
622541,CCC,2014J,01 October 2023,31 October 2023
622686,CCC,2014J,01 October 2023,31 October 2023
622812,CCC,2014J,01 October 2023,31 October 2023
622890,CCC,2014J,01 October 2023,31 October 2023
622935,CCC,2014J,01 October 2023,31 October 2023
622972,CCC,2014J,01 October 2023,31 October 2023
622976,CCC,2014J,01 October 2023,31 October 2023
623002,CCC,2014J,01 October 2023,31 October 2023
623079,CCC,2014J,01 October 2023,31 October 2023
623100,CCC,2014J,01 October 2023,31 October 2023
623124,CCC,2014J,01 October 2023,31 October 2023
623221,CCC,2014J,01 October 2023,31 October 2023
623407,CCC,2014J,01 October 2023,31 October 2023
623484,CCC,2014J,01 October 2023,31 October 2023
623523,CCC,2014J,01 October 2023,31 October 2023
624092,CCC,2014J,01 October 2023,31 October 2023
624156,CCC,2014J,01 October 2023,31 October 2023
624209,CCC,2014J,01 October 2023,31 October 2023
624256,CCC,2014J,01 October 2023,31 October 2023
624469,CCC,2014J,01 October 2023,31 October 2023
624493,CCC,2014J,01 October 2023,31 October 2023
624585,CCC,2014J,01 October 2023,31 October 2023
624730,CCC,2014J,01 October 2023,31 October 2023
624789,CCC,2014J,01 October 2023,31 October 2023
624860,CCC,2014J,01 October 2023,31 October 2023
624927,CCC,2014J,01 October 2023,31 October 2023
624957,CCC,2014J,01 October 2023,31 October 2023
625067,CCC,2014J,01 October 2023,31 October 2023
625098,CCC,2014J,01 October 2023,31 October 2023
625100,CCC,2014J,01 October 2023,31 October 2023
625126,CCC,2014J,01 October 2023,31 October 2023
625218,CCC,2014J,01 October 2023,31 October 2023
625263,CCC,2014J,01 October 2023,31 October 2023
625288,CCC,2014J,01 October 2023,31 October 2023
625357,CCC,2014J,01 October 2023,31 October 2023
625541,CCC,2014J,01 October 2023,31 October 2023
625928,CCC,2014J,01 October 2023,31 October 2023
626103,CCC,2014J,01 October 2023,31 October 2023
626407,CCC,2014J,01 October 2023,31 October 2023
626463,CCC,2014J,01 October 2023,31 October 2023
626519,CCC,2014J,01 October 2023,31 October 2023
626753,CCC,2014J,01 October 2023,31 October 2023
626757,CCC,2014J,01 October 2023,31 October 2023
626768,CCC,2014J,01 October 2023,31 October 2023
626878,CCC,2014J,01 October 2023,31 October 2023
627184,CCC,2014J,01 October 2023,31 October 2023
627283,CCC,2014J,01 October 2023,31 October 2023
627290,CCC,2014J,01 October 2023,31 October 2023
627295,CCC,2014J,01 October 2023,31 October 2023
627401,CCC,2014J,01 October 2023,31 October 2023
627417,CCC,2014J,01 October 2023,31 October 2023
627450,CCC,2014J,01 October 2023,31 October 2023
627471,CCC,2014J,01 October 2023,31 October 2023
627527,CCC,2014J,01 October 2023,31 October 2023
627581,CCC,2014J,01 October 2023,31 October 2023
627599,CCC,2014J,01 October 2023,31 October 2023
628008,CCC,2014J,01 October 2023,31 October 2023
628034,CCC,2014J,01 October 2023,31 October 2023
628114,CCC,2014J,01 October 2023,31 October 2023
628216,CCC,2014J,01 October 2023,31 October 2023
628300,CCC,2014J,01 October 2023,31 October 2023
628361,CCC,2014J,01 October 2023,31 October 2023
628376,CCC,2014J,01 October 2023,31 October 2023
628407,CCC,2014J,01 October 2023,31 October 2023
628480,CCC,2014J,01 October 2023,31 October 2023
628618,CCC,2014J,01 October 2023,31 October 2023
628706,CCC,2014J,01 October 2023,31 October 2023
628717,CCC,2014J,01 October 2023,31 October 2023
628720,CCC,2014J,01 October 2023,31 October 2023
628777,CCC,2014J,01 October 2023,31 October 2023
628806,CCC,2014J,01 October 2023,31 October 2023
628910,CCC,2014J,01 October 2023,31 October 2023
629014,CCC,2014J,01 October 2023,31 October 2023
629056,CCC,2014J,01 October 2023,31 October 2023
629096,CCC,2014J,01 October 2023,31 October 2023
629400,CCC,2014J,01 October 2023,31 October 2023
629405,CCC,2014J,01 October 2023,31 October 2023
629523,CCC,2014J,01 October 2023,31 October 2023
629535,CCC,2014J,01 October 2023,31 October 2023
629607,CCC,2014J,01 October 2023,31 October 2023
629748,CCC,2014J,01 October 2023,31 October 2023
629822,CCC,2014J,01 October 2023,31 October 2023
630013,CCC,2014J,01 October 2023,31 October 2023
630073,CCC,2014J,01 October 2023,31 October 2023
630165,CCC,2014J,01 October 2023,31 October 2023
630177,CCC,2014J,01 October 2023,31 October 2023
630430,CCC,2014J,01 October 2023,31 October 2023
630431,CCC,2014J,01 October 2023,31 October 2023
630452,CCC,2014J,01 October 2023,31 October 2023
630467,CCC,2014J,01 October 2023,31 October 2023
630479,CCC,2014J,01 October 2023,31 October 2023
630510,CCC,2014J,01 October 2023,31 October 2023
630519,CCC,2014J,01 October 2023,31 October 2023
630541,CCC,2014J,01 October 2023,31 October 2023
630891,CCC,2014J,01 October 2023,31 October 2023
630905,CCC,2014J,01 October 2023,31 October 2023
630935,CCC,2014J,01 October 2023,31 October 2023
631016,CCC,2014J,01 October 2023,31 October 2023
631023,CCC,2014J,01 October 2023,31 October 2023
631073,CCC,2014J,01 October 2023,31 October 2023
631117,CCC,2014J,01 October 2023,31 October 2023
631247,CCC,2014J,01 October 2023,31 October 2023
631356,CCC,2014J,01 October 2023,31 October 2023
631491,CCC,2014J,01 October 2023,31 October 2023
631573,CCC,2014J,01 October 2023,31 October 2023
631663,CCC,2014J,01 October 2023,31 October 2023
631771,CCC,2014J,01 October 2023,31 October 2023
631851,CCC,2014J,01 October 2023,31 October 2023
631860,CCC,2014J,01 October 2023,31 October 2023
631870,CCC,2014J,01 October 2023,31 October 2023
631880,CCC,2014J,01 October 2023,31 October 2023
631924,CCC,2014J,01 October 2023,31 October 2023
632004,CCC,2014J,01 October 2023,31 October 2023
632083,CCC,2014J,01 October 2023,31 October 2023
632378,CCC,2014J,01 October 2023,31 October 2023
632389,CCC,2014J,01 October 2023,31 October 2023
632451,CCC,2014J,01 October 2023,31 October 2023
632575,CCC,2014J,01 October 2023,31 October 2023
632626,CCC,2014J,01 October 2023,31 October 2023
632700,CCC,2014J,01 October 2023,31 October 2023
632709,CCC,2014J,01 October 2023,31 October 2023
632756,CCC,2014J,01 October 2023,31 October 2023
632866,CCC,2014J,01 October 2023,31 October 2023
632904,CCC,2014J,01 October 2023,31 October 2023
632929,CCC,2014J,01 October 2023,31 October 2023
632942,CCC,2014J,01 October 2023,31 October 2023
633008,CCC,2014J,01 October 2023,31 October 2023
633047,CCC,2014J,01 October 2023,31 October 2023
633069,CCC,2014J,01 October 2023,31 October 2023
633157,CCC,2014J,01 October 2023,31 October 2023
633179,CCC,2014J,01 October 2023,31 October 2023
633198,CCC,2014J,01 October 2023,31 October 2023
633205,CCC,2014J,01 October 2023,31 October 2023
633238,CCC,2014J,01 October 2023,31 October 2023
633303,CCC,2014J,01 October 2023,31 October 2023
633328,CCC,2014J,01 October 2023,31 October 2023
633334,CCC,2014J,01 October 2023,31 October 2023
633504,CCC,2014J,01 October 2023,31 October 2023
633511,CCC,2014J,01 October 2023,31 October 2023
633544,CCC,2014J,01 October 2023,31 October 2023
633618,CCC,2014J,01 October 2023,31 October 2023
633634,CCC,2014J,01 October 2023,31 October 2023
633647,CCC,2014J,01 October 2023,31 October 2023
633655,CCC,2014J,01 October 2023,31 October 2023
633746,CCC,2014J,01 October 2023,31 October 2023
633756,CCC,2014J,01 October 2023,31 October 2023
633914,CCC,2014J,01 October 2023,31 October 2023
633960,CCC,2014J,01 October 2023,31 October 2023
633990,CCC,2014J,01 October 2023,31 October 2023
634111,CCC,2014J,01 October 2023,31 October 2023
634119,CCC,2014J,01 October 2023,31 October 2023
634193,CCC,2014J,01 October 2023,31 October 2023
634200,CCC,2014J,01 October 2023,31 October 2023
634309,CCC,2014J,01 October 2023,31 October 2023
634351,CCC,2014J,01 October 2023,31 October 2023
634365,CCC,2014J,01 October 2023,31 October 2023
634420,CCC,2014J,01 October 2023,31 October 2023
634536,CCC,2014J,01 October 2023,31 October 2023
634552,CCC,2014J,01 October 2023,31 October 2023
634600,CCC,2014J,01 October 2023,31 October 2023
634648,CCC,2014J,01 October 2023,31 October 2023
634721,CCC,2014J,01 October 2023,31 October 2023
634776,CCC,2014J,01 October 2023,31 October 2023
634817,CCC,2014J,01 October 2023,31 October 2023
634824,CCC,2014J,01 October 2023,31 October 2023
635410,CCC,2014J,01 October 2023,31 October 2023
635573,CCC,2014J,01 October 2023,31 October 2023
635711,CCC,2014J,01 October 2023,31 October 2023
635802,CCC,2014J,01 October 2023,31 October 2023
636000,CCC,2014J,01 October 2023,31 October 2023
636124,CCC,2014J,01 October 2023,31 October 2023
636243,CCC,2014J,01 October 2023,31 October 2023
636364,CCC,2014J,01 October 2023,31 October 2023
636387,CCC,2014J,01 October 2023,31 October 2023
636420,CCC,2014J,01 October 2023,31 October 2023
636422,CCC,2014J,01 October 2023,31 October 2023
636443,CCC,2014J,01 October 2023,31 October 2023
636628,CCC,2014J,01 October 2023,31 October 2023
636716,CCC,2014J,01 October 2023,31 October 2023
636732,CCC,2014J,01 October 2023,31 October 2023
636743,CCC,2014J,01 October 2023,31 October 2023
636783,CCC,2014J,01 October 2023,31 October 2023
636996,CCC,2014J,01 October 2023,31 October 2023
637070,CCC,2014J,01 October 2023,31 October 2023
637086,CCC,2014J,01 October 2023,31 October 2023
637089,CCC,2014J,01 October 2023,31 October 2023
637325,CCC,2014J,01 October 2023,31 October 2023
637691,CCC,2014J,01 October 2023,31 October 2023
637708,CCC,2014J,01 October 2023,31 October 2023
637754,CCC,2014J,01 October 2023,31 October 2023
637939,CCC,2014J,01 October 2023,31 October 2023
638018,CCC,2014J,01 October 2023,31 October 2023
638040,CCC,2014J,01 October 2023,31 October 2023
638243,CCC,2014J,01 October 2023,31 October 2023
638254,CCC,2014J,01 October 2023,31 October 2023
638426,CCC,2014J,01 October 2023,31 October 2023
638504,CCC,2014J,01 October 2023,31 October 2023
638771,CCC,2014J,01 October 2023,31 October 2023
639012,CCC,2014J,01 October 2023,31 October 2023
639176,CCC,2014J,01 October 2023,31 October 2023
639232,CCC,2014J,01 October 2023,31 October 2023
640109,CCC,2014J,01 October 2023,31 October 2023
640443,CCC,2014J,01 October 2023,31 October 2023
640662,CCC,2014J,01 October 2023,31 October 2023
640773,CCC,2014J,01 October 2023,31 October 2023
641347,CCC,2014J,01 October 2023,31 October 2023
641363,CCC,2014J,01 October 2023,31 October 2023
641684,CCC,2014J,01 October 2023,31 October 2023
641696,CCC,2014J,01 October 2023,31 October 2023
641804,CCC,2014J,01 October 2023,31 October 2023
642066,CCC,2014J,01 October 2023,31 October 2023
642261,CCC,2014J,01 October 2023,31 October 2023
642291,CCC,2014J,01 October 2023,31 October 2023
642591,CCC,2014J,01 October 2023,31 October 2023
642627,CCC,2014J,01 October 2023,31 October 2023
642744,CCC,2014J,01 October 2023,31 October 2023
642790,CCC,2014J,01 October 2023,31 October 2023
642817,CCC,2014J,01 October 2023,31 October 2023
642838,CCC,2014J,01 October 2023,31 October 2023
642839,CCC,2014J,01 October 2023,31 October 2023
642850,CCC,2014J,01 October 2023,31 October 2023
642902,CCC,2014J,01 October 2023,31 October 2023
643114,CCC,2014J,01 October 2023,31 October 2023
643199,CCC,2014J,01 October 2023,31 October 2023
643200,CCC,2014J,01 October 2023,31 October 2023
643269,CCC,2014J,01 October 2023,31 October 2023
643278,CCC,2014J,01 October 2023,31 October 2023
643309,CCC,2014J,01 October 2023,31 October 2023
643357,CCC,2014J,01 October 2023,31 October 2023
643403,CCC,2014J,01 October 2023,31 October 2023
643404,CCC,2014J,01 October 2023,31 October 2023
643416,CCC,2014J,01 October 2023,31 October 2023
643434,CCC,2014J,01 October 2023,31 October 2023
643457,CCC,2014J,01 October 2023,31 October 2023
643514,CCC,2014J,01 October 2023,31 October 2023
643568,CCC,2014J,01 October 2023,31 October 2023
643690,CCC,2014J,01 October 2023,31 October 2023
643757,CCC,2014J,01 October 2023,31 October 2023
643758,CCC,2014J,01 October 2023,31 October 2023
643770,CCC,2014J,01 October 2023,31 October 2023
644093,CCC,2014J,01 October 2023,31 October 2023
644242,CCC,2014J,01 October 2023,31 October 2023
644246,CCC,2014J,01 October 2023,31 October 2023
644369,CCC,2014J,01 October 2023,31 October 2023
644416,CCC,2014J,01 October 2023,31 October 2023
644453,CCC,2014J,01 October 2023,31 October 2023
644480,CCC,2014J,01 October 2023,31 October 2023
644516,CCC,2014J,01 October 2023,31 October 2023
644828,CCC,2014J,01 October 2023,31 October 2023
644848,CCC,2014J,01 October 2023,31 October 2023
644905,CCC,2014J,01 October 2023,31 October 2023
644951,CCC,2014J,01 October 2023,31 October 2023
644974,CCC,2014J,01 October 2023,31 October 2023
645124,CCC,2014J,01 October 2023,31 October 2023
645144,CCC,2014J,01 October 2023,31 October 2023
645160,CCC,2014J,01 October 2023,31 October 2023
645174,CCC,2014J,01 October 2023,31 October 2023
645216,CCC,2014J,01 October 2023,31 October 2023
645219,CCC,2014J,01 October 2023,31 October 2023
645334,CCC,2014J,01 October 2023,31 October 2023
645353,CCC,2014J,01 October 2023,31 October 2023
645369,CCC,2014J,01 October 2023,31 October 2023
645481,CCC,2014J,01 October 2023,31 October 2023
645586,CCC,2014J,01 October 2023,31 October 2023
645590,CCC,2014J,01 October 2023,31 October 2023
645698,CCC,2014J,01 October 2023,31 October 2023
645710,CCC,2014J,01 October 2023,31 October 2023
645770,CCC,2014J,01 October 2023,31 October 2023
645792,CCC,2014J,01 October 2023,31 October 2023
645835,CCC,2014J,01 October 2023,31 October 2023
645847,CCC,2014J,01 October 2023,31 October 2023
645867,CCC,2014J,01 October 2023,31 October 2023
645939,CCC,2014J,01 October 2023,31 October 2023
645948,CCC,2014J,01 October 2023,31 October 2023
646071,CCC,2014J,01 October 2023,31 October 2023
646077,CCC,2014J,01 October 2023,31 October 2023
646173,CCC,2014J,01 October 2023,31 October 2023
646351,CCC,2014J,01 October 2023,31 October 2023
646359,CCC,2014J,01 October 2023,31 October 2023
646363,CCC,2014J,01 October 2023,31 October 2023
646406,CCC,2014J,01 October 2023,31 October 2023
646413,CCC,2014J,01 October 2023,31 October 2023
646459,CCC,2014J,01 October 2023,31 October 2023
646481,CCC,2014J,01 October 2023,31 October 2023
646502,CCC,2014J,01 October 2023,31 October 2023
646547,CCC,2014J,01 October 2023,31 October 2023
646553,CCC,2014J,01 October 2023,31 October 2023
646589,CCC,2014J,01 October 2023,31 October 2023
646628,CCC,2014J,01 October 2023,31 October 2023
646689,CCC,2014J,01 October 2023,31 October 2023
646739,CCC,2014J,01 October 2023,31 October 2023
646747,CCC,2014J,01 October 2023,31 October 2023
646751,CCC,2014J,01 October 2023,31 October 2023
646841,CCC,2014J,01 October 2023,31 October 2023
646938,CCC,2014J,01 October 2023,31 October 2023
646998,CCC,2014J,01 October 2023,31 October 2023
647083,CCC,2014J,01 October 2023,31 October 2023
647148,CCC,2014J,01 October 2023,31 October 2023
647184,CCC,2014J,01 October 2023,31 October 2023
647195,CCC,2014J,01 October 2023,31 October 2023
647391,CCC,2014J,01 October 2023,31 October 2023
647406,CCC,2014J,01 October 2023,31 October 2023
647417,CCC,2014J,01 October 2023,31 October 2023
647464,CCC,2014J,01 October 2023,31 October 2023
647479,CCC,2014J,01 October 2023,31 October 2023
647518,CCC,2014J,01 October 2023,31 October 2023
647593,CCC,2014J,01 October 2023,31 October 2023
647645,CCC,2014J,01 October 2023,31 October 2023
647684,CCC,2014J,01 October 2023,31 October 2023
647735,CCC,2014J,01 October 2023,31 October 2023
647763,CCC,2014J,01 October 2023,31 October 2023
647865,CCC,2014J,01 October 2023,31 October 2023
647869,CCC,2014J,01 October 2023,31 October 2023
647887,CCC,2014J,01 October 2023,31 October 2023
647888,CCC,2014J,01 October 2023,31 October 2023
647947,CCC,2014J,01 October 2023,31 October 2023
648085,CCC,2014J,01 October 2023,31 October 2023
648140,CCC,2014J,01 October 2023,31 October 2023
648161,CCC,2014J,01 October 2023,31 October 2023
648250,CCC,2014J,01 October 2023,31 October 2023
648285,CCC,2014J,01 October 2023,31 October 2023
648314,CCC,2014J,01 October 2023,31 October 2023
648321,CCC,2014J,01 October 2023,31 October 2023
648354,CCC,2014J,01 October 2023,31 October 2023
648363,CCC,2014J,01 October 2023,31 October 2023
648369,CCC,2014J,01 October 2023,31 October 2023
648419,CCC,2014J,01 October 2023,31 October 2023
648448,CCC,2014J,01 October 2023,31 October 2023
648477,CCC,2014J,01 October 2023,31 October 2023
648521,CCC,2014J,01 October 2023,31 October 2023
648536,CCC,2014J,01 October 2023,31 October 2023
648590,CCC,2014J,01 October 2023,31 October 2023
648605,CCC,2014J,01 October 2023,31 October 2023
648606,CCC,2014J,01 October 2023,31 October 2023
648625,CCC,2014J,01 October 2023,31 October 2023
648649,CCC,2014J,01 October 2023,31 October 2023
648654,CCC,2014J,01 October 2023,31 October 2023
648781,CCC,2014J,01 October 2023,31 October 2023
648818,CCC,2014J,01 October 2023,31 October 2023
648819,CCC,2014J,01 October 2023,31 October 2023
648833,CCC,2014J,01 October 2023,31 October 2023
648854,CCC,2014J,01 October 2023,31 October 2023
648868,CCC,2014J,01 October 2023,31 October 2023
648872,CCC,2014J,01 October 2023,31 October 2023
648959,CCC,2014J,01 October 2023,31 October 2023
649001,CCC,2014J,01 October 2023,31 October 2023
649105,CCC,2014J,01 October 2023,31 October 2023
649129,CCC,2014J,01 October 2023,31 October 2023
649141,CCC,2014J,01 October 2023,31 October 2023
649215,CCC,2014J,01 October 2023,31 October 2023
649248,CCC,2014J,01 October 2023,31 October 2023
649343,CCC,2014J,01 October 2023,31 October 2023
649394,CCC,2014J,01 October 2023,31 October 2023
649413,CCC,2014J,01 October 2023,31 October 2023
649523,CCC,2014J,01 October 2023,31 October 2023
649592,CCC,2014J,01 October 2023,31 October 2023
649604,CCC,2014J,01 October 2023,31 October 2023
649607,CCC,2014J,01 October 2023,31 October 2023
649701,CCC,2014J,01 October 2023,31 October 2023
649761,CCC,2014J,01 October 2023,31 October 2023
649780,CCC,2014J,01 October 2023,31 October 2023
649816,CCC,2014J,01 October 2023,31 October 2023
649840,CCC,2014J,01 October 2023,31 October 2023
649856,CCC,2014J,01 October 2023,31 October 2023
649868,CCC,2014J,01 October 2023,31 October 2023
650070,CCC,2014J,01 October 2023,31 October 2023
650074,CCC,2014J,01 October 2023,31 October 2023
650085,CCC,2014J,01 October 2023,31 October 2023
650099,CCC,2014J,01 October 2023,31 October 2023
650105,CCC,2014J,01 October 2023,31 October 2023
650133,CCC,2014J,01 October 2023,31 October 2023
650145,CCC,2014J,01 October 2023,31 October 2023
650163,CCC,2014J,01 October 2023,31 October 2023
650271,CCC,2014J,01 October 2023,31 October 2023
650341,CCC,2014J,01 October 2023,31 October 2023
650370,CCC,2014J,01 October 2023,31 October 2023
650414,CCC,2014J,01 October 2023,31 October 2023
650424,CCC,2014J,01 October 2023,31 October 2023
650511,CCC,2014J,01 October 2023,31 October 2023
650544,CCC,2014J,01 October 2023,31 October 2023
650787,CCC,2014J,01 October 2023,31 October 2023
650838,CCC,2014J,01 October 2023,31 October 2023
650849,CCC,2014J,01 October 2023,31 October 2023
650850,CCC,2014J,01 October 2023,31 October 2023
650856,CCC,2014J,01 October 2023,31 October 2023
650863,CCC,2014J,01 October 2023,31 October 2023
650927,CCC,2014J,01 October 2023,31 October 2023
651058,CCC,2014J,01 October 2023,31 October 2023
651156,CCC,2014J,01 October 2023,31 October 2023
651159,CCC,2014J,01 October 2023,31 October 2023
651187,CCC,2014J,01 October 2023,31 October 2023
651217,CCC,2014J,01 October 2023,31 October 2023
651236,CCC,2014J,01 October 2023,31 October 2023
651267,CCC,2014J,01 October 2023,31 October 2023
651298,CCC,2014J,01 October 2023,31 October 2023
651325,CCC,2014J,01 October 2023,31 October 2023
651371,CCC,2014J,01 October 2023,31 October 2023
651423,CCC,2014J,01 October 2023,31 October 2023
651495,CCC,2014J,01 October 2023,31 October 2023
651508,CCC,2014J,01 October 2023,31 October 2023
651616,CCC,2014J,01 October 2023,31 October 2023
651651,CCC,2014J,01 October 2023,31 October 2023
651734,CCC,2014J,01 October 2023,31 October 2023
651759,CCC,2014J,01 October 2023,31 October 2023
651764,CCC,2014J,01 October 2023,31 October 2023
651823,CCC,2014J,01 October 2023,31 October 2023
651839,CCC,2014J,01 October 2023,31 October 2023
651850,CCC,2014J,01 October 2023,31 October 2023
651935,CCC,2014J,01 October 2023,31 October 2023
651963,CCC,2014J,01 October 2023,31 October 2023
652023,CCC,2014J,01 October 2023,31 October 2023
652406,CCC,2014J,01 October 2023,31 October 2023
652428,CCC,2014J,01 October 2023,31 October 2023
652501,CCC,2014J,01 October 2023,31 October 2023
652570,CCC,2014J,01 October 2023,31 October 2023
652571,CCC,2014J,01 October 2023,31 October 2023
652894,CCC,2014J,01 October 2023,31 October 2023
652902,CCC,2014J,01 October 2023,31 October 2023
652945,CCC,2014J,01 October 2023,31 October 2023
652971,CCC,2014J,01 October 2023,31 October 2023
652994,CCC,2014J,01 October 2023,31 October 2023
653062,CCC,2014J,01 October 2023,31 October 2023
653115,CCC,2014J,01 October 2023,31 October 2023
653127,CCC,2014J,01 October 2023,31 October 2023
653177,CCC,2014J,01 October 2023,31 October 2023
653278,CCC,2014J,01 October 2023,31 October 2023
653352,CCC,2014J,01 October 2023,31 October 2023
653452,CCC,2014J,01 October 2023,31 October 2023
653506,CCC,2014J,01 October 2023,31 October 2023
653700,CCC,2014J,01 October 2023,31 October 2023
653726,CCC,2014J,01 October 2023,31 October 2023
653821,CCC,2014J,01 October 2023,31 October 2023
653887,CCC,2014J,01 October 2023,31 October 2023
653977,CCC,2014J,01 October 2023,31 October 2023
653998,CCC,2014J,01 October 2023,31 October 2023
654000,CCC,2014J,01 October 2023,31 October 2023
654002,CCC,2014J,01 October 2023,31 October 2023
654016,CCC,2014J,01 October 2023,31 October 2023
654031,CCC,2014J,01 October 2023,31 October 2023
654095,CCC,2014J,01 October 2023,31 October 2023
654114,CCC,2014J,01 October 2023,31 October 2023
654188,CCC,2014J,01 October 2023,31 October 2023
654202,CCC,2014J,01 October 2023,31 October 2023
654258,CCC,2014J,01 October 2023,31 October 2023
654295,CCC,2014J,01 October 2023,31 October 2023
654322,CCC,2014J,01 October 2023,31 October 2023
654407,CCC,2014J,01 October 2023,31 October 2023
654504,CCC,2014J,01 October 2023,31 October 2023
654539,CCC,2014J,01 October 2023,31 October 2023
654646,CCC,2014J,01 October 2023,31 October 2023
654671,CCC,2014J,01 October 2023,31 October 2023
654755,CCC,2014J,01 October 2023,31 October 2023
654817,CCC,2014J,01 October 2023,31 October 2023
654828,CCC,2014J,01 October 2023,31 October 2023
654888,CCC,2014J,01 October 2023,31 October 2023
654915,CCC,2014J,01 October 2023,31 October 2023
654960,CCC,2014J,01 October 2023,31 October 2023
655051,CCC,2014J,01 October 2023,31 October 2023
655108,CCC,2014J,01 October 2023,31 October 2023
655293,CCC,2014J,01 October 2023,31 October 2023
655353,CCC,2014J,01 October 2023,31 October 2023
655378,CCC,2014J,01 October 2023,31 October 2023
655390,CCC,2014J,01 October 2023,31 October 2023
655408,CCC,2014J,01 October 2023,31 October 2023
655484,CCC,2014J,01 October 2023,31 October 2023
655498,CCC,2014J,01 October 2023,31 October 2023
655627,CCC,2014J,01 October 2023,31 October 2023
655761,CCC,2014J,01 October 2023,31 October 2023
655890,CCC,2014J,01 October 2023,31 October 2023
655919,CCC,2014J,01 October 2023,31 October 2023
655927,CCC,2014J,01 October 2023,31 October 2023
655953,CCC,2014J,01 October 2023,31 October 2023
655973,CCC,2014J,01 October 2023,31 October 2023
655988,CCC,2014J,01 October 2023,31 October 2023
656026,CCC,2014J,01 October 2023,31 October 2023
656068,CCC,2014J,01 October 2023,31 October 2023
656203,CCC,2014J,01 October 2023,31 October 2023
656277,CCC,2014J,01 October 2023,31 October 2023
656287,CCC,2014J,01 October 2023,31 October 2023
656340,CCC,2014J,01 October 2023,31 October 2023
656347,CCC,2014J,01 October 2023,31 October 2023
656535,CCC,2014J,01 October 2023,31 October 2023
656539,CCC,2014J,01 October 2023,31 October 2023
656634,CCC,2014J,01 October 2023,31 October 2023
656642,CCC,2014J,01 October 2023,31 October 2023
656683,CCC,2014J,01 October 2023,31 October 2023
656878,CCC,2014J,01 October 2023,31 October 2023
656929,CCC,2014J,01 October 2023,31 October 2023
656954,CCC,2014J,01 October 2023,31 October 2023
656978,CCC,2014J,01 October 2023,31 October 2023
657048,CCC,2014J,01 October 2023,31 October 2023
657050,CCC,2014J,01 October 2023,31 October 2023
657145,CCC,2014J,01 October 2023,31 October 2023
657210,CCC,2014J,01 October 2023,31 October 2023
657211,CCC,2014J,01 October 2023,31 October 2023
657285,CCC,2014J,01 October 2023,31 October 2023
657319,CCC,2014J,01 October 2023,31 October 2023
657352,CCC,2014J,01 October 2023,31 October 2023
665414,CCC,2014J,01 October 2023,31 October 2023
669530,CCC,2014J,01 October 2023,31 October 2023
674430,CCC,2014J,01 October 2023,31 October 2023
674497,CCC,2014J,01 October 2023,31 October 2023
674541,CCC,2014J,01 October 2023,31 October 2023
674699,CCC,2014J,01 October 2023,31 October 2023
674808,CCC,2014J,01 October 2023,31 October 2023
674814,CCC,2014J,01 October 2023,31 October 2023
674882,CCC,2014J,01 October 2023,31 October 2023
674965,CCC,2014J,01 October 2023,31 October 2023
675054,CCC,2014J,01 October 2023,31 October 2023
675063,CCC,2014J,01 October 2023,31 October 2023
675111,CCC,2014J,01 October 2023,31 October 2023
675374,CCC,2014J,01 October 2023,31 October 2023
675383,CCC,2014J,01 October 2023,31 October 2023
675396,CCC,2014J,01 October 2023,31 October 2023
675441,CCC,2014J,01 October 2023,31 October 2023
675442,CCC,2014J,01 October 2023,31 October 2023
675450,CCC,2014J,01 October 2023,31 October 2023
675477,CCC,2014J,01 October 2023,31 October 2023
675495,CCC,2014J,01 October 2023,31 October 2023
675504,CCC,2014J,01 October 2023,31 October 2023
675638,CCC,2014J,01 October 2023,31 October 2023
675758,CCC,2014J,01 October 2023,31 October 2023
675760,CCC,2014J,01 October 2023,31 October 2023
675823,CCC,2014J,01 October 2023,31 October 2023
675875,CCC,2014J,01 October 2023,31 October 2023
675902,CCC,2014J,01 October 2023,31 October 2023
675915,CCC,2014J,01 October 2023,31 October 2023
676138,CCC,2014J,01 October 2023,31 October 2023
676150,CCC,2014J,01 October 2023,31 October 2023
676366,CCC,2014J,01 October 2023,31 October 2023
676390,CCC,2014J,01 October 2023,31 October 2023
676469,CCC,2014J,01 October 2023,31 October 2023
676503,CCC,2014J,01 October 2023,31 October 2023
676526,CCC,2014J,01 October 2023,31 October 2023
676538,CCC,2014J,01 October 2023,31 October 2023
676650,CCC,2014J,01 October 2023,31 October 2023
676736,CCC,2014J,01 October 2023,31 October 2023
676760,CCC,2014J,01 October 2023,31 October 2023
676783,CCC,2014J,01 October 2023,31 October 2023
676884,CCC,2014J,01 October 2023,31 October 2023
676909,CCC,2014J,01 October 2023,31 October 2023
676916,CCC,2014J,01 October 2023,31 October 2023
676964,CCC,2014J,01 October 2023,31 October 2023
677006,CCC,2014J,01 October 2023,31 October 2023
677018,CCC,2014J,01 October 2023,31 October 2023
677085,CCC,2014J,01 October 2023,31 October 2023
677089,CCC,2014J,01 October 2023,31 October 2023
677270,CCC,2014J,01 October 2023,31 October 2023
677323,CCC,2014J,01 October 2023,31 October 2023
677349,CCC,2014J,01 October 2023,31 October 2023
677382,CCC,2014J,01 October 2023,31 October 2023
677459,CCC,2014J,01 October 2023,31 October 2023
677566,CCC,2014J,01 October 2023,31 October 2023
677641,CCC,2014J,01 October 2023,31 October 2023
677721,CCC,2014J,01 October 2023,31 October 2023
677741,CCC,2014J,01 October 2023,31 October 2023
677887,CCC,2014J,01 October 2023,31 October 2023
678088,CCC,2014J,01 October 2023,31 October 2023
678089,CCC,2014J,01 October 2023,31 October 2023
678090,CCC,2014J,01 October 2023,31 October 2023
678194,CCC,2014J,01 October 2023,31 October 2023
678203,CCC,2014J,01 October 2023,31 October 2023
678204,CCC,2014J,01 October 2023,31 October 2023
678339,CCC,2014J,01 October 2023,31 October 2023
678382,CCC,2014J,01 October 2023,31 October 2023
678393,CCC,2014J,01 October 2023,31 October 2023
678395,CCC,2014J,01 October 2023,31 October 2023
678408,CCC,2014J,01 October 2023,31 October 2023
678419,CCC,2014J,01 October 2023,31 October 2023
678474,CCC,2014J,01 October 2023,31 October 2023
678538,CCC,2014J,01 October 2023,31 October 2023
678790,CCC,2014J,01 October 2023,31 October 2023
678811,CCC,2014J,01 October 2023,31 October 2023
678843,CCC,2014J,01 October 2023,31 October 2023
678860,CCC,2014J,01 October 2023,31 October 2023
679037,CCC,2014J,01 October 2023,31 October 2023
679039,CCC,2014J,01 October 2023,31 October 2023
679114,CCC,2014J,01 October 2023,31 October 2023
679128,CCC,2014J,01 October 2023,31 October 2023
679179,CCC,2014J,01 October 2023,31 October 2023
679207,CCC,2014J,01 October 2023,31 October 2023
679271,CCC,2014J,01 October 2023,31 October 2023
679325,CCC,2014J,01 October 2023,31 October 2023
679363,CCC,2014J,01 October 2023,31 October 2023
679386,CCC,2014J,01 October 2023,31 October 2023
679431,CCC,2014J,01 October 2023,31 October 2023
679451,CCC,2014J,01 October 2023,31 October 2023
679468,CCC,2014J,01 October 2023,31 October 2023
679529,CCC,2014J,01 October 2023,31 October 2023
679539,CCC,2014J,01 October 2023,31 October 2023
679569,CCC,2014J,01 October 2023,31 October 2023
679599,CCC,2014J,01 October 2023,31 October 2023
679663,CCC,2014J,01 October 2023,31 October 2023
679733,CCC,2014J,01 October 2023,31 October 2023
679750,CCC,2014J,01 October 2023,31 October 2023
679886,CCC,2014J,01 October 2023,31 October 2023
679939,CCC,2014J,01 October 2023,31 October 2023
679959,CCC,2014J,01 October 2023,31 October 2023
680002,CCC,2014J,01 October 2023,31 October 2023
680027,CCC,2014J,01 October 2023,31 October 2023
680133,CCC,2014J,01 October 2023,31 October 2023
680145,CCC,2014J,01 October 2023,31 October 2023
680187,CCC,2014J,01 October 2023,31 October 2023
680222,CCC,2014J,01 October 2023,31 October 2023
680267,CCC,2014J,01 October 2023,31 October 2023
680333,CCC,2014J,01 October 2023,31 October 2023
680492,CCC,2014J,01 October 2023,31 October 2023
680602,CCC,2014J,01 October 2023,31 October 2023
680687,CCC,2014J,01 October 2023,31 October 2023
680698,CCC,2014J,01 October 2023,31 October 2023
680765,CCC,2014J,01 October 2023,31 October 2023
680804,CCC,2014J,01 October 2023,31 October 2023
680890,CCC,2014J,01 October 2023,31 October 2023
681165,CCC,2014J,01 October 2023,31 October 2023
681174,CCC,2014J,01 October 2023,31 October 2023
681235,CCC,2014J,01 October 2023,31 October 2023
681302,CCC,2014J,01 October 2023,31 October 2023
681335,CCC,2014J,01 October 2023,31 October 2023
681642,CCC,2014J,01 October 2023,31 October 2023
681704,CCC,2014J,01 October 2023,31 October 2023
681731,CCC,2014J,01 October 2023,31 October 2023
681789,CCC,2014J,01 October 2023,31 October 2023
681844,CCC,2014J,01 October 2023,31 October 2023
681966,CCC,2014J,01 October 2023,31 October 2023
682041,CCC,2014J,01 October 2023,31 October 2023
682212,CCC,2014J,01 October 2023,31 October 2023
682226,CCC,2014J,01 October 2023,31 October 2023
682259,CCC,2014J,01 October 2023,31 October 2023
682301,CCC,2014J,01 October 2023,31 October 2023
682309,CCC,2014J,01 October 2023,31 October 2023
682367,CCC,2014J,01 October 2023,31 October 2023
682414,CCC,2014J,01 October 2023,31 October 2023
682511,CCC,2014J,01 October 2023,31 October 2023
682565,CCC,2014J,01 October 2023,31 October 2023
682569,CCC,2014J,01 October 2023,31 October 2023
682717,CCC,2014J,01 October 2023,31 October 2023
682738,CCC,2014J,01 October 2023,31 October 2023
682961,CCC,2014J,01 October 2023,31 October 2023
683073,CCC,2014J,01 October 2023,31 October 2023
683203,CCC,2014J,01 October 2023,31 October 2023
683220,CCC,2014J,01 October 2023,31 October 2023
683373,CCC,2014J,01 October 2023,31 October 2023
683406,CCC,2014J,01 October 2023,31 October 2023
683449,CCC,2014J,01 October 2023,31 October 2023
683503,CCC,2014J,01 October 2023,31 October 2023
683625,CCC,2014J,01 October 2023,31 October 2023
683668,CCC,2014J,01 October 2023,31 October 2023
683777,CCC,2014J,01 October 2023,31 October 2023
683865,CCC,2014J,01 October 2023,31 October 2023
683912,CCC,2014J,01 October 2023,31 October 2023
684111,CCC,2014J,01 October 2023,31 October 2023
684208,CCC,2014J,01 October 2023,31 October 2023
684270,CCC,2014J,01 October 2023,31 October 2023
684313,CCC,2014J,01 October 2023,31 October 2023
684444,CCC,2014J,01 October 2023,31 October 2023
684498,CCC,2014J,01 October 2023,31 October 2023
684511,CCC,2014J,01 October 2023,31 October 2023
684514,CCC,2014J,01 October 2023,31 October 2023
684617,CCC,2014J,01 October 2023,31 October 2023
684643,CCC,2014J,01 October 2023,31 October 2023
684663,CCC,2014J,01 October 2023,31 October 2023
684669,CCC,2014J,01 October 2023,31 October 2023
684709,CCC,2014J,01 October 2023,31 October 2023
684905,CCC,2014J,01 October 2023,31 October 2023
684944,CCC,2014J,01 October 2023,31 October 2023
684990,CCC,2014J,01 October 2023,31 October 2023
685015,CCC,2014J,01 October 2023,31 October 2023
685098,CCC,2014J,01 October 2023,31 October 2023
685206,CCC,2014J,01 October 2023,31 October 2023
685212,CCC,2014J,01 October 2023,31 October 2023
685236,CCC,2014J,01 October 2023,31 October 2023
685287,CCC,2014J,01 October 2023,31 October 2023
685289,CCC,2014J,01 October 2023,31 October 2023
685399,CCC,2014J,01 October 2023,31 October 2023
685412,CCC,2014J,01 October 2023,31 October 2023
685458,CCC,2014J,01 October 2023,31 October 2023
685474,CCC,2014J,01 October 2023,31 October 2023
685487,CCC,2014J,01 October 2023,31 October 2023
685514,CCC,2014J,01 October 2023,31 October 2023
685557,CCC,2014J,01 October 2023,31 October 2023
685572,CCC,2014J,01 October 2023,31 October 2023
685597,CCC,2014J,01 October 2023,31 October 2023
685619,CCC,2014J,01 October 2023,31 October 2023
685663,CCC,2014J,01 October 2023,31 October 2023
685705,CCC,2014J,01 October 2023,31 October 2023
685750,CCC,2014J,01 October 2023,31 October 2023
685802,CCC,2014J,01 October 2023,31 October 2023
685849,CCC,2014J,01 October 2023,31 October 2023
685860,CCC,2014J,01 October 2023,31 October 2023
685871,CCC,2014J,01 October 2023,31 October 2023
685950,CCC,2014J,01 October 2023,31 October 2023
685952,CCC,2014J,01 October 2023,31 October 2023
685964,CCC,2014J,01 October 2023,31 October 2023
685988,CCC,2014J,01 October 2023,31 October 2023
686001,CCC,2014J,01 October 2023,31 October 2023
686003,CCC,2014J,01 October 2023,31 October 2023
686018,CCC,2014J,01 October 2023,31 October 2023
686034,CCC,2014J,01 October 2023,31 October 2023
686058,CCC,2014J,01 October 2023,31 October 2023
686071,CCC,2014J,01 October 2023,31 October 2023
686110,CCC,2014J,01 October 2023,31 October 2023
686268,CCC,2014J,01 October 2023,31 October 2023
686411,CCC,2014J,01 October 2023,31 October 2023
686515,CCC,2014J,01 October 2023,31 October 2023
686558,CCC,2014J,01 October 2023,31 October 2023
686584,CCC,2014J,01 October 2023,31 October 2023
686645,CCC,2014J,01 October 2023,31 October 2023
686797,CCC,2014J,01 October 2023,31 October 2023
686813,CCC,2014J,01 October 2023,31 October 2023
686877,CCC,2014J,01 October 2023,31 October 2023
686907,CCC,2014J,01 October 2023,31 October 2023
686957,CCC,2014J,01 October 2023,31 October 2023
687023,CCC,2014J,01 October 2023,31 October 2023
687146,CCC,2014J,01 October 2023,31 October 2023
687160,CCC,2014J,01 October 2023,31 October 2023
687190,CCC,2014J,01 October 2023,31 October 2023
687206,CCC,2014J,01 October 2023,31 October 2023
687216,CCC,2014J,01 October 2023,31 October 2023
687283,CCC,2014J,01 October 2023,31 October 2023
687310,CCC,2014J,01 October 2023,31 October 2023
687319,CCC,2014J,01 October 2023,31 October 2023
687345,CCC,2014J,01 October 2023,31 October 2023
687348,CCC,2014J,01 October 2023,31 October 2023
687686,CCC,2014J,01 October 2023,31 October 2023
687772,CCC,2014J,01 October 2023,31 October 2023
687844,CCC,2014J,01 October 2023,31 October 2023
687877,CCC,2014J,01 October 2023,31 October 2023
687953,CCC,2014J,01 October 2023,31 October 2023
687981,CCC,2014J,01 October 2023,31 October 2023
688028,CCC,2014J,01 October 2023,31 October 2023
688033,CCC,2014J,01 October 2023,31 October 2023
688117,CCC,2014J,01 October 2023,31 October 2023
688171,CCC,2014J,01 October 2023,31 October 2023
688271,CCC,2014J,01 October 2023,31 October 2023
688281,CCC,2014J,01 October 2023,31 October 2023
688297,CCC,2014J,01 October 2023,31 October 2023
688337,CCC,2014J,01 October 2023,31 October 2023
688356,CCC,2014J,01 October 2023,31 October 2023
688521,CCC,2014J,01 October 2023,31 October 2023
688533,CCC,2014J,01 October 2023,31 October 2023
688537,CCC,2014J,01 October 2023,31 October 2023
688672,CCC,2014J,01 October 2023,31 October 2023
688683,CCC,2014J,01 October 2023,31 October 2023
688707,CCC,2014J,01 October 2023,31 October 2023
688770,CCC,2014J,01 October 2023,31 October 2023
688776,CCC,2014J,01 October 2023,31 October 2023
688843,CCC,2014J,01 October 2023,31 October 2023
689004,CCC,2014J,01 October 2023,31 October 2023
689042,CCC,2014J,01 October 2023,31 October 2023
689050,CCC,2014J,01 October 2023,31 October 2023
689101,CCC,2014J,01 October 2023,31 October 2023
689143,CCC,2014J,01 October 2023,31 October 2023
689164,CCC,2014J,01 October 2023,31 October 2023
689190,CCC,2014J,01 October 2023,31 October 2023
689217,CCC,2014J,01 October 2023,31 October 2023
689246,CCC,2014J,01 October 2023,31 October 2023
689264,CCC,2014J,01 October 2023,31 October 2023
689346,CCC,2014J,01 October 2023,31 October 2023
689352,CCC,2014J,01 October 2023,31 October 2023
689399,CCC,2014J,01 October 2023,31 October 2023
689436,CCC,2014J,01 October 2023,31 October 2023
689527,CCC,2014J,01 October 2023,31 October 2023
689637,CCC,2014J,01 October 2023,31 October 2023
689759,CCC,2014J,01 October 2023,31 October 2023
689792,CCC,2014J,01 October 2023,31 October 2023
689807,CCC,2014J,01 October 2023,31 October 2023
689855,CCC,2014J,01 October 2023,31 October 2023
690046,CCC,2014J,01 October 2023,31 October 2023
690062,CCC,2014J,01 October 2023,31 October 2023
690365,CCC,2014J,01 October 2023,31 October 2023
690404,CCC,2014J,01 October 2023,31 October 2023
690406,CCC,2014J,01 October 2023,31 October 2023
690439,CCC,2014J,01 October 2023,31 October 2023
690507,CCC,2014J,01 October 2023,31 October 2023
690589,CCC,2014J,01 October 2023,31 October 2023
690631,CCC,2014J,01 October 2023,31 October 2023
690644,CCC,2014J,01 October 2023,31 October 2023
690695,CCC,2014J,01 October 2023,31 October 2023
690724,CCC,2014J,01 October 2023,31 October 2023
690733,CCC,2014J,01 October 2023,31 October 2023
690763,CCC,2014J,01 October 2023,31 October 2023
690948,CCC,2014J,01 October 2023,31 October 2023
690962,CCC,2014J,01 October 2023,31 October 2023
691008,CCC,2014J,01 October 2023,31 October 2023
691056,CCC,2014J,01 October 2023,31 October 2023
691069,CCC,2014J,01 October 2023,31 October 2023
691177,CCC,2014J,01 October 2023,31 October 2023
691195,CCC,2014J,01 October 2023,31 October 2023
691218,CCC,2014J,01 October 2023,31 October 2023
691257,CCC,2014J,01 October 2023,31 October 2023
691433,CCC,2014J,01 October 2023,31 October 2023
691550,CCC,2014J,01 October 2023,31 October 2023
691843,CCC,2014J,01 October 2023,31 October 2023
691926,CCC,2014J,01 October 2023,31 October 2023
691931,CCC,2014J,01 October 2023,31 October 2023
692105,CCC,2014J,01 October 2023,31 October 2023
692179,CCC,2014J,01 October 2023,31 October 2023
692219,CCC,2014J,01 October 2023,31 October 2023
692363,CCC,2014J,01 October 2023,31 October 2023
692490,CCC,2014J,01 October 2023,31 October 2023
692500,CCC,2014J,01 October 2023,31 October 2023
692603,CCC,2014J,01 October 2023,31 October 2023
692654,CCC,2014J,01 October 2023,31 October 2023
692850,CCC,2014J,01 October 2023,31 October 2023
692928,CCC,2014J,01 October 2023,31 October 2023
692933,CCC,2014J,01 October 2023,31 October 2023
693058,CCC,2014J,01 October 2023,31 October 2023
693111,CCC,2014J,01 October 2023,31 October 2023
693141,CCC,2014J,01 October 2023,31 October 2023
693147,CCC,2014J,01 October 2023,31 October 2023
693182,CCC,2014J,01 October 2023,31 October 2023
693204,CCC,2014J,01 October 2023,31 October 2023
693302,CCC,2014J,01 October 2023,31 October 2023
693340,CCC,2014J,01 October 2023,31 October 2023
693456,CCC,2014J,01 October 2023,31 October 2023
693747,CCC,2014J,01 October 2023,31 October 2023
693812,CCC,2014J,01 October 2023,31 October 2023
693836,CCC,2014J,01 October 2023,31 October 2023
693910,CCC,2014J,01 October 2023,31 October 2023
693938,CCC,2014J,01 October 2023,31 October 2023
693998,CCC,2014J,01 October 2023,31 October 2023
694103,CCC,2014J,01 October 2023,31 October 2023
694147,CCC,2014J,01 October 2023,31 October 2023
694150,CCC,2014J,01 October 2023,31 October 2023
694212,CCC,2014J,01 October 2023,31 October 2023
694361,CCC,2014J,01 October 2023,31 October 2023
694362,CCC,2014J,01 October 2023,31 October 2023
694472,CCC,2014J,01 October 2023,31 October 2023
694510,CCC,2014J,01 October 2023,31 October 2023
694523,CCC,2014J,01 October 2023,31 October 2023
694536,CCC,2014J,01 October 2023,31 October 2023
694563,CCC,2014J,01 October 2023,31 October 2023
694579,CCC,2014J,01 October 2023,31 October 2023
694680,CCC,2014J,01 October 2023,31 October 2023
694705,CCC,2014J,01 October 2023,31 October 2023
694726,CCC,2014J,01 October 2023,31 October 2023
694807,CCC,2014J,01 October 2023,31 October 2023
694860,CCC,2014J,01 October 2023,31 October 2023
694871,CCC,2014J,01 October 2023,31 October 2023
694914,CCC,2014J,01 October 2023,31 October 2023
695122,CCC,2014J,01 October 2023,31 October 2023
695232,CCC,2014J,01 October 2023,31 October 2023
695270,CCC,2014J,01 October 2023,31 October 2023
695340,CCC,2014J,01 October 2023,31 October 2023
695354,CCC,2014J,01 October 2023,31 October 2023
695369,CCC,2014J,01 October 2023,31 October 2023
695518,CCC,2014J,01 October 2023,31 October 2023
695643,CCC,2014J,01 October 2023,31 October 2023
695653,CCC,2014J,01 October 2023,31 October 2023
695673,CCC,2014J,01 October 2023,31 October 2023
695732,CCC,2014J,01 October 2023,31 October 2023
695760,CCC,2014J,01 October 2023,31 October 2023
695874,CCC,2014J,01 October 2023,31 October 2023
695915,CCC,2014J,01 October 2023,31 October 2023
695946,CCC,2014J,01 October 2023,31 October 2023
695976,CCC,2014J,01 October 2023,31 October 2023
696019,CCC,2014J,01 October 2023,31 October 2023
696234,CCC,2014J,01 October 2023,31 October 2023
696253,CCC,2014J,01 October 2023,31 October 2023
696271,CCC,2014J,01 October 2023,31 October 2023
696324,CCC,2014J,01 October 2023,31 October 2023
696357,CCC,2014J,01 October 2023,31 October 2023
696469,CCC,2014J,01 October 2023,31 October 2023
696501,CCC,2014J,01 October 2023,31 October 2023
696515,CCC,2014J,01 October 2023,31 October 2023
696696,CCC,2014J,01 October 2023,31 October 2023
696833,CCC,2014J,01 October 2023,31 October 2023
696848,CCC,2014J,01 October 2023,31 October 2023
696869,CCC,2014J,01 October 2023,31 October 2023
696930,CCC,2014J,01 October 2023,31 October 2023
697120,CCC,2014J,01 October 2023,31 October 2023
697253,CCC,2014J,01 October 2023,31 October 2023
697283,CCC,2014J,01 October 2023,31 October 2023
697460,CCC,2014J,01 October 2023,31 October 2023
697490,CCC,2014J,01 October 2023,31 October 2023
697511,CCC,2014J,01 October 2023,31 October 2023
697554,CCC,2014J,01 October 2023,31 October 2023
697567,CCC,2014J,01 October 2023,31 October 2023
697948,CCC,2014J,01 October 2023,31 October 2023
697998,CCC,2014J,01 October 2023,31 October 2023
698002,CCC,2014J,01 October 2023,31 October 2023
698024,CCC,2014J,01 October 2023,31 October 2023
698112,CCC,2014J,01 October 2023,31 October 2023
698299,CCC,2014J,01 October 2023,31 October 2023
698355,CCC,2014J,01 October 2023,31 October 2023
698359,CCC,2014J,01 October 2023,31 October 2023
698598,CCC,2014J,01 October 2023,31 October 2023
699370,CCC,2014J,01 October 2023,31 October 2023
857856,CCC,2014J,01 October 2023,31 October 2023
921739,CCC,2014J,01 October 2023,31 October 2023
941282,CCC,2014J,01 October 2023,31 October 2023
943374,CCC,2014J,01 October 2023,31 October 2023
973526,CCC,2014J,01 October 2023,31 October 2023
986561,CCC,2014J,01 October 2023,31 October 2023
1023623,CCC,2014J,01 October 2023,31 October 2023
1031884,CCC,2014J,01 October 2023,31 October 2023
1068316,CCC,2014J,01 October 2023,31 October 2023
1076015,CCC,2014J,01 October 2023,31 October 2023
1078701,CCC,2014J,01 October 2023,31 October 2023
1091274,CCC,2014J,01 October 2023,31 October 2023
1101190,CCC,2014J,01 October 2023,31 October 2023
1118218,CCC,2014J,01 October 2023,31 October 2023
1301103,CCC,2014J,01 October 2023,31 October 2023
1332356,CCC,2014J,01 October 2023,31 October 2023
1332514,CCC,2014J,01 October 2023,31 October 2023
1340760,CCC,2014J,01 October 2023,31 October 2023
1345808,CCC,2014J,01 October 2023,31 October 2023
1352733,CCC,2014J,01 October 2023,31 October 2023
1360953,CCC,2014J,01 October 2023,31 October 2023
1425806,CCC,2014J,01 October 2023,31 October 2023
1439723,CCC,2014J,01 October 2023,31 October 2023
1442981,CCC,2014J,01 October 2023,31 October 2023
1449245,CCC,2014J,01 October 2023,31 October 2023
1461795,CCC,2014J,01 October 2023,31 October 2023
1474903,CCC,2014J,01 October 2023,31 October 2023
1478030,CCC,2014J,01 October 2023,31 October 2023
1478775,CCC,2014J,01 October 2023,31 October 2023
1483632,CCC,2014J,01 October 2023,31 October 2023
1485702,CCC,2014J,01 October 2023,31 October 2023
1490624,CCC,2014J,01 October 2023,31 October 2023
1491894,CCC,2014J,01 October 2023,31 October 2023
1501577,CCC,2014J,01 October 2023,31 October 2023
1501614,CCC,2014J,01 October 2023,31 October 2023
1529458,CCC,2014J,01 October 2023,31 October 2023
1532840,CCC,2014J,01 October 2023,31 October 2023
1552044,CCC,2014J,01 October 2023,31 October 2023
1554143,CCC,2014J,01 October 2023,31 October 2023
1559964,CCC,2014J,01 October 2023,31 October 2023
1561750,CCC,2014J,01 October 2023,31 October 2023
1564630,CCC,2014J,01 October 2023,31 October 2023
1583847,CCC,2014J,01 October 2023,31 October 2023
1592048,CCC,2014J,01 October 2023,31 October 2023
1593442,CCC,2014J,01 October 2023,31 October 2023
1612600,CCC,2014J,01 October 2023,31 October 2023
1634278,CCC,2014J,01 October 2023,31 October 2023
1639743,CCC,2014J,01 October 2023,31 October 2023
1646172,CCC,2014J,01 October 2023,31 October 2023
1658963,CCC,2014J,01 October 2023,31 October 2023
1671022,CCC,2014J,01 October 2023,31 October 2023
1674799,CCC,2014J,01 October 2023,31 October 2023
1681946,CCC,2014J,01 October 2023,31 October 2023
1692156,CCC,2014J,01 October 2023,31 October 2023
1719166,CCC,2014J,01 October 2023,31 October 2023
1738582,CCC,2014J,01 October 2023,31 October 2023
1744800,CCC,2014J,01 October 2023,31 October 2023
1752098,CCC,2014J,01 October 2023,31 October 2023
1752813,CCC,2014J,01 October 2023,31 October 2023
1773925,CCC,2014J,01 October 2023,31 October 2023
1777834,CCC,2014J,01 October 2023,31 October 2023
1808622,CCC,2014J,01 October 2023,31 October 2023
1810414,CCC,2014J,01 October 2023,31 October 2023
1817515,CCC,2014J,01 October 2023,31 October 2023
1826819,CCC,2014J,01 October 2023,31 October 2023
1828753,CCC,2014J,01 October 2023,31 October 2023
1829051,CCC,2014J,01 October 2023,31 October 2023
1841850,CCC,2014J,01 October 2023,31 October 2023
1850818,CCC,2014J,01 October 2023,31 October 2023
1851108,CCC,2014J,01 October 2023,31 October 2023
1864086,CCC,2014J,01 October 2023,31 October 2023
1874160,CCC,2014J,01 October 2023,31 October 2023
1881041,CCC,2014J,01 October 2023,31 October 2023
1897054,CCC,2014J,01 October 2023,31 October 2023
1902240,CCC,2014J,01 October 2023,31 October 2023
1906003,CCC,2014J,01 October 2023,31 October 2023
1915824,CCC,2014J,01 October 2023,31 October 2023
1916140,CCC,2014J,01 October 2023,31 October 2023
1930949,CCC,2014J,01 October 2023,31 October 2023
1936285,CCC,2014J,01 October 2023,31 October 2023
1942491,CCC,2014J,01 October 2023,31 October 2023
1942870,CCC,2014J,01 October 2023,31 October 2023
1958121,CCC,2014J,01 October 2023,31 October 2023
1960479,CCC,2014J,01 October 2023,31 October 2023
1961938,CCC,2014J,01 October 2023,31 October 2023
1966597,CCC,2014J,01 October 2023,31 October 2023
1976004,CCC,2014J,01 October 2023,31 October 2023
1982166,CCC,2014J,01 October 2023,31 October 2023
1986081,CCC,2014J,01 October 2023,31 October 2023
1991399,CCC,2014J,01 October 2023,31 October 2023
1994385,CCC,2014J,01 October 2023,31 October 2023
2009279,CCC,2014J,01 October 2023,31 October 2023
2013403,CCC,2014J,01 October 2023,31 October 2023
2020916,CCC,2014J,01 October 2023,31 October 2023
2026585,CCC,2014J,01 October 2023,31 October 2023
2030241,CCC,2014J,01 October 2023,31 October 2023
2032057,CCC,2014J,01 October 2023,31 October 2023
2039190,CCC,2014J,01 October 2023,31 October 2023
2041743,CCC,2014J,01 October 2023,31 October 2023
2050179,CCC,2014J,01 October 2023,31 October 2023
2063436,CCC,2014J,01 October 2023,31 October 2023
2067377,CCC,2014J,01 October 2023,31 October 2023
2070517,CCC,2014J,01 October 2023,31 October 2023
2078353,CCC,2014J,01 October 2023,31 October 2023
2083701,CCC,2014J,01 October 2023,31 October 2023
2084711,CCC,2014J,01 October 2023,31 October 2023
2091230,CCC,2014J,01 October 2023,31 October 2023
2093150,CCC,2014J,01 October 2023,31 October 2023
2094849,CCC,2014J,01 October 2023,31 October 2023
2101566,CCC,2014J,01 October 2023,31 October 2023
2112670,CCC,2014J,01 October 2023,31 October 2023
2127889,CCC,2014J,01 October 2023,31 October 2023
2133234,CCC,2014J,01 October 2023,31 October 2023
2137171,CCC,2014J,01 October 2023,31 October 2023
2138146,CCC,2014J,01 October 2023,31 October 2023
2138904,CCC,2014J,01 October 2023,31 October 2023
2142055,CCC,2014J,01 October 2023,31 October 2023
2142516,CCC,2014J,01 October 2023,31 October 2023
2147889,CCC,2014J,01 October 2023,31 October 2023
2149324,CCC,2014J,01 October 2023,31 October 2023
2154220,CCC,2014J,01 October 2023,31 October 2023
2159868,CCC,2014J,01 October 2023,31 October 2023
2166000,CCC,2014J,01 October 2023,31 October 2023
2172136,CCC,2014J,01 October 2023,31 October 2023
2178686,CCC,2014J,01 October 2023,31 October 2023
2179304,CCC,2014J,01 October 2023,31 October 2023
2182333,CCC,2014J,01 October 2023,31 October 2023
2216442,CCC,2014J,01 October 2023,31 October 2023
2230407,CCC,2014J,01 October 2023,31 October 2023
2242383,CCC,2014J,01 October 2023,31 October 2023
2244214,CCC,2014J,01 October 2023,31 October 2023
2257112,CCC,2014J,01 October 2023,31 October 2023
2257740,CCC,2014J,01 October 2023,31 October 2023
2268049,CCC,2014J,01 October 2023,31 October 2023
2274929,CCC,2014J,01 October 2023,31 October 2023
2277009,CCC,2014J,01 October 2023,31 October 2023
2285527,CCC,2014J,01 October 2023,31 October 2023
2289145,CCC,2014J,01 October 2023,31 October 2023
2297770,CCC,2014J,01 October 2023,31 October 2023
2316201,CCC,2014J,01 October 2023,31 October 2023
2326041,CCC,2014J,01 October 2023,31 October 2023
2327472,CCC,2014J,01 October 2023,31 October 2023
2333156,CCC,2014J,01 October 2023,31 October 2023
2338535,CCC,2014J,01 October 2023,31 October 2023
2339333,CCC,2014J,01 October 2023,31 October 2023
2340786,CCC,2014J,01 October 2023,31 October 2023
2345751,CCC,2014J,01 October 2023,31 October 2023
2358258,CCC,2014J,01 October 2023,31 October 2023
2361633,CCC,2014J,01 October 2023,31 October 2023
2366117,CCC,2014J,01 October 2023,31 October 2023
2372788,CCC,2014J,01 October 2023,31 October 2023
2373648,CCC,2014J,01 October 2023,31 October 2023
2376512,CCC,2014J,01 October 2023,31 October 2023
2376717,CCC,2014J,01 October 2023,31 October 2023
2377769,CCC,2014J,01 October 2023,31 October 2023
2383983,CCC,2014J,01 October 2023,31 October 2023
2384666,CCC,2014J,01 October 2023,31 October 2023
2388623,CCC,2014J,01 October 2023,31 October 2023
2393945,CCC,2014J,01 October 2023,31 October 2023
2396985,CCC,2014J,01 October 2023,31 October 2023
2405801,CCC,2014J,01 October 2023,31 October 2023
2405934,CCC,2014J,01 October 2023,31 October 2023
2410609,CCC,2014J,01 October 2023,31 October 2023
2413037,CCC,2014J,01 October 2023,31 October 2023
2415526,CCC,2014J,01 October 2023,31 October 2023
2422258,CCC,2014J,01 October 2023,31 October 2023
2424697,CCC,2014J,01 October 2023,31 October 2023
2434666,CCC,2014J,01 October 2023,31 October 2023
2437591,CCC,2014J,01 October 2023,31 October 2023
2439239,CCC,2014J,01 October 2023,31 October 2023
2451523,CCC,2014J,01 October 2023,31 October 2023
2454119,CCC,2014J,01 October 2023,31 October 2023
2458925,CCC,2014J,01 October 2023,31 October 2023
2462607,CCC,2014J,01 October 2023,31 October 2023
2462628,CCC,2014J,01 October 2023,31 October 2023
2462862,CCC,2014J,01 October 2023,31 October 2023
2464118,CCC,2014J,01 October 2023,31 October 2023
2464386,CCC,2014J,01 October 2023,31 October 2023
2469688,CCC,2014J,01 October 2023,31 October 2023
2470326,CCC,2014J,01 October 2023,31 October 2023
2472995,CCC,2014J,01 October 2023,31 October 2023
2480654,CCC,2014J,01 October 2023,31 October 2023
2483382,CCC,2014J,01 October 2023,31 October 2023
2485655,CCC,2014J,01 October 2023,31 October 2023
2499779,CCC,2014J,01 October 2023,31 October 2023
2500064,CCC,2014J,01 October 2023,31 October 2023
2502882,CCC,2014J,01 October 2023,31 October 2023
2504694,CCC,2014J,01 October 2023,31 October 2023
2517389,CCC,2014J,01 October 2023,31 October 2023
2520539,CCC,2014J,01 October 2023,31 October 2023
2533650,CCC,2014J,01 October 2023,31 October 2023
2552412,CCC,2014J,01 October 2023,31 October 2023
2554973,CCC,2014J,01 October 2023,31 October 2023
2557563,CCC,2014J,01 October 2023,31 October 2023
2558071,CCC,2014J,01 October 2023,31 October 2023
2559144,CCC,2014J,01 October 2023,31 October 2023
2561862,CCC,2014J,01 October 2023,31 October 2023
2574909,CCC,2014J,01 October 2023,31 October 2023
2578004,CCC,2014J,01 October 2023,31 October 2023
2585270,CCC,2014J,01 October 2023,31 October 2023
2588294,CCC,2014J,01 October 2023,31 October 2023
2590948,CCC,2014J,01 October 2023,31 October 2023
2593689,CCC,2014J,01 October 2023,31 October 2023
2593755,CCC,2014J,01 October 2023,31 October 2023
2593920,CCC,2014J,01 October 2023,31 October 2023
2595204,CCC,2014J,01 October 2023,31 October 2023
2595526,CCC,2014J,01 October 2023,31 October 2023
2596553,CCC,2014J,01 October 2023,31 October 2023
2598631,CCC,2014J,01 October 2023,31 October 2023
2598961,CCC,2014J,01 October 2023,31 October 2023
2599883,CCC,2014J,01 October 2023,31 October 2023
2609069,CCC,2014J,01 October 2023,31 October 2023
2612725,CCC,2014J,01 October 2023,31 October 2023
2613225,CCC,2014J,01 October 2023,31 October 2023
2613746,CCC,2014J,01 October 2023,31 October 2023
2614093,CCC,2014J,01 October 2023,31 October 2023
2619025,CCC,2014J,01 October 2023,31 October 2023
2619472,CCC,2014J,01 October 2023,31 October 2023
2620661,CCC,2014J,01 October 2023,31 October 2023
2622441,CCC,2014J,01 October 2023,31 October 2023
2622627,CCC,2014J,01 October 2023,31 October 2023
2623427,CCC,2014J,01 October 2023,31 October 2023
2627491,CCC,2014J,01 October 2023,31 October 2023
2630469,CCC,2014J,01 October 2023,31 October 2023
2633981,CCC,2014J,01 October 2023,31 October 2023
2637000,CCC,2014J,01 October 2023,31 October 2023
2637912,CCC,2014J,01 October 2023,31 October 2023
2647893,CCC,2014J,01 October 2023,31 October 2023
2650741,CCC,2014J,01 October 2023,31 October 2023
2655763,CCC,2014J,01 October 2023,31 October 2023
2658314,CCC,2014J,01 October 2023,31 October 2023
2668106,CCC,2014J,01 October 2023,31 October 2023
2672114,CCC,2014J,01 October 2023,31 October 2023
2677097,CCC,2014J,01 October 2023,31 October 2023
2686712,CCC,2014J,01 October 2023,31 October 2023
2689013,CCC,2014J,01 October 2023,31 October 2023
2691861,CCC,2014J,01 October 2023,31 October 2023
24213,DDD,2013B,01 October 2023,31 October 2023
40419,DDD,2013B,01 October 2023,31 October 2023
41060,DDD,2013B,01 October 2023,31 October 2023
43284,DDD,2013B,01 October 2023,31 October 2023
52014,DDD,2013B,01 October 2023,31 October 2023
53488,DDD,2013B,01 October 2023,31 October 2023
53895,DDD,2013B,01 October 2023,31 October 2023
55242,DDD,2013B,01 October 2023,31 October 2023
57359,DDD,2013B,01 October 2023,31 October 2023
60135,DDD,2013B,01 October 2023,31 October 2023
66579,DDD,2013B,01 October 2023,31 October 2023
67602,DDD,2013B,01 October 2023,31 October 2023
67785,DDD,2013B,01 October 2023,31 October 2023
69491,DDD,2013B,01 October 2023,31 October 2023
72451,DDD,2013B,01 October 2023,31 October 2023
76536,DDD,2013B,01 October 2023,31 October 2023
77763,DDD,2013B,01 October 2023,31 October 2023
81351,DDD,2013B,01 October 2023,31 October 2023
87107,DDD,2013B,01 October 2023,31 October 2023
89051,DDD,2013B,01 October 2023,31 October 2023
90836,DDD,2013B,01 October 2023,31 October 2023
92775,DDD,2013B,01 October 2023,31 October 2023
94923,DDD,2013B,01 October 2023,31 October 2023
94964,DDD,2013B,01 October 2023,31 October 2023
95356,DDD,2013B,01 October 2023,31 October 2023
96592,DDD,2013B,01 October 2023,31 October 2023
96945,DDD,2013B,01 October 2023,31 October 2023
103904,DDD,2013B,01 October 2023,31 October 2023
108565,DDD,2013B,01 October 2023,31 October 2023
110200,DDD,2013B,01 October 2023,31 October 2023
111113,DDD,2013B,01 October 2023,31 October 2023
111360,DDD,2013B,01 October 2023,31 October 2023
112245,DDD,2013B,01 October 2023,31 October 2023
117435,DDD,2013B,01 October 2023,31 October 2023
117862,DDD,2013B,01 October 2023,31 October 2023
117939,DDD,2013B,01 October 2023,31 October 2023
121000,DDD,2013B,01 October 2023,31 October 2023
121390,DDD,2013B,01 October 2023,31 October 2023
124728,DDD,2013B,01 October 2023,31 October 2023
125677,DDD,2013B,01 October 2023,31 October 2023
126912,DDD,2013B,01 October 2023,31 October 2023
128678,DDD,2013B,01 October 2023,31 October 2023
128965,DDD,2013B,01 October 2023,31 October 2023
130003,DDD,2013B,01 October 2023,31 October 2023
131235,DDD,2013B,01 October 2023,31 October 2023
131609,DDD,2013B,01 October 2023,31 October 2023
134188,DDD,2013B,01 October 2023,31 October 2023
134336,DDD,2013B,01 October 2023,31 October 2023
137603,DDD,2013B,01 October 2023,31 October 2023
138709,DDD,2013B,01 October 2023,31 October 2023
141766,DDD,2013B,01 October 2023,31 October 2023
142819,DDD,2013B,01 October 2023,31 October 2023
142998,DDD,2013B,01 October 2023,31 October 2023
144923,DDD,2013B,01 October 2023,31 October 2023
146089,DDD,2013B,01 October 2023,31 October 2023
146651,DDD,2013B,01 October 2023,31 October 2023
147307,DDD,2013B,01 October 2023,31 October 2023
150578,DDD,2013B,01 October 2023,31 October 2023
157298,DDD,2013B,01 October 2023,31 October 2023
159596,DDD,2013B,01 October 2023,31 October 2023
159925,DDD,2013B,01 October 2023,31 October 2023
160005,DDD,2013B,01 October 2023,31 October 2023
160401,DDD,2013B,01 October 2023,31 October 2023
162984,DDD,2013B,01 October 2023,31 October 2023
165421,DDD,2013B,01 October 2023,31 October 2023
166342,DDD,2013B,01 October 2023,31 October 2023
166713,DDD,2013B,01 October 2023,31 October 2023
166988,DDD,2013B,01 October 2023,31 October 2023
167123,DDD,2013B,01 October 2023,31 October 2023
167717,DDD,2013B,01 October 2023,31 October 2023
168243,DDD,2013B,01 October 2023,31 October 2023
169894,DDD,2013B,01 October 2023,31 October 2023
173004,DDD,2013B,01 October 2023,31 October 2023
176092,DDD,2013B,01 October 2023,31 October 2023
177333,DDD,2013B,01 October 2023,31 October 2023
177817,DDD,2013B,01 October 2023,31 October 2023
177981,DDD,2013B,01 October 2023,31 October 2023
178639,DDD,2013B,01 October 2023,31 October 2023
179892,DDD,2013B,01 October 2023,31 October 2023
180667,DDD,2013B,01 October 2023,31 October 2023
180958,DDD,2013B,01 October 2023,31 October 2023
183714,DDD,2013B,01 October 2023,31 October 2023
184968,DDD,2013B,01 October 2023,31 October 2023
187623,DDD,2013B,01 October 2023,31 October 2023
191195,DDD,2013B,01 October 2023,31 October 2023
191398,DDD,2013B,01 October 2023,31 October 2023
191491,DDD,2013B,01 October 2023,31 October 2023
191896,DDD,2013B,01 October 2023,31 October 2023
191972,DDD,2013B,01 October 2023,31 October 2023
192196,DDD,2013B,01 October 2023,31 October 2023
196266,DDD,2013B,01 October 2023,31 October 2023
196902,DDD,2013B,01 October 2023,31 October 2023
198470,DDD,2013B,01 October 2023,31 October 2023
199782,DDD,2013B,01 October 2023,31 October 2023
200588,DDD,2013B,01 October 2023,31 October 2023
200957,DDD,2013B,01 October 2023,31 October 2023
202506,DDD,2013B,01 October 2023,31 October 2023
204996,DDD,2013B,01 October 2023,31 October 2023
227491,DDD,2013B,01 October 2023,31 October 2023
228242,DDD,2013B,01 October 2023,31 October 2023
228543,DDD,2013B,01 October 2023,31 October 2023
229057,DDD,2013B,01 October 2023,31 October 2023
230052,DDD,2013B,01 October 2023,31 October 2023
233389,DDD,2013B,01 October 2023,31 October 2023
233771,DDD,2013B,01 October 2023,31 October 2023
234859,DDD,2013B,01 October 2023,31 October 2023
234978,DDD,2013B,01 October 2023,31 October 2023
235492,DDD,2013B,01 October 2023,31 October 2023
235584,DDD,2013B,01 October 2023,31 October 2023
236498,DDD,2013B,01 October 2023,31 October 2023
240389,DDD,2013B,01 October 2023,31 October 2023
240755,DDD,2013B,01 October 2023,31 October 2023
240936,DDD,2013B,01 October 2023,31 October 2023
241771,DDD,2013B,01 October 2023,31 October 2023
241922,DDD,2013B,01 October 2023,31 October 2023
241971,DDD,2013B,01 October 2023,31 October 2023
244875,DDD,2013B,01 October 2023,31 October 2023
244919,DDD,2013B,01 October 2023,31 October 2023
246652,DDD,2013B,01 October 2023,31 October 2023
248511,DDD,2013B,01 October 2023,31 October 2023
248994,DDD,2013B,01 October 2023,31 October 2023
249423,DDD,2013B,01 October 2023,31 October 2023
249996,DDD,2013B,01 October 2023,31 October 2023
251999,DDD,2013B,01 October 2023,31 October 2023
252149,DDD,2013B,01 October 2023,31 October 2023
252489,DDD,2013B,01 October 2023,31 October 2023
255747,DDD,2013B,01 October 2023,31 October 2023
255902,DDD,2013B,01 October 2023,31 October 2023
257110,DDD,2013B,01 October 2023,31 October 2023
257369,DDD,2013B,01 October 2023,31 October 2023
258310,DDD,2013B,01 October 2023,31 October 2023
259750,DDD,2013B,01 October 2023,31 October 2023
260491,DDD,2013B,01 October 2023,31 October 2023
260639,DDD,2013B,01 October 2023,31 October 2023
262396,DDD,2013B,01 October 2023,31 October 2023
263524,DDD,2013B,01 October 2023,31 October 2023
266450,DDD,2013B,01 October 2023,31 October 2023
266514,DDD,2013B,01 October 2023,31 October 2023
266757,DDD,2013B,01 October 2023,31 October 2023
266762,DDD,2013B,01 October 2023,31 October 2023
270435,DDD,2013B,01 October 2023,31 October 2023
270468,DDD,2013B,01 October 2023,31 October 2023
270814,DDD,2013B,01 October 2023,31 October 2023
272313,DDD,2013B,01 October 2023,31 October 2023
273339,DDD,2013B,01 October 2023,31 October 2023
281118,DDD,2013B,01 October 2023,31 October 2023
281271,DDD,2013B,01 October 2023,31 October 2023
283783,DDD,2013B,01 October 2023,31 October 2023
284326,DDD,2013B,01 October 2023,31 October 2023
284734,DDD,2013B,01 October 2023,31 October 2023
285096,DDD,2013B,01 October 2023,31 October 2023
287432,DDD,2013B,01 October 2023,31 October 2023
287526,DDD,2013B,01 October 2023,31 October 2023
289564,DDD,2013B,01 October 2023,31 October 2023
291133,DDD,2013B,01 October 2023,31 October 2023
292694,DDD,2013B,01 October 2023,31 October 2023
292713,DDD,2013B,01 October 2023,31 October 2023
292741,DDD,2013B,01 October 2023,31 October 2023
297582,DDD,2013B,01 October 2023,31 October 2023
298497,DDD,2013B,01 October 2023,31 October 2023
304734,DDD,2013B,01 October 2023,31 October 2023
304893,DDD,2013B,01 October 2023,31 October 2023
305313,DDD,2013B,01 October 2023,31 October 2023
305702,DDD,2013B,01 October 2023,31 October 2023
307158,DDD,2013B,01 October 2023,31 October 2023
307290,DDD,2013B,01 October 2023,31 October 2023
307291,DDD,2013B,01 October 2023,31 October 2023
307932,DDD,2013B,01 October 2023,31 October 2023
308589,DDD,2013B,01 October 2023,31 October 2023
308767,DDD,2013B,01 October 2023,31 October 2023
309580,DDD,2013B,01 October 2023,31 October 2023
310865,DDD,2013B,01 October 2023,31 October 2023
311117,DDD,2013B,01 October 2023,31 October 2023
312518,DDD,2013B,01 October 2023,31 October 2023
316289,DDD,2013B,01 October 2023,31 October 2023
316772,DDD,2013B,01 October 2023,31 October 2023
320014,DDD,2013B,01 October 2023,31 October 2023
321525,DDD,2013B,01 October 2023,31 October 2023
321744,DDD,2013B,01 October 2023,31 October 2023
323146,DDD,2013B,01 October 2023,31 October 2023
324268,DDD,2013B,01 October 2023,31 October 2023
324691,DDD,2013B,01 October 2023,31 October 2023
325565,DDD,2013B,01 October 2023,31 October 2023
327024,DDD,2013B,01 October 2023,31 October 2023
327997,DDD,2013B,01 October 2023,31 October 2023
329689,DDD,2013B,01 October 2023,31 October 2023
329967,DDD,2013B,01 October 2023,31 October 2023
330067,DDD,2013B,01 October 2023,31 October 2023
331232,DDD,2013B,01 October 2023,31 October 2023
331351,DDD,2013B,01 October 2023,31 October 2023
333856,DDD,2013B,01 October 2023,31 October 2023
334294,DDD,2013B,01 October 2023,31 October 2023
335020,DDD,2013B,01 October 2023,31 October 2023
335264,DDD,2013B,01 October 2023,31 October 2023
335607,DDD,2013B,01 October 2023,31 October 2023
336112,DDD,2013B,01 October 2023,31 October 2023
336684,DDD,2013B,01 October 2023,31 October 2023
336696,DDD,2013B,01 October 2023,31 October 2023
337048,DDD,2013B,01 October 2023,31 October 2023
337414,DDD,2013B,01 October 2023,31 October 2023
338076,DDD,2013B,01 October 2023,31 October 2023
338669,DDD,2013B,01 October 2023,31 October 2023
339481,DDD,2013B,01 October 2023,31 October 2023
340399,DDD,2013B,01 October 2023,31 October 2023
342176,DDD,2013B,01 October 2023,31 October 2023
343427,DDD,2013B,01 October 2023,31 October 2023
344199,DDD,2013B,01 October 2023,31 October 2023
344474,DDD,2013B,01 October 2023,31 October 2023
344873,DDD,2013B,01 October 2023,31 October 2023
345257,DDD,2013B,01 October 2023,31 October 2023
345313,DDD,2013B,01 October 2023,31 October 2023
345568,DDD,2013B,01 October 2023,31 October 2023
347210,DDD,2013B,01 October 2023,31 October 2023
348790,DDD,2013B,01 October 2023,31 October 2023
349145,DDD,2013B,01 October 2023,31 October 2023
350398,DDD,2013B,01 October 2023,31 October 2023
350690,DDD,2013B,01 October 2023,31 October 2023
351512,DDD,2013B,01 October 2023,31 October 2023
354050,DDD,2013B,01 October 2023,31 October 2023
356257,DDD,2013B,01 October 2023,31 October 2023
357576,DDD,2013B,01 October 2023,31 October 2023
357595,DDD,2013B,01 October 2023,31 October 2023
358522,DDD,2013B,01 October 2023,31 October 2023
360492,DDD,2013B,01 October 2023,31 October 2023
360938,DDD,2013B,01 October 2023,31 October 2023
361209,DDD,2013B,01 October 2023,31 October 2023
361282,DDD,2013B,01 October 2023,31 October 2023
362037,DDD,2013B,01 October 2023,31 October 2023
362374,DDD,2013B,01 October 2023,31 October 2023
364021,DDD,2013B,01 October 2023,31 October 2023
364405,DDD,2013B,01 October 2023,31 October 2023
364440,DDD,2013B,01 October 2023,31 October 2023
365782,DDD,2013B,01 October 2023,31 October 2023
366024,DDD,2013B,01 October 2023,31 October 2023
368741,DDD,2013B,01 October 2023,31 October 2023
368749,DDD,2013B,01 October 2023,31 October 2023
370949,DDD,2013B,01 October 2023,31 October 2023
371044,DDD,2013B,01 October 2023,31 October 2023
371184,DDD,2013B,01 October 2023,31 October 2023
371831,DDD,2013B,01 October 2023,31 October 2023
373126,DDD,2013B,01 October 2023,31 October 2023
373369,DDD,2013B,01 October 2023,31 October 2023
375300,DDD,2013B,01 October 2023,31 October 2023
378953,DDD,2013B,01 October 2023,31 October 2023
379199,DDD,2013B,01 October 2023,31 October 2023
379861,DDD,2013B,01 October 2023,31 October 2023
380341,DDD,2013B,01 October 2023,31 October 2023
380919,DDD,2013B,01 October 2023,31 October 2023
381646,DDD,2013B,01 October 2023,31 October 2023
382339,DDD,2013B,01 October 2023,31 October 2023
382408,DDD,2013B,01 October 2023,31 October 2023
382497,DDD,2013B,01 October 2023,31 October 2023
382641,DDD,2013B,01 October 2023,31 October 2023
382947,DDD,2013B,01 October 2023,31 October 2023
383643,DDD,2013B,01 October 2023,31 October 2023
383701,DDD,2013B,01 October 2023,31 October 2023
384026,DDD,2013B,01 October 2023,31 October 2023
384246,DDD,2013B,01 October 2023,31 October 2023
386833,DDD,2013B,01 October 2023,31 October 2023
386880,DDD,2013B,01 October 2023,31 October 2023
387289,DDD,2013B,01 October 2023,31 October 2023
387335,DDD,2013B,01 October 2023,31 October 2023
387652,DDD,2013B,01 October 2023,31 October 2023
389076,DDD,2013B,01 October 2023,31 October 2023
389362,DDD,2013B,01 October 2023,31 October 2023
390210,DDD,2013B,01 October 2023,31 October 2023
390942,DDD,2013B,01 October 2023,31 October 2023
391185,DDD,2013B,01 October 2023,31 October 2023
391638,DDD,2013B,01 October 2023,31 October 2023
392021,DDD,2013B,01 October 2023,31 October 2023
393150,DDD,2013B,01 October 2023,31 October 2023
394028,DDD,2013B,01 October 2023,31 October 2023
394082,DDD,2013B,01 October 2023,31 October 2023
394979,DDD,2013B,01 October 2023,31 October 2023
395288,DDD,2013B,01 October 2023,31 October 2023
396633,DDD,2013B,01 October 2023,31 October 2023
397405,DDD,2013B,01 October 2023,31 October 2023
398199,DDD,2013B,01 October 2023,31 October 2023
399450,DDD,2013B,01 October 2023,31 October 2023
400451,DDD,2013B,01 October 2023,31 October 2023
400611,DDD,2013B,01 October 2023,31 October 2023
400630,DDD,2013B,01 October 2023,31 October 2023
400759,DDD,2013B,01 October 2023,31 October 2023
401486,DDD,2013B,01 October 2023,31 October 2023
402489,DDD,2013B,01 October 2023,31 October 2023
403902,DDD,2013B,01 October 2023,31 October 2023
404852,DDD,2013B,01 October 2023,31 October 2023
405426,DDD,2013B,01 October 2023,31 October 2023
405743,DDD,2013B,01 October 2023,31 October 2023
405784,DDD,2013B,01 October 2023,31 October 2023
406056,DDD,2013B,01 October 2023,31 October 2023
406498,DDD,2013B,01 October 2023,31 October 2023
406541,DDD,2013B,01 October 2023,31 October 2023
407595,DDD,2013B,01 October 2023,31 October 2023
407838,DDD,2013B,01 October 2023,31 October 2023
409091,DDD,2013B,01 October 2023,31 October 2023
409109,DDD,2013B,01 October 2023,31 October 2023
409766,DDD,2013B,01 October 2023,31 October 2023
409880,DDD,2013B,01 October 2023,31 October 2023
411001,DDD,2013B,01 October 2023,31 October 2023
412063,DDD,2013B,01 October 2023,31 October 2023
412431,DDD,2013B,01 October 2023,31 October 2023
412731,DDD,2013B,01 October 2023,31 October 2023
412754,DDD,2013B,01 October 2023,31 October 2023
412772,DDD,2013B,01 October 2023,31 October 2023
413580,DDD,2013B,01 October 2023,31 October 2023
413934,DDD,2013B,01 October 2023,31 October 2023
414304,DDD,2013B,01 October 2023,31 October 2023
414587,DDD,2013B,01 October 2023,31 October 2023
414758,DDD,2013B,01 October 2023,31 October 2023
414803,DDD,2013B,01 October 2023,31 October 2023
415695,DDD,2013B,01 October 2023,31 October 2023
415812,DDD,2013B,01 October 2023,31 October 2023
416000,DDD,2013B,01 October 2023,31 October 2023
416008,DDD,2013B,01 October 2023,31 October 2023
417242,DDD,2013B,01 October 2023,31 October 2023
417410,DDD,2013B,01 October 2023,31 October 2023
417974,DDD,2013B,01 October 2023,31 October 2023
418122,DDD,2013B,01 October 2023,31 October 2023
418490,DDD,2013B,01 October 2023,31 October 2023
418956,DDD,2013B,01 October 2023,31 October 2023
419273,DDD,2013B,01 October 2023,31 October 2023
420388,DDD,2013B,01 October 2023,31 October 2023
421221,DDD,2013B,01 October 2023,31 October 2023
422164,DDD,2013B,01 October 2023,31 October 2023
422768,DDD,2013B,01 October 2023,31 October 2023
423061,DDD,2013B,01 October 2023,31 October 2023
423386,DDD,2013B,01 October 2023,31 October 2023
423474,DDD,2013B,01 October 2023,31 October 2023
423757,DDD,2013B,01 October 2023,31 October 2023
423876,DDD,2013B,01 October 2023,31 October 2023
424987,DDD,2013B,01 October 2023,31 October 2023
425136,DDD,2013B,01 October 2023,31 October 2023
426059,DDD,2013B,01 October 2023,31 October 2023
426094,DDD,2013B,01 October 2023,31 October 2023
426137,DDD,2013B,01 October 2023,31 October 2023
426701,DDD,2013B,01 October 2023,31 October 2023
426871,DDD,2013B,01 October 2023,31 October 2023
428411,DDD,2013B,01 October 2023,31 October 2023
429833,DDD,2013B,01 October 2023,31 October 2023
430055,DDD,2013B,01 October 2023,31 October 2023
430279,DDD,2013B,01 October 2023,31 October 2023
430516,DDD,2013B,01 October 2023,31 October 2023
431005,DDD,2013B,01 October 2023,31 October 2023
432204,DDD,2013B,01 October 2023,31 October 2023
433151,DDD,2013B,01 October 2023,31 October 2023
433386,DDD,2013B,01 October 2023,31 October 2023
434767,DDD,2013B,01 October 2023,31 October 2023
434977,DDD,2013B,01 October 2023,31 October 2023
435101,DDD,2013B,01 October 2023,31 October 2023
435423,DDD,2013B,01 October 2023,31 October 2023
435780,DDD,2013B,01 October 2023,31 October 2023
436554,DDD,2013B,01 October 2023,31 October 2023
437281,DDD,2013B,01 October 2023,31 October 2023
437747,DDD,2013B,01 October 2023,31 October 2023
438244,DDD,2013B,01 October 2023,31 October 2023
438662,DDD,2013B,01 October 2023,31 October 2023
439013,DDD,2013B,01 October 2023,31 October 2023
439542,DDD,2013B,01 October 2023,31 October 2023
440375,DDD,2013B,01 October 2023,31 October 2023
440499,DDD,2013B,01 October 2023,31 October 2023
440857,DDD,2013B,01 October 2023,31 October 2023
441113,DDD,2013B,01 October 2023,31 October 2023
441132,DDD,2013B,01 October 2023,31 October 2023
441201,DDD,2013B,01 October 2023,31 October 2023
441302,DDD,2013B,01 October 2023,31 October 2023
441389,DDD,2013B,01 October 2023,31 October 2023
442131,DDD,2013B,01 October 2023,31 October 2023
442545,DDD,2013B,01 October 2023,31 October 2023
442865,DDD,2013B,01 October 2023,31 October 2023
442886,DDD,2013B,01 October 2023,31 October 2023
443055,DDD,2013B,01 October 2023,31 October 2023
443215,DDD,2013B,01 October 2023,31 October 2023
443297,DDD,2013B,01 October 2023,31 October 2023
443500,DDD,2013B,01 October 2023,31 October 2023
443842,DDD,2013B,01 October 2023,31 October 2023
444576,DDD,2013B,01 October 2023,31 October 2023
444713,DDD,2013B,01 October 2023,31 October 2023
445134,DDD,2013B,01 October 2023,31 October 2023
445573,DDD,2013B,01 October 2023,31 October 2023
446814,DDD,2013B,01 October 2023,31 October 2023
446836,DDD,2013B,01 October 2023,31 October 2023
447242,DDD,2013B,01 October 2023,31 October 2023
464596,DDD,2013B,01 October 2023,31 October 2023
464615,DDD,2013B,01 October 2023,31 October 2023
465068,DDD,2013B,01 October 2023,31 October 2023
465260,DDD,2013B,01 October 2023,31 October 2023
465399,DDD,2013B,01 October 2023,31 October 2023
465727,DDD,2013B,01 October 2023,31 October 2023
466158,DDD,2013B,01 October 2023,31 October 2023
466216,DDD,2013B,01 October 2023,31 October 2023
466990,DDD,2013B,01 October 2023,31 October 2023
467294,DDD,2013B,01 October 2023,31 October 2023
467413,DDD,2013B,01 October 2023,31 October 2023
467822,DDD,2013B,01 October 2023,31 October 2023
468672,DDD,2013B,01 October 2023,31 October 2023
468729,DDD,2013B,01 October 2023,31 October 2023
468808,DDD,2013B,01 October 2023,31 October 2023
469016,DDD,2013B,01 October 2023,31 October 2023
470119,DDD,2013B,01 October 2023,31 October 2023
470637,DDD,2013B,01 October 2023,31 October 2023
470921,DDD,2013B,01 October 2023,31 October 2023
471654,DDD,2013B,01 October 2023,31 October 2023
471781,DDD,2013B,01 October 2023,31 October 2023
472060,DDD,2013B,01 October 2023,31 October 2023
472180,DDD,2013B,01 October 2023,31 October 2023
472584,DDD,2013B,01 October 2023,31 October 2023
472949,DDD,2013B,01 October 2023,31 October 2023
473008,DDD,2013B,01 October 2023,31 October 2023
473640,DDD,2013B,01 October 2023,31 October 2023
474133,DDD,2013B,01 October 2023,31 October 2023
474153,DDD,2013B,01 October 2023,31 October 2023
474451,DDD,2013B,01 October 2023,31 October 2023
474464,DDD,2013B,01 October 2023,31 October 2023
474633,DDD,2013B,01 October 2023,31 October 2023
474740,DDD,2013B,01 October 2023,31 October 2023
474966,DDD,2013B,01 October 2023,31 October 2023
475480,DDD,2013B,01 October 2023,31 October 2023
475604,DDD,2013B,01 October 2023,31 October 2023
475619,DDD,2013B,01 October 2023,31 October 2023
475883,DDD,2013B,01 October 2023,31 October 2023
475897,DDD,2013B,01 October 2023,31 October 2023
476041,DDD,2013B,01 October 2023,31 October 2023
476093,DDD,2013B,01 October 2023,31 October 2023
476637,DDD,2013B,01 October 2023,31 October 2023
476910,DDD,2013B,01 October 2023,31 October 2023
476964,DDD,2013B,01 October 2023,31 October 2023
477160,DDD,2013B,01 October 2023,31 October 2023
477451,DDD,2013B,01 October 2023,31 October 2023
477517,DDD,2013B,01 October 2023,31 October 2023
478213,DDD,2013B,01 October 2023,31 October 2023
478744,DDD,2013B,01 October 2023,31 October 2023
479347,DDD,2013B,01 October 2023,31 October 2023
480207,DDD,2013B,01 October 2023,31 October 2023
480225,DDD,2013B,01 October 2023,31 October 2023
480972,DDD,2013B,01 October 2023,31 October 2023
481549,DDD,2013B,01 October 2023,31 October 2023
482117,DDD,2013B,01 October 2023,31 October 2023
482856,DDD,2013B,01 October 2023,31 October 2023
483470,DDD,2013B,01 October 2023,31 October 2023
483818,DDD,2013B,01 October 2023,31 October 2023
483869,DDD,2013B,01 October 2023,31 October 2023
484266,DDD,2013B,01 October 2023,31 October 2023
484754,DDD,2013B,01 October 2023,31 October 2023
484816,DDD,2013B,01 October 2023,31 October 2023
484999,DDD,2013B,01 October 2023,31 October 2023
485464,DDD,2013B,01 October 2023,31 October 2023
485519,DDD,2013B,01 October 2023,31 October 2023
485532,DDD,2013B,01 October 2023,31 October 2023
485766,DDD,2013B,01 October 2023,31 October 2023
485943,DDD,2013B,01 October 2023,31 October 2023
487247,DDD,2013B,01 October 2023,31 October 2023
487267,DDD,2013B,01 October 2023,31 October 2023
487711,DDD,2013B,01 October 2023,31 October 2023
488694,DDD,2013B,01 October 2023,31 October 2023
489291,DDD,2013B,01 October 2023,31 October 2023
489313,DDD,2013B,01 October 2023,31 October 2023
491106,DDD,2013B,01 October 2023,31 October 2023
491108,DDD,2013B,01 October 2023,31 October 2023
491693,DDD,2013B,01 October 2023,31 October 2023
491757,DDD,2013B,01 October 2023,31 October 2023
491885,DDD,2013B,01 October 2023,31 October 2023
491914,DDD,2013B,01 October 2023,31 October 2023
492177,DDD,2013B,01 October 2023,31 October 2023
492371,DDD,2013B,01 October 2023,31 October 2023
492993,DDD,2013B,01 October 2023,31 October 2023
493365,DDD,2013B,01 October 2023,31 October 2023
493984,DDD,2013B,01 October 2023,31 October 2023
494341,DDD,2013B,01 October 2023,31 October 2023
494637,DDD,2013B,01 October 2023,31 October 2023
494806,DDD,2013B,01 October 2023,31 October 2023
495115,DDD,2013B,01 October 2023,31 October 2023
495298,DDD,2013B,01 October 2023,31 October 2023
495734,DDD,2013B,01 October 2023,31 October 2023
496217,DDD,2013B,01 October 2023,31 October 2023
496542,DDD,2013B,01 October 2023,31 October 2023
496564,DDD,2013B,01 October 2023,31 October 2023
496601,DDD,2013B,01 October 2023,31 October 2023
497405,DDD,2013B,01 October 2023,31 October 2023
497475,DDD,2013B,01 October 2023,31 October 2023
497584,DDD,2013B,01 October 2023,31 October 2023
497898,DDD,2013B,01 October 2023,31 October 2023
498320,DDD,2013B,01 October 2023,31 October 2023
498363,DDD,2013B,01 October 2023,31 October 2023
498432,DDD,2013B,01 October 2023,31 October 2023
498527,DDD,2013B,01 October 2023,31 October 2023
498835,DDD,2013B,01 October 2023,31 October 2023
499056,DDD,2013B,01 October 2023,31 October 2023
499246,DDD,2013B,01 October 2023,31 October 2023
499557,DDD,2013B,01 October 2023,31 October 2023
500136,DDD,2013B,01 October 2023,31 October 2023
500459,DDD,2013B,01 October 2023,31 October 2023
500522,DDD,2013B,01 October 2023,31 October 2023
500766,DDD,2013B,01 October 2023,31 October 2023
501158,DDD,2013B,01 October 2023,31 October 2023
501960,DDD,2013B,01 October 2023,31 October 2023
502136,DDD,2013B,01 October 2023,31 October 2023
502697,DDD,2013B,01 October 2023,31 October 2023
502736,DDD,2013B,01 October 2023,31 October 2023
502903,DDD,2013B,01 October 2023,31 October 2023
503086,DDD,2013B,01 October 2023,31 October 2023
503100,DDD,2013B,01 October 2023,31 October 2023
503120,DDD,2013B,01 October 2023,31 October 2023
503170,DDD,2013B,01 October 2023,31 October 2023
503368,DDD,2013B,01 October 2023,31 October 2023
503497,DDD,2013B,01 October 2023,31 October 2023
503731,DDD,2013B,01 October 2023,31 October 2023
503926,DDD,2013B,01 October 2023,31 October 2023
504246,DDD,2013B,01 October 2023,31 October 2023
504602,DDD,2013B,01 October 2023,31 October 2023
504819,DDD,2013B,01 October 2023,31 October 2023
505311,DDD,2013B,01 October 2023,31 October 2023
505579,DDD,2013B,01 October 2023,31 October 2023
506056,DDD,2013B,01 October 2023,31 October 2023
506767,DDD,2013B,01 October 2023,31 October 2023
506785,DDD,2013B,01 October 2023,31 October 2023
506829,DDD,2013B,01 October 2023,31 October 2023
507730,DDD,2013B,01 October 2023,31 October 2023
508934,DDD,2013B,01 October 2023,31 October 2023
509634,DDD,2013B,01 October 2023,31 October 2023
509680,DDD,2013B,01 October 2023,31 October 2023
509873,DDD,2013B,01 October 2023,31 October 2023
510195,DDD,2013B,01 October 2023,31 October 2023
510530,DDD,2013B,01 October 2023,31 October 2023
511109,DDD,2013B,01 October 2023,31 October 2023
511271,DDD,2013B,01 October 2023,31 October 2023
511514,DDD,2013B,01 October 2023,31 October 2023
511544,DDD,2013B,01 October 2023,31 October 2023
511569,DDD,2013B,01 October 2023,31 October 2023
511576,DDD,2013B,01 October 2023,31 October 2023
511949,DDD,2013B,01 October 2023,31 October 2023
511958,DDD,2013B,01 October 2023,31 October 2023
512080,DDD,2013B,01 October 2023,31 October 2023
512404,DDD,2013B,01 October 2023,31 October 2023
513246,DDD,2013B,01 October 2023,31 October 2023
513396,DDD,2013B,01 October 2023,31 October 2023
513687,DDD,2013B,01 October 2023,31 October 2023
513773,DDD,2013B,01 October 2023,31 October 2023
514028,DDD,2013B,01 October 2023,31 October 2023
514218,DDD,2013B,01 October 2023,31 October 2023
514300,DDD,2013B,01 October 2023,31 October 2023
514633,DDD,2013B,01 October 2023,31 October 2023
514773,DDD,2013B,01 October 2023,31 October 2023
515170,DDD,2013B,01 October 2023,31 October 2023
515595,DDD,2013B,01 October 2023,31 October 2023
515812,DDD,2013B,01 October 2023,31 October 2023
515903,DDD,2013B,01 October 2023,31 October 2023
515945,DDD,2013B,01 October 2023,31 October 2023
516010,DDD,2013B,01 October 2023,31 October 2023
516281,DDD,2013B,01 October 2023,31 October 2023
516398,DDD,2013B,01 October 2023,31 October 2023
516450,DDD,2013B,01 October 2023,31 October 2023
516843,DDD,2013B,01 October 2023,31 October 2023
517646,DDD,2013B,01 October 2023,31 October 2023
517726,DDD,2013B,01 October 2023,31 October 2023
518097,DDD,2013B,01 October 2023,31 October 2023
518155,DDD,2013B,01 October 2023,31 October 2023
518349,DDD,2013B,01 October 2023,31 October 2023
518436,DDD,2013B,01 October 2023,31 October 2023
518451,DDD,2013B,01 October 2023,31 October 2023
519094,DDD,2013B,01 October 2023,31 October 2023
519102,DDD,2013B,01 October 2023,31 October 2023
519491,DDD,2013B,01 October 2023,31 October 2023
520026,DDD,2013B,01 October 2023,31 October 2023
520092,DDD,2013B,01 October 2023,31 October 2023
520400,DDD,2013B,01 October 2023,31 October 2023
520751,DDD,2013B,01 October 2023,31 October 2023
521160,DDD,2013B,01 October 2023,31 October 2023
521404,DDD,2013B,01 October 2023,31 October 2023
521709,DDD,2013B,01 October 2023,31 October 2023
521742,DDD,2013B,01 October 2023,31 October 2023
521755,DDD,2013B,01 October 2023,31 October 2023
522538,DDD,2013B,01 October 2023,31 October 2023
522572,DDD,2013B,01 October 2023,31 October 2023
522654,DDD,2013B,01 October 2023,31 October 2023
522739,DDD,2013B,01 October 2023,31 October 2023
522878,DDD,2013B,01 October 2023,31 October 2023
523392,DDD,2013B,01 October 2023,31 October 2023
524020,DDD,2013B,01 October 2023,31 October 2023
524137,DDD,2013B,01 October 2023,31 October 2023
524160,DDD,2013B,01 October 2023,31 October 2023
524175,DDD,2013B,01 October 2023,31 October 2023
524261,DDD,2013B,01 October 2023,31 October 2023
524369,DDD,2013B,01 October 2023,31 October 2023
524374,DDD,2013B,01 October 2023,31 October 2023
524396,DDD,2013B,01 October 2023,31 October 2023
524731,DDD,2013B,01 October 2023,31 October 2023
525066,DDD,2013B,01 October 2023,31 October 2023
525128,DDD,2013B,01 October 2023,31 October 2023
525749,DDD,2013B,01 October 2023,31 October 2023
525762,DDD,2013B,01 October 2023,31 October 2023
525820,DDD,2013B,01 October 2023,31 October 2023
525854,DDD,2013B,01 October 2023,31 October 2023
526068,DDD,2013B,01 October 2023,31 October 2023
526392,DDD,2013B,01 October 2023,31 October 2023
526426,DDD,2013B,01 October 2023,31 October 2023
526699,DDD,2013B,01 October 2023,31 October 2023
527081,DDD,2013B,01 October 2023,31 October 2023
527306,DDD,2013B,01 October 2023,31 October 2023
527323,DDD,2013B,01 October 2023,31 October 2023
527403,DDD,2013B,01 October 2023,31 October 2023
527533,DDD,2013B,01 October 2023,31 October 2023
527619,DDD,2013B,01 October 2023,31 October 2023
527747,DDD,2013B,01 October 2023,31 October 2023
527789,DDD,2013B,01 October 2023,31 October 2023
527917,DDD,2013B,01 October 2023,31 October 2023
528034,DDD,2013B,01 October 2023,31 October 2023
528184,DDD,2013B,01 October 2023,31 October 2023
528271,DDD,2013B,01 October 2023,31 October 2023
528420,DDD,2013B,01 October 2023,31 October 2023
528846,DDD,2013B,01 October 2023,31 October 2023
528923,DDD,2013B,01 October 2023,31 October 2023
529384,DDD,2013B,01 October 2023,31 October 2023
529404,DDD,2013B,01 October 2023,31 October 2023
529525,DDD,2013B,01 October 2023,31 October 2023
529670,DDD,2013B,01 October 2023,31 October 2023
529760,DDD,2013B,01 October 2023,31 October 2023
529789,DDD,2013B,01 October 2023,31 October 2023
529863,DDD,2013B,01 October 2023,31 October 2023
529877,DDD,2013B,01 October 2023,31 October 2023
530137,DDD,2013B,01 October 2023,31 October 2023
530234,DDD,2013B,01 October 2023,31 October 2023
530748,DDD,2013B,01 October 2023,31 October 2023
530762,DDD,2013B,01 October 2023,31 October 2023
530901,DDD,2013B,01 October 2023,31 October 2023
531069,DDD,2013B,01 October 2023,31 October 2023
531202,DDD,2013B,01 October 2023,31 October 2023
531340,DDD,2013B,01 October 2023,31 October 2023
531377,DDD,2013B,01 October 2023,31 October 2023
531787,DDD,2013B,01 October 2023,31 October 2023
531888,DDD,2013B,01 October 2023,31 October 2023
531924,DDD,2013B,01 October 2023,31 October 2023
532067,DDD,2013B,01 October 2023,31 October 2023
532144,DDD,2013B,01 October 2023,31 October 2023
532267,DDD,2013B,01 October 2023,31 October 2023
532491,DDD,2013B,01 October 2023,31 October 2023
532648,DDD,2013B,01 October 2023,31 October 2023
532695,DDD,2013B,01 October 2023,31 October 2023
532745,DDD,2013B,01 October 2023,31 October 2023
532855,DDD,2013B,01 October 2023,31 October 2023
532988,DDD,2013B,01 October 2023,31 October 2023
533291,DDD,2013B,01 October 2023,31 October 2023
533522,DDD,2013B,01 October 2023,31 October 2023
533731,DDD,2013B,01 October 2023,31 October 2023
533829,DDD,2013B,01 October 2023,31 October 2023
533877,DDD,2013B,01 October 2023,31 October 2023
534219,DDD,2013B,01 October 2023,31 October 2023
534349,DDD,2013B,01 October 2023,31 October 2023
534777,DDD,2013B,01 October 2023,31 October 2023
534910,DDD,2013B,01 October 2023,31 October 2023
535169,DDD,2013B,01 October 2023,31 October 2023
535215,DDD,2013B,01 October 2023,31 October 2023
535424,DDD,2013B,01 October 2023,31 October 2023
535463,DDD,2013B,01 October 2023,31 October 2023
535486,DDD,2013B,01 October 2023,31 October 2023
535620,DDD,2013B,01 October 2023,31 October 2023
535707,DDD,2013B,01 October 2023,31 October 2023
535747,DDD,2013B,01 October 2023,31 October 2023
535789,DDD,2013B,01 October 2023,31 October 2023
535799,DDD,2013B,01 October 2023,31 October 2023
535831,DDD,2013B,01 October 2023,31 October 2023
535986,DDD,2013B,01 October 2023,31 October 2023
536145,DDD,2013B,01 October 2023,31 October 2023
536210,DDD,2013B,01 October 2023,31 October 2023
536696,DDD,2013B,01 October 2023,31 October 2023
536926,DDD,2013B,01 October 2023,31 October 2023
536999,DDD,2013B,01 October 2023,31 October 2023
537138,DDD,2013B,01 October 2023,31 October 2023
537139,DDD,2013B,01 October 2023,31 October 2023
537452,DDD,2013B,01 October 2023,31 October 2023
537621,DDD,2013B,01 October 2023,31 October 2023
537652,DDD,2013B,01 October 2023,31 October 2023
537868,DDD,2013B,01 October 2023,31 October 2023
537926,DDD,2013B,01 October 2023,31 October 2023
538069,DDD,2013B,01 October 2023,31 October 2023
538131,DDD,2013B,01 October 2023,31 October 2023
538211,DDD,2013B,01 October 2023,31 October 2023
538251,DDD,2013B,01 October 2023,31 October 2023
538611,DDD,2013B,01 October 2023,31 October 2023
538701,DDD,2013B,01 October 2023,31 October 2023
539035,DDD,2013B,01 October 2023,31 October 2023
539043,DDD,2013B,01 October 2023,31 October 2023
539066,DDD,2013B,01 October 2023,31 October 2023
539142,DDD,2013B,01 October 2023,31 October 2023
539186,DDD,2013B,01 October 2023,31 October 2023
539209,DDD,2013B,01 October 2023,31 October 2023
539224,DDD,2013B,01 October 2023,31 October 2023
539262,DDD,2013B,01 October 2023,31 October 2023
539302,DDD,2013B,01 October 2023,31 October 2023
539622,DDD,2013B,01 October 2023,31 October 2023
539643,DDD,2013B,01 October 2023,31 October 2023
540207,DDD,2013B,01 October 2023,31 October 2023
540298,DDD,2013B,01 October 2023,31 October 2023
540310,DDD,2013B,01 October 2023,31 October 2023
540422,DDD,2013B,01 October 2023,31 October 2023
540547,DDD,2013B,01 October 2023,31 October 2023
540592,DDD,2013B,01 October 2023,31 October 2023
540605,DDD,2013B,01 October 2023,31 October 2023
540758,DDD,2013B,01 October 2023,31 October 2023
540759,DDD,2013B,01 October 2023,31 October 2023
540848,DDD,2013B,01 October 2023,31 October 2023
540920,DDD,2013B,01 October 2023,31 October 2023
541202,DDD,2013B,01 October 2023,31 October 2023
541228,DDD,2013B,01 October 2023,31 October 2023
541260,DDD,2013B,01 October 2023,31 October 2023
541887,DDD,2013B,01 October 2023,31 October 2023
541977,DDD,2013B,01 October 2023,31 October 2023
542036,DDD,2013B,01 October 2023,31 October 2023
542049,DDD,2013B,01 October 2023,31 October 2023
542205,DDD,2013B,01 October 2023,31 October 2023
542293,DDD,2013B,01 October 2023,31 October 2023
542372,DDD,2013B,01 October 2023,31 October 2023
542394,DDD,2013B,01 October 2023,31 October 2023
542476,DDD,2013B,01 October 2023,31 October 2023
543060,DDD,2013B,01 October 2023,31 October 2023
543202,DDD,2013B,01 October 2023,31 October 2023
543231,DDD,2013B,01 October 2023,31 October 2023
543340,DDD,2013B,01 October 2023,31 October 2023
543383,DDD,2013B,01 October 2023,31 October 2023
543386,DDD,2013B,01 October 2023,31 October 2023
543421,DDD,2013B,01 October 2023,31 October 2023
543446,DDD,2013B,01 October 2023,31 October 2023
543459,DDD,2013B,01 October 2023,31 October 2023
543482,DDD,2013B,01 October 2023,31 October 2023
543510,DDD,2013B,01 October 2023,31 October 2023
543573,DDD,2013B,01 October 2023,31 October 2023
543663,DDD,2013B,01 October 2023,31 October 2023
543683,DDD,2013B,01 October 2023,31 October 2023
543749,DDD,2013B,01 October 2023,31 October 2023
543756,DDD,2013B,01 October 2023,31 October 2023
543845,DDD,2013B,01 October 2023,31 October 2023
543860,DDD,2013B,01 October 2023,31 October 2023
543919,DDD,2013B,01 October 2023,31 October 2023
544053,DDD,2013B,01 October 2023,31 October 2023
544063,DDD,2013B,01 October 2023,31 October 2023
544091,DDD,2013B,01 October 2023,31 October 2023
544226,DDD,2013B,01 October 2023,31 October 2023
544284,DDD,2013B,01 October 2023,31 October 2023
544296,DDD,2013B,01 October 2023,31 October 2023
544307,DDD,2013B,01 October 2023,31 October 2023
544352,DDD,2013B,01 October 2023,31 October 2023
544356,DDD,2013B,01 October 2023,31 October 2023
544367,DDD,2013B,01 October 2023,31 October 2023
544556,DDD,2013B,01 October 2023,31 October 2023
544603,DDD,2013B,01 October 2023,31 October 2023
544649,DDD,2013B,01 October 2023,31 October 2023
544907,DDD,2013B,01 October 2023,31 October 2023
544942,DDD,2013B,01 October 2023,31 October 2023
544943,DDD,2013B,01 October 2023,31 October 2023
545083,DDD,2013B,01 October 2023,31 October 2023
545115,DDD,2013B,01 October 2023,31 October 2023
545201,DDD,2013B,01 October 2023,31 October 2023
545245,DDD,2013B,01 October 2023,31 October 2023
545387,DDD,2013B,01 October 2023,31 October 2023
545770,DDD,2013B,01 October 2023,31 October 2023
545993,DDD,2013B,01 October 2023,31 October 2023
546000,DDD,2013B,01 October 2023,31 October 2023
546054,DDD,2013B,01 October 2023,31 October 2023
546074,DDD,2013B,01 October 2023,31 October 2023
546089,DDD,2013B,01 October 2023,31 October 2023
546191,DDD,2013B,01 October 2023,31 October 2023
546221,DDD,2013B,01 October 2023,31 October 2023
546293,DDD,2013B,01 October 2023,31 October 2023
546339,DDD,2013B,01 October 2023,31 October 2023
546403,DDD,2013B,01 October 2023,31 October 2023
546747,DDD,2013B,01 October 2023,31 October 2023
546804,DDD,2013B,01 October 2023,31 October 2023
546826,DDD,2013B,01 October 2023,31 October 2023
546861,DDD,2013B,01 October 2023,31 October 2023
546862,DDD,2013B,01 October 2023,31 October 2023
546953,DDD,2013B,01 October 2023,31 October 2023
547252,DDD,2013B,01 October 2023,31 October 2023
547349,DDD,2013B,01 October 2023,31 October 2023
547445,DDD,2013B,01 October 2023,31 October 2023
547486,DDD,2013B,01 October 2023,31 October 2023
547522,DDD,2013B,01 October 2023,31 October 2023
547629,DDD,2013B,01 October 2023,31 October 2023
547679,DDD,2013B,01 October 2023,31 October 2023
547784,DDD,2013B,01 October 2023,31 October 2023
547787,DDD,2013B,01 October 2023,31 October 2023
547897,DDD,2013B,01 October 2023,31 October 2023
548069,DDD,2013B,01 October 2023,31 October 2023
548132,DDD,2013B,01 October 2023,31 October 2023
548173,DDD,2013B,01 October 2023,31 October 2023
548267,DDD,2013B,01 October 2023,31 October 2023
548271,DDD,2013B,01 October 2023,31 October 2023
548371,DDD,2013B,01 October 2023,31 October 2023
548420,DDD,2013B,01 October 2023,31 October 2023
548473,DDD,2013B,01 October 2023,31 October 2023
548535,DDD,2013B,01 October 2023,31 October 2023
548650,DDD,2013B,01 October 2023,31 October 2023
548679,DDD,2013B,01 October 2023,31 October 2023
548739,DDD,2013B,01 October 2023,31 October 2023
548773,DDD,2013B,01 October 2023,31 October 2023
548797,DDD,2013B,01 October 2023,31 October 2023
548869,DDD,2013B,01 October 2023,31 October 2023
548872,DDD,2013B,01 October 2023,31 October 2023
548959,DDD,2013B,01 October 2023,31 October 2023
548993,DDD,2013B,01 October 2023,31 October 2023
548996,DDD,2013B,01 October 2023,31 October 2023
549038,DDD,2013B,01 October 2023,31 October 2023
549095,DDD,2013B,01 October 2023,31 October 2023
549125,DDD,2013B,01 October 2023,31 October 2023
549135,DDD,2013B,01 October 2023,31 October 2023
549156,DDD,2013B,01 October 2023,31 October 2023
549213,DDD,2013B,01 October 2023,31 October 2023
549283,DDD,2013B,01 October 2023,31 October 2023
549334,DDD,2013B,01 October 2023,31 October 2023
549354,DDD,2013B,01 October 2023,31 October 2023
549361,DDD,2013B,01 October 2023,31 October 2023
549424,DDD,2013B,01 October 2023,31 October 2023
549498,DDD,2013B,01 October 2023,31 October 2023
549545,DDD,2013B,01 October 2023,31 October 2023
549575,DDD,2013B,01 October 2023,31 October 2023
549684,DDD,2013B,01 October 2023,31 October 2023
549690,DDD,2013B,01 October 2023,31 October 2023
549698,DDD,2013B,01 October 2023,31 October 2023
549710,DDD,2013B,01 October 2023,31 October 2023
549731,DDD,2013B,01 October 2023,31 October 2023
549795,DDD,2013B,01 October 2023,31 October 2023
549872,DDD,2013B,01 October 2023,31 October 2023
549897,DDD,2013B,01 October 2023,31 October 2023
549913,DDD,2013B,01 October 2023,31 October 2023
550064,DDD,2013B,01 October 2023,31 October 2023
550142,DDD,2013B,01 October 2023,31 October 2023
550183,DDD,2013B,01 October 2023,31 October 2023
550205,DDD,2013B,01 October 2023,31 October 2023
550348,DDD,2013B,01 October 2023,31 October 2023
550371,DDD,2013B,01 October 2023,31 October 2023
550521,DDD,2013B,01 October 2023,31 October 2023
550604,DDD,2013B,01 October 2023,31 October 2023
550657,DDD,2013B,01 October 2023,31 October 2023
550711,DDD,2013B,01 October 2023,31 October 2023
550725,DDD,2013B,01 October 2023,31 October 2023
550762,DDD,2013B,01 October 2023,31 October 2023
550865,DDD,2013B,01 October 2023,31 October 2023
550974,DDD,2013B,01 October 2023,31 October 2023
551169,DDD,2013B,01 October 2023,31 October 2023
551183,DDD,2013B,01 October 2023,31 October 2023
551334,DDD,2013B,01 October 2023,31 October 2023
551375,DDD,2013B,01 October 2023,31 October 2023
551550,DDD,2013B,01 October 2023,31 October 2023
551573,DDD,2013B,01 October 2023,31 October 2023
551666,DDD,2013B,01 October 2023,31 October 2023
551979,DDD,2013B,01 October 2023,31 October 2023
552030,DDD,2013B,01 October 2023,31 October 2023
552114,DDD,2013B,01 October 2023,31 October 2023
552327,DDD,2013B,01 October 2023,31 October 2023
552635,DDD,2013B,01 October 2023,31 October 2023
552661,DDD,2013B,01 October 2023,31 October 2023
552789,DDD,2013B,01 October 2023,31 October 2023
552824,DDD,2013B,01 October 2023,31 October 2023
552921,DDD,2013B,01 October 2023,31 October 2023
552955,DDD,2013B,01 October 2023,31 October 2023
552999,DDD,2013B,01 October 2023,31 October 2023
553253,DDD,2013B,01 October 2023,31 October 2023
553275,DDD,2013B,01 October 2023,31 October 2023
553382,DDD,2013B,01 October 2023,31 October 2023
553575,DDD,2013B,01 October 2023,31 October 2023
553627,DDD,2013B,01 October 2023,31 October 2023
553864,DDD,2013B,01 October 2023,31 October 2023
553964,DDD,2013B,01 October 2023,31 October 2023
554046,DDD,2013B,01 October 2023,31 October 2023
554161,DDD,2013B,01 October 2023,31 October 2023
554174,DDD,2013B,01 October 2023,31 October 2023
554193,DDD,2013B,01 October 2023,31 October 2023
554245,DDD,2013B,01 October 2023,31 October 2023
554295,DDD,2013B,01 October 2023,31 October 2023
554300,DDD,2013B,01 October 2023,31 October 2023
554446,DDD,2013B,01 October 2023,31 October 2023
554484,DDD,2013B,01 October 2023,31 October 2023
554574,DDD,2013B,01 October 2023,31 October 2023
554587,DDD,2013B,01 October 2023,31 October 2023
554729,DDD,2013B,01 October 2023,31 October 2023
554773,DDD,2013B,01 October 2023,31 October 2023
554881,DDD,2013B,01 October 2023,31 October 2023
554885,DDD,2013B,01 October 2023,31 October 2023
554995,DDD,2013B,01 October 2023,31 October 2023
555151,DDD,2013B,01 October 2023,31 October 2023
555297,DDD,2013B,01 October 2023,31 October 2023
555360,DDD,2013B,01 October 2023,31 October 2023
555408,DDD,2013B,01 October 2023,31 October 2023
555428,DDD,2013B,01 October 2023,31 October 2023
555446,DDD,2013B,01 October 2023,31 October 2023
555497,DDD,2013B,01 October 2023,31 October 2023
555740,DDD,2013B,01 October 2023,31 October 2023
555765,DDD,2013B,01 October 2023,31 October 2023
555772,DDD,2013B,01 October 2023,31 October 2023
555830,DDD,2013B,01 October 2023,31 October 2023
556030,DDD,2013B,01 October 2023,31 October 2023
556082,DDD,2013B,01 October 2023,31 October 2023
556093,DDD,2013B,01 October 2023,31 October 2023
556165,DDD,2013B,01 October 2023,31 October 2023
556185,DDD,2013B,01 October 2023,31 October 2023
556308,DDD,2013B,01 October 2023,31 October 2023
556337,DDD,2013B,01 October 2023,31 October 2023
556354,DDD,2013B,01 October 2023,31 October 2023
556360,DDD,2013B,01 October 2023,31 October 2023
556362,DDD,2013B,01 October 2023,31 October 2023
556369,DDD,2013B,01 October 2023,31 October 2023
556370,DDD,2013B,01 October 2023,31 October 2023
556373,DDD,2013B,01 October 2023,31 October 2023
556389,DDD,2013B,01 October 2023,31 October 2023
556575,DDD,2013B,01 October 2023,31 October 2023
556660,DDD,2013B,01 October 2023,31 October 2023
556713,DDD,2013B,01 October 2023,31 October 2023
556721,DDD,2013B,01 October 2023,31 October 2023
556739,DDD,2013B,01 October 2023,31 October 2023
556756,DDD,2013B,01 October 2023,31 October 2023
556774,DDD,2013B,01 October 2023,31 October 2023
556780,DDD,2013B,01 October 2023,31 October 2023
556785,DDD,2013B,01 October 2023,31 October 2023
556835,DDD,2013B,01 October 2023,31 October 2023
556934,DDD,2013B,01 October 2023,31 October 2023
557005,DDD,2013B,01 October 2023,31 October 2023
557045,DDD,2013B,01 October 2023,31 October 2023
557083,DDD,2013B,01 October 2023,31 October 2023
557237,DDD,2013B,01 October 2023,31 October 2023
557247,DDD,2013B,01 October 2023,31 October 2023
557358,DDD,2013B,01 October 2023,31 October 2023
557432,DDD,2013B,01 October 2023,31 October 2023
557467,DDD,2013B,01 October 2023,31 October 2023
557477,DDD,2013B,01 October 2023,31 October 2023
557504,DDD,2013B,01 October 2023,31 October 2023
557694,DDD,2013B,01 October 2023,31 October 2023
557706,DDD,2013B,01 October 2023,31 October 2023
557742,DDD,2013B,01 October 2023,31 October 2023
557751,DDD,2013B,01 October 2023,31 October 2023
557752,DDD,2013B,01 October 2023,31 October 2023
557764,DDD,2013B,01 October 2023,31 October 2023
557826,DDD,2013B,01 October 2023,31 October 2023
557846,DDD,2013B,01 October 2023,31 October 2023
557850,DDD,2013B,01 October 2023,31 October 2023
557911,DDD,2013B,01 October 2023,31 October 2023
557924,DDD,2013B,01 October 2023,31 October 2023
558123,DDD,2013B,01 October 2023,31 October 2023
558134,DDD,2013B,01 October 2023,31 October 2023
558153,DDD,2013B,01 October 2023,31 October 2023
558200,DDD,2013B,01 October 2023,31 October 2023
558224,DDD,2013B,01 October 2023,31 October 2023
558290,DDD,2013B,01 October 2023,31 October 2023
558308,DDD,2013B,01 October 2023,31 October 2023
558317,DDD,2013B,01 October 2023,31 October 2023
558415,DDD,2013B,01 October 2023,31 October 2023
558488,DDD,2013B,01 October 2023,31 October 2023
558610,DDD,2013B,01 October 2023,31 October 2023
558626,DDD,2013B,01 October 2023,31 October 2023
558645,DDD,2013B,01 October 2023,31 October 2023
558678,DDD,2013B,01 October 2023,31 October 2023
558779,DDD,2013B,01 October 2023,31 October 2023
558787,DDD,2013B,01 October 2023,31 October 2023
558817,DDD,2013B,01 October 2023,31 October 2023
558829,DDD,2013B,01 October 2023,31 October 2023
558837,DDD,2013B,01 October 2023,31 October 2023
558948,DDD,2013B,01 October 2023,31 October 2023
558954,DDD,2013B,01 October 2023,31 October 2023
559081,DDD,2013B,01 October 2023,31 October 2023
559261,DDD,2013B,01 October 2023,31 October 2023
559282,DDD,2013B,01 October 2023,31 October 2023
559293,DDD,2013B,01 October 2023,31 October 2023
559410,DDD,2013B,01 October 2023,31 October 2023
559420,DDD,2013B,01 October 2023,31 October 2023
559459,DDD,2013B,01 October 2023,31 October 2023
559474,DDD,2013B,01 October 2023,31 October 2023
559612,DDD,2013B,01 October 2023,31 October 2023
559823,DDD,2013B,01 October 2023,31 October 2023
559826,DDD,2013B,01 October 2023,31 October 2023
559838,DDD,2013B,01 October 2023,31 October 2023
559903,DDD,2013B,01 October 2023,31 October 2023
559930,DDD,2013B,01 October 2023,31 October 2023
559950,DDD,2013B,01 October 2023,31 October 2023
560024,DDD,2013B,01 October 2023,31 October 2023
560127,DDD,2013B,01 October 2023,31 October 2023
560179,DDD,2013B,01 October 2023,31 October 2023
560240,DDD,2013B,01 October 2023,31 October 2023
560260,DDD,2013B,01 October 2023,31 October 2023
560347,DDD,2013B,01 October 2023,31 October 2023
560381,DDD,2013B,01 October 2023,31 October 2023
560384,DDD,2013B,01 October 2023,31 October 2023
560391,DDD,2013B,01 October 2023,31 October 2023
560444,DDD,2013B,01 October 2023,31 October 2023
560743,DDD,2013B,01 October 2023,31 October 2023
561088,DDD,2013B,01 October 2023,31 October 2023
561734,DDD,2013B,01 October 2023,31 October 2023
564465,DDD,2013B,01 October 2023,31 October 2023
879295,DDD,2013B,01 October 2023,31 October 2023
907261,DDD,2013B,01 October 2023,31 October 2023
957467,DDD,2013B,01 October 2023,31 October 2023
987203,DDD,2013B,01 October 2023,31 October 2023
1018685,DDD,2013B,01 October 2023,31 October 2023
1044992,DDD,2013B,01 October 2023,31 October 2023
1060973,DDD,2013B,01 October 2023,31 October 2023
1073372,DDD,2013B,01 October 2023,31 October 2023
1105628,DDD,2013B,01 October 2023,31 October 2023
1107079,DDD,2013B,01 October 2023,31 October 2023
1347447,DDD,2013B,01 October 2023,31 October 2023
1351739,DDD,2013B,01 October 2023,31 October 2023
1384882,DDD,2013B,01 October 2023,31 October 2023
1392016,DDD,2013B,01 October 2023,31 October 2023
1430804,DDD,2013B,01 October 2023,31 October 2023
1444134,DDD,2013B,01 October 2023,31 October 2023
1446954,DDD,2013B,01 October 2023,31 October 2023
1510198,DDD,2013B,01 October 2023,31 October 2023
1534854,DDD,2013B,01 October 2023,31 October 2023
1577134,DDD,2013B,01 October 2023,31 October 2023
1584449,DDD,2013B,01 October 2023,31 October 2023
1587816,DDD,2013B,01 October 2023,31 October 2023
1587817,DDD,2013B,01 October 2023,31 October 2023
1611842,DDD,2013B,01 October 2023,31 October 2023
1620593,DDD,2013B,01 October 2023,31 October 2023
1622020,DDD,2013B,01 October 2023,31 October 2023
1626418,DDD,2013B,01 October 2023,31 October 2023
1638119,DDD,2013B,01 October 2023,31 October 2023
1638425,DDD,2013B,01 October 2023,31 October 2023
1640773,DDD,2013B,01 October 2023,31 October 2023
1651198,DDD,2013B,01 October 2023,31 October 2023
1656527,DDD,2013B,01 October 2023,31 October 2023
1664920,DDD,2013B,01 October 2023,31 October 2023
1690836,DDD,2013B,01 October 2023,31 October 2023
1696174,DDD,2013B,01 October 2023,31 October 2023
1719566,DDD,2013B,01 October 2023,31 October 2023
1730611,DDD,2013B,01 October 2023,31 October 2023
1741838,DDD,2013B,01 October 2023,31 October 2023
1766513,DDD,2013B,01 October 2023,31 October 2023
1819994,DDD,2013B,01 October 2023,31 October 2023
1841753,DDD,2013B,01 October 2023,31 October 2023
1843026,DDD,2013B,01 October 2023,31 October 2023
1843355,DDD,2013B,01 October 2023,31 October 2023
1845093,DDD,2013B,01 October 2023,31 October 2023
1879272,DDD,2013B,01 October 2023,31 October 2023
1901165,DDD,2013B,01 October 2023,31 October 2023
1913872,DDD,2013B,01 October 2023,31 October 2023
1922497,DDD,2013B,01 October 2023,31 October 2023
1935774,DDD,2013B,01 October 2023,31 October 2023
1944130,DDD,2013B,01 October 2023,31 October 2023
1962854,DDD,2013B,01 October 2023,31 October 2023
1968757,DDD,2013B,01 October 2023,31 October 2023
1976350,DDD,2013B,01 October 2023,31 October 2023
1982845,DDD,2013B,01 October 2023,31 October 2023
2002727,DDD,2013B,01 October 2023,31 October 2023
2006894,DDD,2013B,01 October 2023,31 October 2023
2028388,DDD,2013B,01 October 2023,31 October 2023
2034000,DDD,2013B,01 October 2023,31 October 2023
2036685,DDD,2013B,01 October 2023,31 October 2023
2037479,DDD,2013B,01 October 2023,31 October 2023
2046628,DDD,2013B,01 October 2023,31 October 2023
2080539,DDD,2013B,01 October 2023,31 October 2023
2082180,DDD,2013B,01 October 2023,31 October 2023
2094546,DDD,2013B,01 October 2023,31 October 2023
2126013,DDD,2013B,01 October 2023,31 October 2023
2133242,DDD,2013B,01 October 2023,31 October 2023
2140311,DDD,2013B,01 October 2023,31 October 2023
2141506,DDD,2013B,01 October 2023,31 October 2023
2142579,DDD,2013B,01 October 2023,31 October 2023
2146936,DDD,2013B,01 October 2023,31 October 2023
2154361,DDD,2013B,01 October 2023,31 October 2023
2155857,DDD,2013B,01 October 2023,31 October 2023
2156514,DDD,2013B,01 October 2023,31 October 2023
2177871,DDD,2013B,01 October 2023,31 October 2023
2191819,DDD,2013B,01 October 2023,31 October 2023
2193231,DDD,2013B,01 October 2023,31 October 2023
2195445,DDD,2013B,01 October 2023,31 October 2023
2209728,DDD,2013B,01 October 2023,31 October 2023
2214589,DDD,2013B,01 October 2023,31 October 2023
2227786,DDD,2013B,01 October 2023,31 October 2023
2228206,DDD,2013B,01 October 2023,31 October 2023
2229785,DDD,2013B,01 October 2023,31 October 2023
2231961,DDD,2013B,01 October 2023,31 October 2023
2232218,DDD,2013B,01 October 2023,31 October 2023
2238679,DDD,2013B,01 October 2023,31 October 2023
2248715,DDD,2013B,01 October 2023,31 October 2023
2267712,DDD,2013B,01 October 2023,31 October 2023
2279449,DDD,2013B,01 October 2023,31 October 2023
2281292,DDD,2013B,01 October 2023,31 October 2023
2283212,DDD,2013B,01 October 2023,31 October 2023
2298696,DDD,2013B,01 October 2023,31 October 2023
2318590,DDD,2013B,01 October 2023,31 October 2023
2321898,DDD,2013B,01 October 2023,31 October 2023
2330534,DDD,2013B,01 October 2023,31 October 2023
2332060,DDD,2013B,01 October 2023,31 October 2023
2338290,DDD,2013B,01 October 2023,31 October 2023
2348111,DDD,2013B,01 October 2023,31 October 2023
2350300,DDD,2013B,01 October 2023,31 October 2023
2353766,DDD,2013B,01 October 2023,31 October 2023
2358423,DDD,2013B,01 October 2023,31 October 2023
2374051,DDD,2013B,01 October 2023,31 October 2023
2374404,DDD,2013B,01 October 2023,31 October 2023
2375123,DDD,2013B,01 October 2023,31 October 2023
2375627,DDD,2013B,01 October 2023,31 October 2023
2377623,DDD,2013B,01 October 2023,31 October 2023
2381845,DDD,2013B,01 October 2023,31 October 2023
2400764,DDD,2013B,01 October 2023,31 October 2023
2406709,DDD,2013B,01 October 2023,31 October 2023
2418045,DDD,2013B,01 October 2023,31 October 2023
2418580,DDD,2013B,01 October 2023,31 October 2023
2421609,DDD,2013B,01 October 2023,31 October 2023
2435965,DDD,2013B,01 October 2023,31 October 2023
2444632,DDD,2013B,01 October 2023,31 October 2023
2451672,DDD,2013B,01 October 2023,31 October 2023
2454933,DDD,2013B,01 October 2023,31 October 2023
2456387,DDD,2013B,01 October 2023,31 October 2023
2456612,DDD,2013B,01 October 2023,31 October 2023
2459878,DDD,2013B,01 October 2023,31 October 2023
2460752,DDD,2013B,01 October 2023,31 October 2023
2465876,DDD,2013B,01 October 2023,31 October 2023
2476998,DDD,2013B,01 October 2023,31 October 2023
2479086,DDD,2013B,01 October 2023,31 October 2023
2480562,DDD,2013B,01 October 2023,31 October 2023
2499307,DDD,2013B,01 October 2023,31 October 2023
2501479,DDD,2013B,01 October 2023,31 October 2023
2501768,DDD,2013B,01 October 2023,31 October 2023
2502504,DDD,2013B,01 October 2023,31 October 2023
2502707,DDD,2013B,01 October 2023,31 October 2023
2505501,DDD,2013B,01 October 2023,31 October 2023
2508785,DDD,2013B,01 October 2023,31 October 2023
2513245,DDD,2013B,01 October 2023,31 October 2023
2517826,DDD,2013B,01 October 2023,31 October 2023
2518617,DDD,2013B,01 October 2023,31 October 2023
2523146,DDD,2013B,01 October 2023,31 October 2023
2526483,DDD,2013B,01 October 2023,31 October 2023
2531298,DDD,2013B,01 October 2023,31 October 2023
2532322,DDD,2013B,01 October 2023,31 October 2023
2535493,DDD,2013B,01 October 2023,31 October 2023
2536214,DDD,2013B,01 October 2023,31 October 2023
2537695,DDD,2013B,01 October 2023,31 October 2023
2540922,DDD,2013B,01 October 2023,31 October 2023
2543267,DDD,2013B,01 October 2023,31 October 2023
2543600,DDD,2013B,01 October 2023,31 October 2023
2546792,DDD,2013B,01 October 2023,31 October 2023
2547321,DDD,2013B,01 October 2023,31 October 2023
2547402,DDD,2013B,01 October 2023,31 October 2023
2549875,DDD,2013B,01 October 2023,31 October 2023
2549939,DDD,2013B,01 October 2023,31 October 2023
2571497,DDD,2013B,01 October 2023,31 October 2023
2581822,DDD,2013B,01 October 2023,31 October 2023
2585285,DDD,2013B,01 October 2023,31 October 2023
2586026,DDD,2013B,01 October 2023,31 October 2023
2594888,DDD,2013B,01 October 2023,31 October 2023
2602486,DDD,2013B,01 October 2023,31 October 2023
2604660,DDD,2013B,01 October 2023,31 October 2023
2604698,DDD,2013B,01 October 2023,31 October 2023
2607945,DDD,2013B,01 October 2023,31 October 2023
2611779,DDD,2013B,01 October 2023,31 October 2023
2614272,DDD,2013B,01 October 2023,31 October 2023
2615892,DDD,2013B,01 October 2023,31 October 2023
2621590,DDD,2013B,01 October 2023,31 October 2023
2624569,DDD,2013B,01 October 2023,31 October 2023
2624720,DDD,2013B,01 October 2023,31 October 2023
2626179,DDD,2013B,01 October 2023,31 October 2023
2628025,DDD,2013B,01 October 2023,31 October 2023
2629511,DDD,2013B,01 October 2023,31 October 2023
2632491,DDD,2013B,01 October 2023,31 October 2023
2633235,DDD,2013B,01 October 2023,31 October 2023
2636225,DDD,2013B,01 October 2023,31 October 2023
2636885,DDD,2013B,01 October 2023,31 October 2023
2639451,DDD,2013B,01 October 2023,31 October 2023
2640063,DDD,2013B,01 October 2023,31 October 2023
2640992,DDD,2013B,01 October 2023,31 October 2023
2642830,DDD,2013B,01 October 2023,31 October 2023
2643034,DDD,2013B,01 October 2023,31 October 2023
2643777,DDD,2013B,01 October 2023,31 October 2023
2647226,DDD,2013B,01 October 2023,31 October 2023
2648271,DDD,2013B,01 October 2023,31 October 2023
2652066,DDD,2013B,01 October 2023,31 October 2023
2655683,DDD,2013B,01 October 2023,31 October 2023
2656282,DDD,2013B,01 October 2023,31 October 2023
2659756,DDD,2013B,01 October 2023,31 October 2023
2661870,DDD,2013B,01 October 2023,31 October 2023
2665767,DDD,2013B,01 October 2023,31 October 2023
2666577,DDD,2013B,01 October 2023,31 October 2023
2667605,DDD,2013B,01 October 2023,31 October 2023
2669206,DDD,2013B,01 October 2023,31 October 2023
2672686,DDD,2013B,01 October 2023,31 October 2023
2677955,DDD,2013B,01 October 2023,31 October 2023
2678338,DDD,2013B,01 October 2023,31 October 2023
2683836,DDD,2013B,01 October 2023,31 October 2023
2685825,DDD,2013B,01 October 2023,31 October 2023
2686609,DDD,2013B,01 October 2023,31 October 2023
2689536,DDD,2013B,01 October 2023,31 October 2023
2692101,DDD,2013B,01 October 2023,31 October 2023
2693243,DDD,2013B,01 October 2023,31 October 2023
2694933,DDD,2013B,01 October 2023,31 October 2023
2697773,DDD,2013B,01 October 2023,31 October 2023
2707979,DDD,2013B,01 October 2023,31 October 2023
2710343,DDD,2013B,01 October 2023,31 October 2023
3733,DDD,2013J,01 October 2023,31 October 2023
8462,DDD,2013J,01 October 2023,31 October 2023
27417,DDD,2013J,01 October 2023,31 October 2023
27935,DDD,2013J,01 October 2023,31 October 2023
28046,DDD,2013J,01 October 2023,31 October 2023
30549,DDD,2013J,01 October 2023,31 October 2023
31173,DDD,2013J,01 October 2023,31 October 2023
31269,DDD,2013J,01 October 2023,31 October 2023
33387,DDD,2013J,01 October 2023,31 October 2023
33681,DDD,2013J,01 October 2023,31 October 2023
33897,DDD,2013J,01 October 2023,31 October 2023
33930,DDD,2013J,01 October 2023,31 October 2023
34087,DDD,2013J,01 October 2023,31 October 2023
34653,DDD,2013J,01 October 2023,31 October 2023
35859,DDD,2013J,01 October 2023,31 October 2023
39411,DDD,2013J,01 October 2023,31 October 2023
39427,DDD,2013J,01 October 2023,31 October 2023
40184,DDD,2013J,01 October 2023,31 October 2023
40563,DDD,2013J,01 October 2023,31 October 2023
42818,DDD,2013J,01 October 2023,31 October 2023
46633,DDD,2013J,01 October 2023,31 October 2023
47063,DDD,2013J,01 October 2023,31 October 2023
48152,DDD,2013J,01 October 2023,31 October 2023
49530,DDD,2013J,01 October 2023,31 October 2023
50610,DDD,2013J,01 October 2023,31 October 2023
51163,DDD,2013J,01 October 2023,31 October 2023
52494,DDD,2013J,01 October 2023,31 October 2023
57227,DDD,2013J,01 October 2023,31 October 2023
57818,DDD,2013J,01 October 2023,31 October 2023
59275,DDD,2013J,01 October 2023,31 October 2023
59370,DDD,2013J,01 October 2023,31 October 2023
63566,DDD,2013J,01 October 2023,31 October 2023
63856,DDD,2013J,01 October 2023,31 October 2023
66047,DDD,2013J,01 October 2023,31 October 2023
66577,DDD,2013J,01 October 2023,31 October 2023
67471,DDD,2013J,01 October 2023,31 October 2023
67505,DDD,2013J,01 October 2023,31 October 2023
68011,DDD,2013J,01 October 2023,31 October 2023
68376,DDD,2013J,01 October 2023,31 October 2023
71209,DDD,2013J,01 October 2023,31 October 2023
74130,DDD,2013J,01 October 2023,31 October 2023
74502,DDD,2013J,01 October 2023,31 October 2023
77241,DDD,2013J,01 October 2023,31 October 2023
78170,DDD,2013J,01 October 2023,31 October 2023
82088,DDD,2013J,01 October 2023,31 October 2023
83588,DDD,2013J,01 October 2023,31 October 2023
84605,DDD,2013J,01 October 2023,31 October 2023
85325,DDD,2013J,01 October 2023,31 October 2023
89188,DDD,2013J,01 October 2023,31 October 2023
89727,DDD,2013J,01 October 2023,31 October 2023
90979,DDD,2013J,01 October 2023,31 October 2023
91354,DDD,2013J,01 October 2023,31 October 2023
92166,DDD,2013J,01 October 2023,31 October 2023
92312,DDD,2013J,01 October 2023,31 October 2023
92391,DDD,2013J,01 October 2023,31 October 2023
102850,DDD,2013J,01 October 2023,31 October 2023
103800,DDD,2013J,01 October 2023,31 October 2023
104643,DDD,2013J,01 October 2023,31 October 2023
104772,DDD,2013J,01 October 2023,31 October 2023
108275,DDD,2013J,01 October 2023,31 October 2023
108789,DDD,2013J,01 October 2023,31 October 2023
111548,DDD,2013J,01 October 2023,31 October 2023
111926,DDD,2013J,01 October 2023,31 October 2023
114558,DDD,2013J,01 October 2023,31 October 2023
118887,DDD,2013J,01 October 2023,31 October 2023
120999,DDD,2013J,01 October 2023,31 October 2023
122739,DDD,2013J,01 October 2023,31 October 2023
123497,DDD,2013J,01 October 2023,31 October 2023
123957,DDD,2013J,01 October 2023,31 October 2023
124006,DDD,2013J,01 October 2023,31 October 2023
124387,DDD,2013J,01 October 2023,31 October 2023
127988,DDD,2013J,01 October 2023,31 October 2023
128656,DDD,2013J,01 October 2023,31 October 2023
130467,DDD,2013J,01 October 2023,31 October 2023
130837,DDD,2013J,01 October 2023,31 October 2023
132401,DDD,2013J,01 October 2023,31 October 2023
135385,DDD,2013J,01 October 2023,31 October 2023
138715,DDD,2013J,01 October 2023,31 October 2023
139843,DDD,2013J,01 October 2023,31 October 2023
140807,DDD,2013J,01 October 2023,31 October 2023
141301,DDD,2013J,01 October 2023,31 October 2023
144895,DDD,2013J,01 October 2023,31 October 2023
146485,DDD,2013J,01 October 2023,31 October 2023
146666,DDD,2013J,01 October 2023,31 October 2023
148008,DDD,2013J,01 October 2023,31 October 2023
148515,DDD,2013J,01 October 2023,31 October 2023
156783,DDD,2013J,01 October 2023,31 October 2023
158611,DDD,2013J,01 October 2023,31 October 2023
160178,DDD,2013J,01 October 2023,31 October 2023
162337,DDD,2013J,01 October 2023,31 October 2023
164935,DDD,2013J,01 October 2023,31 October 2023
165178,DDD,2013J,01 October 2023,31 October 2023
169079,DDD,2013J,01 October 2023,31 October 2023
169700,DDD,2013J,01 October 2023,31 October 2023
173370,DDD,2013J,01 October 2023,31 October 2023
177354,DDD,2013J,01 October 2023,31 October 2023
178020,DDD,2013J,01 October 2023,31 October 2023
179718,DDD,2013J,01 October 2023,31 October 2023
180651,DDD,2013J,01 October 2023,31 October 2023
184025,DDD,2013J,01 October 2023,31 October 2023
185024,DDD,2013J,01 October 2023,31 October 2023
188875,DDD,2013J,01 October 2023,31 October 2023
191445,DDD,2013J,01 October 2023,31 October 2023
198953,DDD,2013J,01 October 2023,31 October 2023
202489,DDD,2013J,01 October 2023,31 October 2023
203066,DDD,2013J,01 October 2023,31 October 2023
204182,DDD,2013J,01 October 2023,31 October 2023
204505,DDD,2013J,01 October 2023,31 October 2023
205417,DDD,2013J,01 October 2023,31 October 2023
205442,DDD,2013J,01 October 2023,31 October 2023
227020,DDD,2013J,01 October 2023,31 October 2023
227167,DDD,2013J,01 October 2023,31 October 2023
228695,DDD,2013J,01 October 2023,31 October 2023
228888,DDD,2013J,01 October 2023,31 October 2023
230510,DDD,2013J,01 October 2023,31 October 2023
231572,DDD,2013J,01 October 2023,31 October 2023
232078,DDD,2013J,01 October 2023,31 October 2023
234406,DDD,2013J,01 October 2023,31 October 2023
234827,DDD,2013J,01 October 2023,31 October 2023
235777,DDD,2013J,01 October 2023,31 October 2023
236150,DDD,2013J,01 October 2023,31 October 2023
236857,DDD,2013J,01 October 2023,31 October 2023
236953,DDD,2013J,01 October 2023,31 October 2023
237418,DDD,2013J,01 October 2023,31 October 2023
237506,DDD,2013J,01 October 2023,31 October 2023
237602,DDD,2013J,01 October 2023,31 October 2023
237808,DDD,2013J,01 October 2023,31 October 2023
238800,DDD,2013J,01 October 2023,31 October 2023
238983,DDD,2013J,01 October 2023,31 October 2023
240641,DDD,2013J,01 October 2023,31 October 2023
242472,DDD,2013J,01 October 2023,31 October 2023
243372,DDD,2013J,01 October 2023,31 October 2023
245653,DDD,2013J,01 October 2023,31 October 2023
245946,DDD,2013J,01 October 2023,31 October 2023
248695,DDD,2013J,01 October 2023,31 October 2023
248961,DDD,2013J,01 October 2023,31 October 2023
249704,DDD,2013J,01 October 2023,31 October 2023
250163,DDD,2013J,01 October 2023,31 October 2023
250456,DDD,2013J,01 October 2023,31 October 2023
250644,DDD,2013J,01 October 2023,31 October 2023
253579,DDD,2013J,01 October 2023,31 October 2023
255622,DDD,2013J,01 October 2023,31 October 2023
257167,DDD,2013J,01 October 2023,31 October 2023
257359,DDD,2013J,01 October 2023,31 October 2023
258010,DDD,2013J,01 October 2023,31 October 2023
259060,DDD,2013J,01 October 2023,31 October 2023
259951,DDD,2013J,01 October 2023,31 October 2023
261495,DDD,2013J,01 October 2023,31 October 2023
266286,DDD,2013J,01 October 2023,31 October 2023
267871,DDD,2013J,01 October 2023,31 October 2023
268817,DDD,2013J,01 October 2023,31 October 2023
269065,DDD,2013J,01 October 2023,31 October 2023
270393,DDD,2013J,01 October 2023,31 October 2023
270493,DDD,2013J,01 October 2023,31 October 2023
271206,DDD,2013J,01 October 2023,31 October 2023
273106,DDD,2013J,01 October 2023,31 October 2023
274712,DDD,2013J,01 October 2023,31 October 2023
274964,DDD,2013J,01 October 2023,31 October 2023
275232,DDD,2013J,01 October 2023,31 October 2023
276857,DDD,2013J,01 October 2023,31 October 2023
277412,DDD,2013J,01 October 2023,31 October 2023
277596,DDD,2013J,01 October 2023,31 October 2023
277729,DDD,2013J,01 October 2023,31 October 2023
280541,DDD,2013J,01 October 2023,31 October 2023
281656,DDD,2013J,01 October 2023,31 October 2023
282317,DDD,2013J,01 October 2023,31 October 2023
283401,DDD,2013J,01 October 2023,31 October 2023
283535,DDD,2013J,01 October 2023,31 October 2023
284540,DDD,2013J,01 October 2023,31 October 2023
285085,DDD,2013J,01 October 2023,31 October 2023
285557,DDD,2013J,01 October 2023,31 October 2023
286449,DDD,2013J,01 October 2023,31 October 2023
286842,DDD,2013J,01 October 2023,31 October 2023
287783,DDD,2013J,01 October 2023,31 October 2023
289529,DDD,2013J,01 October 2023,31 October 2023
290371,DDD,2013J,01 October 2023,31 October 2023
293853,DDD,2013J,01 October 2023,31 October 2023
294364,DDD,2013J,01 October 2023,31 October 2023
296813,DDD,2013J,01 October 2023,31 October 2023
296849,DDD,2013J,01 October 2023,31 October 2023
297382,DDD,2013J,01 October 2023,31 October 2023
298402,DDD,2013J,01 October 2023,31 October 2023
298911,DDD,2013J,01 October 2023,31 October 2023
299473,DDD,2013J,01 October 2023,31 October 2023
303582,DDD,2013J,01 October 2023,31 October 2023
305535,DDD,2013J,01 October 2023,31 October 2023
308231,DDD,2013J,01 October 2023,31 October 2023
308707,DDD,2013J,01 October 2023,31 October 2023
308982,DDD,2013J,01 October 2023,31 October 2023
309258,DDD,2013J,01 October 2023,31 October 2023
311474,DDD,2013J,01 October 2023,31 October 2023
311877,DDD,2013J,01 October 2023,31 October 2023
314123,DDD,2013J,01 October 2023,31 October 2023
314219,DDD,2013J,01 October 2023,31 October 2023
315082,DDD,2013J,01 October 2023,31 October 2023
315388,DDD,2013J,01 October 2023,31 October 2023
315517,DDD,2013J,01 October 2023,31 October 2023
315625,DDD,2013J,01 October 2023,31 October 2023
315730,DDD,2013J,01 October 2023,31 October 2023
315909,DDD,2013J,01 October 2023,31 October 2023
317096,DDD,2013J,01 October 2023,31 October 2023
318794,DDD,2013J,01 October 2023,31 October 2023
318977,DDD,2013J,01 October 2023,31 October 2023
319479,DDD,2013J,01 October 2023,31 October 2023
320963,DDD,2013J,01 October 2023,31 October 2023
328173,DDD,2013J,01 October 2023,31 October 2023
331315,DDD,2013J,01 October 2023,31 October 2023
331404,DDD,2013J,01 October 2023,31 October 2023
332309,DDD,2013J,01 October 2023,31 October 2023
332726,DDD,2013J,01 October 2023,31 October 2023
333155,DDD,2013J,01 October 2023,31 October 2023
334255,DDD,2013J,01 October 2023,31 October 2023
334257,DDD,2013J,01 October 2023,31 October 2023
335018,DDD,2013J,01 October 2023,31 October 2023
336037,DDD,2013J,01 October 2023,31 October 2023
337314,DDD,2013J,01 October 2023,31 October 2023
338034,DDD,2013J,01 October 2023,31 October 2023
339739,DDD,2013J,01 October 2023,31 October 2023
339924,DDD,2013J,01 October 2023,31 October 2023
341854,DDD,2013J,01 October 2023,31 October 2023
341855,DDD,2013J,01 October 2023,31 October 2023
342100,DDD,2013J,01 October 2023,31 October 2023
342387,DDD,2013J,01 October 2023,31 October 2023
342483,DDD,2013J,01 October 2023,31 October 2023
342697,DDD,2013J,01 October 2023,31 October 2023
342949,DDD,2013J,01 October 2023,31 October 2023
343238,DDD,2013J,01 October 2023,31 October 2023
343781,DDD,2013J,01 October 2023,31 October 2023
343911,DDD,2013J,01 October 2023,31 October 2023
346333,DDD,2013J,01 October 2023,31 October 2023
348547,DDD,2013J,01 October 2023,31 October 2023
349182,DDD,2013J,01 October 2023,31 October 2023
349710,DDD,2013J,01 October 2023,31 October 2023
350164,DDD,2013J,01 October 2023,31 October 2023
350644,DDD,2013J,01 October 2023,31 October 2023
350949,DDD,2013J,01 October 2023,31 October 2023
352051,DDD,2013J,01 October 2023,31 October 2023
352641,DDD,2013J,01 October 2023,31 October 2023
352771,DDD,2013J,01 October 2023,31 October 2023
355510,DDD,2013J,01 October 2023,31 October 2023
358504,DDD,2013J,01 October 2023,31 October 2023
359855,DDD,2013J,01 October 2023,31 October 2023
359943,DDD,2013J,01 October 2023,31 October 2023
361243,DDD,2013J,01 October 2023,31 October 2023
361889,DDD,2013J,01 October 2023,31 October 2023
362647,DDD,2013J,01 October 2023,31 October 2023
363990,DDD,2013J,01 October 2023,31 October 2023
364239,DDD,2013J,01 October 2023,31 October 2023
364547,DDD,2013J,01 October 2023,31 October 2023
364770,DDD,2013J,01 October 2023,31 October 2023
365239,DDD,2013J,01 October 2023,31 October 2023
365893,DDD,2013J,01 October 2023,31 October 2023
365939,DDD,2013J,01 October 2023,31 October 2023
366267,DDD,2013J,01 October 2023,31 October 2023
366449,DDD,2013J,01 October 2023,31 October 2023
366535,DDD,2013J,01 October 2023,31 October 2023
366987,DDD,2013J,01 October 2023,31 October 2023
367045,DDD,2013J,01 October 2023,31 October 2023
368106,DDD,2013J,01 October 2023,31 October 2023
369319,DDD,2013J,01 October 2023,31 October 2023
370294,DDD,2013J,01 October 2023,31 October 2023
370367,DDD,2013J,01 October 2023,31 October 2023
370920,DDD,2013J,01 October 2023,31 October 2023
371362,DDD,2013J,01 October 2023,31 October 2023
373237,DDD,2013J,01 October 2023,31 October 2023
373280,DDD,2013J,01 October 2023,31 October 2023
374636,DDD,2013J,01 October 2023,31 October 2023
376067,DDD,2013J,01 October 2023,31 October 2023
378825,DDD,2013J,01 October 2023,31 October 2023
379023,DDD,2013J,01 October 2023,31 October 2023
379124,DDD,2013J,01 October 2023,31 October 2023
380138,DDD,2013J,01 October 2023,31 October 2023
380239,DDD,2013J,01 October 2023,31 October 2023
380253,DDD,2013J,01 October 2023,31 October 2023
380429,DDD,2013J,01 October 2023,31 October 2023
380662,DDD,2013J,01 October 2023,31 October 2023
381539,DDD,2013J,01 October 2023,31 October 2023
382742,DDD,2013J,01 October 2023,31 October 2023
382879,DDD,2013J,01 October 2023,31 October 2023
383694,DDD,2013J,01 October 2023,31 October 2023
383785,DDD,2013J,01 October 2023,31 October 2023
383978,DDD,2013J,01 October 2023,31 October 2023
384153,DDD,2013J,01 October 2023,31 October 2023
384999,DDD,2013J,01 October 2023,31 October 2023
385218,DDD,2013J,01 October 2023,31 October 2023
385495,DDD,2013J,01 October 2023,31 October 2023
385937,DDD,2013J,01 October 2023,31 October 2023
386912,DDD,2013J,01 October 2023,31 October 2023
387359,DDD,2013J,01 October 2023,31 October 2023
387453,DDD,2013J,01 October 2023,31 October 2023
388947,DDD,2013J,01 October 2023,31 October 2023
389025,DDD,2013J,01 October 2023,31 October 2023
389639,DDD,2013J,01 October 2023,31 October 2023
390029,DDD,2013J,01 October 2023,31 October 2023
390556,DDD,2013J,01 October 2023,31 October 2023
390690,DDD,2013J,01 October 2023,31 October 2023
391537,DDD,2013J,01 October 2023,31 October 2023
391578,DDD,2013J,01 October 2023,31 October 2023
392626,DDD,2013J,01 October 2023,31 October 2023
392664,DDD,2013J,01 October 2023,31 October 2023
392713,DDD,2013J,01 October 2023,31 October 2023
394076,DDD,2013J,01 October 2023,31 October 2023
394384,DDD,2013J,01 October 2023,31 October 2023
394951,DDD,2013J,01 October 2023,31 October 2023
396028,DDD,2013J,01 October 2023,31 October 2023
396210,DDD,2013J,01 October 2023,31 October 2023
396292,DDD,2013J,01 October 2023,31 October 2023
396668,DDD,2013J,01 October 2023,31 October 2023
398529,DDD,2013J,01 October 2023,31 October 2023
399203,DDD,2013J,01 October 2023,31 October 2023
399453,DDD,2013J,01 October 2023,31 October 2023
399794,DDD,2013J,01 October 2023,31 October 2023
399843,DDD,2013J,01 October 2023,31 October 2023
399935,DDD,2013J,01 October 2023,31 October 2023
400942,DDD,2013J,01 October 2023,31 October 2023
401947,DDD,2013J,01 October 2023,31 October 2023
402433,DDD,2013J,01 October 2023,31 October 2023
403052,DDD,2013J,01 October 2023,31 October 2023
405336,DDD,2013J,01 October 2023,31 October 2023
406224,DDD,2013J,01 October 2023,31 October 2023
407374,DDD,2013J,01 October 2023,31 October 2023
408061,DDD,2013J,01 October 2023,31 October 2023
408239,DDD,2013J,01 October 2023,31 October 2023
408817,DDD,2013J,01 October 2023,31 October 2023
409056,DDD,2013J,01 October 2023,31 October 2023
409105,DDD,2013J,01 October 2023,31 October 2023
409794,DDD,2013J,01 October 2023,31 October 2023
410084,DDD,2013J,01 October 2023,31 October 2023
410767,DDD,2013J,01 October 2023,31 October 2023
411707,DDD,2013J,01 October 2023,31 October 2023
411730,DDD,2013J,01 October 2023,31 October 2023
412175,DDD,2013J,01 October 2023,31 October 2023
412618,DDD,2013J,01 October 2023,31 October 2023
414077,DDD,2013J,01 October 2023,31 October 2023
414247,DDD,2013J,01 October 2023,31 October 2023
415151,DDD,2013J,01 October 2023,31 October 2023
415187,DDD,2013J,01 October 2023,31 October 2023
416243,DDD,2013J,01 October 2023,31 October 2023
418159,DDD,2013J,01 October 2023,31 October 2023
419192,DDD,2013J,01 October 2023,31 October 2023
419517,DDD,2013J,01 October 2023,31 October 2023
419822,DDD,2013J,01 October 2023,31 October 2023
420650,DDD,2013J,01 October 2023,31 October 2023
420745,DDD,2013J,01 October 2023,31 October 2023
421301,DDD,2013J,01 October 2023,31 October 2023
422276,DDD,2013J,01 October 2023,31 October 2023
422534,DDD,2013J,01 October 2023,31 October 2023
423147,DDD,2013J,01 October 2023,31 October 2023
425543,DDD,2013J,01 October 2023,31 October 2023
426097,DDD,2013J,01 October 2023,31 October 2023
426887,DDD,2013J,01 October 2023,31 October 2023
427248,DDD,2013J,01 October 2023,31 October 2023
427344,DDD,2013J,01 October 2023,31 October 2023
428321,DDD,2013J,01 October 2023,31 October 2023
429212,DDD,2013J,01 October 2023,31 October 2023
429854,DDD,2013J,01 October 2023,31 October 2023
430356,DDD,2013J,01 October 2023,31 October 2023
432624,DDD,2013J,01 October 2023,31 October 2023
432862,DDD,2013J,01 October 2023,31 October 2023
432968,DDD,2013J,01 October 2023,31 October 2023
433748,DDD,2013J,01 October 2023,31 October 2023
434159,DDD,2013J,01 October 2023,31 October 2023
435587,DDD,2013J,01 October 2023,31 October 2023
437923,DDD,2013J,01 October 2023,31 October 2023
438290,DDD,2013J,01 October 2023,31 October 2023
438751,DDD,2013J,01 October 2023,31 October 2023
439568,DDD,2013J,01 October 2023,31 October 2023
439713,DDD,2013J,01 October 2023,31 October 2023
440003,DDD,2013J,01 October 2023,31 October 2023
441342,DDD,2013J,01 October 2023,31 October 2023
441444,DDD,2013J,01 October 2023,31 October 2023
441885,DDD,2013J,01 October 2023,31 October 2023
441892,DDD,2013J,01 October 2023,31 October 2023
442547,DDD,2013J,01 October 2023,31 October 2023
442589,DDD,2013J,01 October 2023,31 October 2023
442590,DDD,2013J,01 October 2023,31 October 2023
442878,DDD,2013J,01 October 2023,31 October 2023
443400,DDD,2013J,01 October 2023,31 October 2023
443438,DDD,2013J,01 October 2023,31 October 2023
443540,DDD,2013J,01 October 2023,31 October 2023
443731,DDD,2013J,01 October 2023,31 October 2023
444063,DDD,2013J,01 October 2023,31 October 2023
444317,DDD,2013J,01 October 2023,31 October 2023
444375,DDD,2013J,01 October 2023,31 October 2023
444541,DDD,2013J,01 October 2023,31 October 2023
444847,DDD,2013J,01 October 2023,31 October 2023
444909,DDD,2013J,01 October 2023,31 October 2023
445109,DDD,2013J,01 October 2023,31 October 2023
445386,DDD,2013J,01 October 2023,31 October 2023
445749,DDD,2013J,01 October 2023,31 October 2023
445785,DDD,2013J,01 October 2023,31 October 2023
445930,DDD,2013J,01 October 2023,31 October 2023
446246,DDD,2013J,01 October 2023,31 October 2023
446279,DDD,2013J,01 October 2023,31 October 2023
446448,DDD,2013J,01 October 2023,31 October 2023
447059,DDD,2013J,01 October 2023,31 October 2023
465418,DDD,2013J,01 October 2023,31 October 2023
465441,DDD,2013J,01 October 2023,31 October 2023
465629,DDD,2013J,01 October 2023,31 October 2023
466539,DDD,2013J,01 October 2023,31 October 2023
466880,DDD,2013J,01 October 2023,31 October 2023
467776,DDD,2013J,01 October 2023,31 October 2023
468657,DDD,2013J,01 October 2023,31 October 2023
468927,DDD,2013J,01 October 2023,31 October 2023
469389,DDD,2013J,01 October 2023,31 October 2023
469465,DDD,2013J,01 October 2023,31 October 2023
469553,DDD,2013J,01 October 2023,31 October 2023
470403,DDD,2013J,01 October 2023,31 October 2023
471373,DDD,2013J,01 October 2023,31 October 2023
472000,DDD,2013J,01 October 2023,31 October 2023
473104,DDD,2013J,01 October 2023,31 October 2023
473340,DDD,2013J,01 October 2023,31 October 2023
473378,DDD,2013J,01 October 2023,31 October 2023
473406,DDD,2013J,01 October 2023,31 October 2023
474246,DDD,2013J,01 October 2023,31 October 2023
474385,DDD,2013J,01 October 2023,31 October 2023
474508,DDD,2013J,01 October 2023,31 October 2023
474902,DDD,2013J,01 October 2023,31 October 2023
476144,DDD,2013J,01 October 2023,31 October 2023
476170,DDD,2013J,01 October 2023,31 October 2023
476355,DDD,2013J,01 October 2023,31 October 2023
476822,DDD,2013J,01 October 2023,31 October 2023
476906,DDD,2013J,01 October 2023,31 October 2023
477120,DDD,2013J,01 October 2023,31 October 2023
477128,DDD,2013J,01 October 2023,31 October 2023
477161,DDD,2013J,01 October 2023,31 October 2023
477348,DDD,2013J,01 October 2023,31 October 2023
477412,DDD,2013J,01 October 2023,31 October 2023
478238,DDD,2013J,01 October 2023,31 October 2023
478244,DDD,2013J,01 October 2023,31 October 2023
478289,DDD,2013J,01 October 2023,31 October 2023
478692,DDD,2013J,01 October 2023,31 October 2023
479141,DDD,2013J,01 October 2023,31 October 2023
479457,DDD,2013J,01 October 2023,31 October 2023
479848,DDD,2013J,01 October 2023,31 October 2023
479977,DDD,2013J,01 October 2023,31 October 2023
480716,DDD,2013J,01 October 2023,31 October 2023
480938,DDD,2013J,01 October 2023,31 October 2023
481538,DDD,2013J,01 October 2023,31 October 2023
481667,DDD,2013J,01 October 2023,31 October 2023
481863,DDD,2013J,01 October 2023,31 October 2023
482083,DDD,2013J,01 October 2023,31 October 2023
482173,DDD,2013J,01 October 2023,31 October 2023
482635,DDD,2013J,01 October 2023,31 October 2023
483362,DDD,2013J,01 October 2023,31 October 2023
483934,DDD,2013J,01 October 2023,31 October 2023
484355,DDD,2013J,01 October 2023,31 October 2023
484423,DDD,2013J,01 October 2023,31 October 2023
484436,DDD,2013J,01 October 2023,31 October 2023
485195,DDD,2013J,01 October 2023,31 October 2023
485506,DDD,2013J,01 October 2023,31 October 2023
485734,DDD,2013J,01 October 2023,31 October 2023
485791,DDD,2013J,01 October 2023,31 October 2023
486533,DDD,2013J,01 October 2023,31 October 2023
486777,DDD,2013J,01 October 2023,31 October 2023
486890,DDD,2013J,01 October 2023,31 October 2023
487293,DDD,2013J,01 October 2023,31 October 2023
487556,DDD,2013J,01 October 2023,31 October 2023
488198,DDD,2013J,01 October 2023,31 October 2023
488550,DDD,2013J,01 October 2023,31 October 2023
488575,DDD,2013J,01 October 2023,31 October 2023
488680,DDD,2013J,01 October 2023,31 October 2023
489084,DDD,2013J,01 October 2023,31 October 2023
489150,DDD,2013J,01 October 2023,31 October 2023
489209,DDD,2013J,01 October 2023,31 October 2023
489410,DDD,2013J,01 October 2023,31 October 2023
490164,DDD,2013J,01 October 2023,31 October 2023
490530,DDD,2013J,01 October 2023,31 October 2023
490738,DDD,2013J,01 October 2023,31 October 2023
491081,DDD,2013J,01 October 2023,31 October 2023
491110,DDD,2013J,01 October 2023,31 October 2023
491688,DDD,2013J,01 October 2023,31 October 2023
491874,DDD,2013J,01 October 2023,31 October 2023
491875,DDD,2013J,01 October 2023,31 October 2023
491912,DDD,2013J,01 October 2023,31 October 2023
492552,DDD,2013J,01 October 2023,31 October 2023
492635,DDD,2013J,01 October 2023,31 October 2023
492740,DDD,2013J,01 October 2023,31 October 2023
492842,DDD,2013J,01 October 2023,31 October 2023
493147,DDD,2013J,01 October 2023,31 October 2023
493207,DDD,2013J,01 October 2023,31 October 2023
493404,DDD,2013J,01 October 2023,31 October 2023
493725,DDD,2013J,01 October 2023,31 October 2023
493876,DDD,2013J,01 October 2023,31 October 2023
493879,DDD,2013J,01 October 2023,31 October 2023
494667,DDD,2013J,01 October 2023,31 October 2023
494722,DDD,2013J,01 October 2023,31 October 2023
494728,DDD,2013J,01 October 2023,31 October 2023
495762,DDD,2013J,01 October 2023,31 October 2023
496154,DDD,2013J,01 October 2023,31 October 2023
496185,DDD,2013J,01 October 2023,31 October 2023
496315,DDD,2013J,01 October 2023,31 October 2023
497229,DDD,2013J,01 October 2023,31 October 2023
497590,DDD,2013J,01 October 2023,31 October 2023
497809,DDD,2013J,01 October 2023,31 October 2023
497994,DDD,2013J,01 October 2023,31 October 2023
498793,DDD,2013J,01 October 2023,31 October 2023
498821,DDD,2013J,01 October 2023,31 October 2023
498877,DDD,2013J,01 October 2023,31 October 2023
498903,DDD,2013J,01 October 2023,31 October 2023
499392,DDD,2013J,01 October 2023,31 October 2023
499469,DDD,2013J,01 October 2023,31 October 2023
500283,DDD,2013J,01 October 2023,31 October 2023
500521,DDD,2013J,01 October 2023,31 October 2023
500581,DDD,2013J,01 October 2023,31 October 2023
500707,DDD,2013J,01 October 2023,31 October 2023
500785,DDD,2013J,01 October 2023,31 October 2023
501203,DDD,2013J,01 October 2023,31 October 2023
501488,DDD,2013J,01 October 2023,31 October 2023
501723,DDD,2013J,01 October 2023,31 October 2023
502051,DDD,2013J,01 October 2023,31 October 2023
502057,DDD,2013J,01 October 2023,31 October 2023
502207,DDD,2013J,01 October 2023,31 October 2023
502477,DDD,2013J,01 October 2023,31 October 2023
502638,DDD,2013J,01 October 2023,31 October 2023
502642,DDD,2013J,01 October 2023,31 October 2023
503023,DDD,2013J,01 October 2023,31 October 2023
503783,DDD,2013J,01 October 2023,31 October 2023
503838,DDD,2013J,01 October 2023,31 October 2023
504034,DDD,2013J,01 October 2023,31 October 2023
504064,DDD,2013J,01 October 2023,31 October 2023
504234,DDD,2013J,01 October 2023,31 October 2023
504368,DDD,2013J,01 October 2023,31 October 2023
504429,DDD,2013J,01 October 2023,31 October 2023
504552,DDD,2013J,01 October 2023,31 October 2023
504596,DDD,2013J,01 October 2023,31 October 2023
504862,DDD,2013J,01 October 2023,31 October 2023
505142,DDD,2013J,01 October 2023,31 October 2023
505209,DDD,2013J,01 October 2023,31 October 2023
505561,DDD,2013J,01 October 2023,31 October 2023
505856,DDD,2013J,01 October 2023,31 October 2023
506476,DDD,2013J,01 October 2023,31 October 2023
506582,DDD,2013J,01 October 2023,31 October 2023
506597,DDD,2013J,01 October 2023,31 October 2023
507113,DDD,2013J,01 October 2023,31 October 2023
507115,DDD,2013J,01 October 2023,31 October 2023
507257,DDD,2013J,01 October 2023,31 October 2023
507285,DDD,2013J,01 October 2023,31 October 2023
507478,DDD,2013J,01 October 2023,31 October 2023
508227,DDD,2013J,01 October 2023,31 October 2023
508246,DDD,2013J,01 October 2023,31 October 2023
508601,DDD,2013J,01 October 2023,31 October 2023
508615,DDD,2013J,01 October 2023,31 October 2023
508785,DDD,2013J,01 October 2023,31 October 2023
509279,DDD,2013J,01 October 2023,31 October 2023
509327,DDD,2013J,01 October 2023,31 October 2023
509416,DDD,2013J,01 October 2023,31 October 2023
509501,DDD,2013J,01 October 2023,31 October 2023
509610,DDD,2013J,01 October 2023,31 October 2023
509929,DDD,2013J,01 October 2023,31 October 2023
510182,DDD,2013J,01 October 2023,31 October 2023
510864,DDD,2013J,01 October 2023,31 October 2023
510873,DDD,2013J,01 October 2023,31 October 2023
511282,DDD,2013J,01 October 2023,31 October 2023
511453,DDD,2013J,01 October 2023,31 October 2023
511636,DDD,2013J,01 October 2023,31 October 2023
511890,DDD,2013J,01 October 2023,31 October 2023
512050,DDD,2013J,01 October 2023,31 October 2023
512525,DDD,2013J,01 October 2023,31 October 2023
512706,DDD,2013J,01 October 2023,31 October 2023
513007,DDD,2013J,01 October 2023,31 October 2023
513204,DDD,2013J,01 October 2023,31 October 2023
513349,DDD,2013J,01 October 2023,31 October 2023
513356,DDD,2013J,01 October 2023,31 October 2023
513482,DDD,2013J,01 October 2023,31 October 2023
513499,DDD,2013J,01 October 2023,31 October 2023
513853,DDD,2013J,01 October 2023,31 October 2023
513954,DDD,2013J,01 October 2023,31 October 2023
514125,DDD,2013J,01 October 2023,31 October 2023
514495,DDD,2013J,01 October 2023,31 October 2023
514852,DDD,2013J,01 October 2023,31 October 2023
514934,DDD,2013J,01 October 2023,31 October 2023
515056,DDD,2013J,01 October 2023,31 October 2023
515247,DDD,2013J,01 October 2023,31 October 2023
515520,DDD,2013J,01 October 2023,31 October 2023
516343,DDD,2013J,01 October 2023,31 October 2023
516653,DDD,2013J,01 October 2023,31 October 2023
516946,DDD,2013J,01 October 2023,31 October 2023
517093,DDD,2013J,01 October 2023,31 October 2023
518194,DDD,2013J,01 October 2023,31 October 2023
518709,DDD,2013J,01 October 2023,31 October 2023
518731,DDD,2013J,01 October 2023,31 October 2023
518951,DDD,2013J,01 October 2023,31 October 2023
519100,DDD,2013J,01 October 2023,31 October 2023
519211,DDD,2013J,01 October 2023,31 October 2023
519358,DDD,2013J,01 October 2023,31 October 2023
519449,DDD,2013J,01 October 2023,31 October 2023
519552,DDD,2013J,01 October 2023,31 October 2023
519961,DDD,2013J,01 October 2023,31 October 2023
520150,DDD,2013J,01 October 2023,31 October 2023
520891,DDD,2013J,01 October 2023,31 October 2023
522363,DDD,2013J,01 October 2023,31 October 2023
522473,DDD,2013J,01 October 2023,31 October 2023
522690,DDD,2013J,01 October 2023,31 October 2023
522777,DDD,2013J,01 October 2023,31 October 2023
523047,DDD,2013J,01 October 2023,31 October 2023
523248,DDD,2013J,01 October 2023,31 October 2023
523275,DDD,2013J,01 October 2023,31 October 2023
523583,DDD,2013J,01 October 2023,31 October 2023
523632,DDD,2013J,01 October 2023,31 October 2023
523834,DDD,2013J,01 October 2023,31 October 2023
524575,DDD,2013J,01 October 2023,31 October 2023
524711,DDD,2013J,01 October 2023,31 October 2023
524730,DDD,2013J,01 October 2023,31 October 2023
524791,DDD,2013J,01 October 2023,31 October 2023
525189,DDD,2013J,01 October 2023,31 October 2023
525456,DDD,2013J,01 October 2023,31 October 2023
525472,DDD,2013J,01 October 2023,31 October 2023
525800,DDD,2013J,01 October 2023,31 October 2023
526098,DDD,2013J,01 October 2023,31 October 2023
526158,DDD,2013J,01 October 2023,31 October 2023
526242,DDD,2013J,01 October 2023,31 October 2023
526659,DDD,2013J,01 October 2023,31 October 2023
526679,DDD,2013J,01 October 2023,31 October 2023
527427,DDD,2013J,01 October 2023,31 October 2023
527574,DDD,2013J,01 October 2023,31 October 2023
527751,DDD,2013J,01 October 2023,31 October 2023
527954,DDD,2013J,01 October 2023,31 October 2023
528467,DDD,2013J,01 October 2023,31 October 2023
528551,DDD,2013J,01 October 2023,31 October 2023
528971,DDD,2013J,01 October 2023,31 October 2023
529226,DDD,2013J,01 October 2023,31 October 2023
529522,DDD,2013J,01 October 2023,31 October 2023
529868,DDD,2013J,01 October 2023,31 October 2023
530519,DDD,2013J,01 October 2023,31 October 2023
530967,DDD,2013J,01 October 2023,31 October 2023
531234,DDD,2013J,01 October 2023,31 October 2023
531402,DDD,2013J,01 October 2023,31 October 2023
532116,DDD,2013J,01 October 2023,31 October 2023
532683,DDD,2013J,01 October 2023,31 October 2023
532863,DDD,2013J,01 October 2023,31 October 2023
532941,DDD,2013J,01 October 2023,31 October 2023
533988,DDD,2013J,01 October 2023,31 October 2023
535220,DDD,2013J,01 October 2023,31 October 2023
535351,DDD,2013J,01 October 2023,31 October 2023
535632,DDD,2013J,01 October 2023,31 October 2023
535794,DDD,2013J,01 October 2023,31 October 2023
536199,DDD,2013J,01 October 2023,31 October 2023
536979,DDD,2013J,01 October 2023,31 October 2023
537691,DDD,2013J,01 October 2023,31 October 2023
537747,DDD,2013J,01 October 2023,31 October 2023
537918,DDD,2013J,01 October 2023,31 October 2023
537962,DDD,2013J,01 October 2023,31 October 2023
538863,DDD,2013J,01 October 2023,31 October 2023
538903,DDD,2013J,01 October 2023,31 October 2023
539872,DDD,2013J,01 October 2023,31 October 2023
540806,DDD,2013J,01 October 2023,31 October 2023
540947,DDD,2013J,01 October 2023,31 October 2023
541108,DDD,2013J,01 October 2023,31 October 2023
542244,DDD,2013J,01 October 2023,31 October 2023
542321,DDD,2013J,01 October 2023,31 October 2023
542558,DDD,2013J,01 October 2023,31 October 2023
543481,DDD,2013J,01 October 2023,31 October 2023
543648,DDD,2013J,01 October 2023,31 October 2023
543723,DDD,2013J,01 October 2023,31 October 2023
543825,DDD,2013J,01 October 2023,31 October 2023
544031,DDD,2013J,01 October 2023,31 October 2023
544155,DDD,2013J,01 October 2023,31 October 2023
544499,DDD,2013J,01 October 2023,31 October 2023
544576,DDD,2013J,01 October 2023,31 October 2023
544587,DDD,2013J,01 October 2023,31 October 2023
544982,DDD,2013J,01 October 2023,31 October 2023
545093,DDD,2013J,01 October 2023,31 October 2023
545124,DDD,2013J,01 October 2023,31 October 2023
545179,DDD,2013J,01 October 2023,31 October 2023
545211,DDD,2013J,01 October 2023,31 October 2023
545769,DDD,2013J,01 October 2023,31 October 2023
545991,DDD,2013J,01 October 2023,31 October 2023
546722,DDD,2013J,01 October 2023,31 October 2023
546809,DDD,2013J,01 October 2023,31 October 2023
546852,DDD,2013J,01 October 2023,31 October 2023
547378,DDD,2013J,01 October 2023,31 October 2023
547448,DDD,2013J,01 October 2023,31 October 2023
547584,DDD,2013J,01 October 2023,31 October 2023
547737,DDD,2013J,01 October 2023,31 October 2023
548027,DDD,2013J,01 October 2023,31 October 2023
548301,DDD,2013J,01 October 2023,31 October 2023
548825,DDD,2013J,01 October 2023,31 October 2023
548851,DDD,2013J,01 October 2023,31 October 2023
549032,DDD,2013J,01 October 2023,31 October 2023
549160,DDD,2013J,01 October 2023,31 October 2023
549337,DDD,2013J,01 October 2023,31 October 2023
549601,DDD,2013J,01 October 2023,31 October 2023
550331,DDD,2013J,01 October 2023,31 October 2023
550380,DDD,2013J,01 October 2023,31 October 2023
551126,DDD,2013J,01 October 2023,31 October 2023
551456,DDD,2013J,01 October 2023,31 October 2023
551674,DDD,2013J,01 October 2023,31 October 2023
551760,DDD,2013J,01 October 2023,31 October 2023
551774,DDD,2013J,01 October 2023,31 October 2023
552003,DDD,2013J,01 October 2023,31 October 2023
552192,DDD,2013J,01 October 2023,31 October 2023
552282,DDD,2013J,01 October 2023,31 October 2023
552313,DDD,2013J,01 October 2023,31 October 2023
552537,DDD,2013J,01 October 2023,31 October 2023
552747,DDD,2013J,01 October 2023,31 October 2023
552898,DDD,2013J,01 October 2023,31 October 2023
553170,DDD,2013J,01 October 2023,31 October 2023
553301,DDD,2013J,01 October 2023,31 October 2023
553353,DDD,2013J,01 October 2023,31 October 2023
553832,DDD,2013J,01 October 2023,31 October 2023
553992,DDD,2013J,01 October 2023,31 October 2023
554283,DDD,2013J,01 October 2023,31 October 2023
554356,DDD,2013J,01 October 2023,31 October 2023
555239,DDD,2013J,01 October 2023,31 October 2023
555316,DDD,2013J,01 October 2023,31 October 2023
555422,DDD,2013J,01 October 2023,31 October 2023
555636,DDD,2013J,01 October 2023,31 October 2023
555644,DDD,2013J,01 October 2023,31 October 2023
555791,DDD,2013J,01 October 2023,31 October 2023
556539,DDD,2013J,01 October 2023,31 October 2023
556751,DDD,2013J,01 October 2023,31 October 2023
556821,DDD,2013J,01 October 2023,31 October 2023
557320,DDD,2013J,01 October 2023,31 October 2023
557474,DDD,2013J,01 October 2023,31 October 2023
558021,DDD,2013J,01 October 2023,31 October 2023
558029,DDD,2013J,01 October 2023,31 October 2023
558052,DDD,2013J,01 October 2023,31 October 2023
558140,DDD,2013J,01 October 2023,31 October 2023
558765,DDD,2013J,01 October 2023,31 October 2023
559096,DDD,2013J,01 October 2023,31 October 2023
559123,DDD,2013J,01 October 2023,31 October 2023
559140,DDD,2013J,01 October 2023,31 October 2023
559540,DDD,2013J,01 October 2023,31 October 2023
559547,DDD,2013J,01 October 2023,31 October 2023
559680,DDD,2013J,01 October 2023,31 October 2023
559735,DDD,2013J,01 October 2023,31 October 2023
559855,DDD,2013J,01 October 2023,31 October 2023
559908,DDD,2013J,01 October 2023,31 October 2023
559992,DDD,2013J,01 October 2023,31 October 2023
560015,DDD,2013J,01 October 2023,31 October 2023
560243,DDD,2013J,01 October 2023,31 October 2023
560423,DDD,2013J,01 October 2023,31 October 2023
560486,DDD,2013J,01 October 2023,31 October 2023
560493,DDD,2013J,01 October 2023,31 October 2023
560759,DDD,2013J,01 October 2023,31 October 2023
560870,DDD,2013J,01 October 2023,31 October 2023
560948,DDD,2013J,01 October 2023,31 October 2023
561072,DDD,2013J,01 October 2023,31 October 2023
561272,DDD,2013J,01 October 2023,31 October 2023
561515,DDD,2013J,01 October 2023,31 October 2023
561807,DDD,2013J,01 October 2023,31 October 2023
561810,DDD,2013J,01 October 2023,31 October 2023
561819,DDD,2013J,01 October 2023,31 October 2023
561881,DDD,2013J,01 October 2023,31 October 2023
561905,DDD,2013J,01 October 2023,31 October 2023
561955,DDD,2013J,01 October 2023,31 October 2023
562064,DDD,2013J,01 October 2023,31 October 2023
562096,DDD,2013J,01 October 2023,31 October 2023
562100,DDD,2013J,01 October 2023,31 October 2023
562287,DDD,2013J,01 October 2023,31 October 2023
562490,DDD,2013J,01 October 2023,31 October 2023
562548,DDD,2013J,01 October 2023,31 October 2023
562561,DDD,2013J,01 October 2023,31 October 2023
562728,DDD,2013J,01 October 2023,31 October 2023
562758,DDD,2013J,01 October 2023,31 October 2023
562929,DDD,2013J,01 October 2023,31 October 2023
563503,DDD,2013J,01 October 2023,31 October 2023
563675,DDD,2013J,01 October 2023,31 October 2023
563718,DDD,2013J,01 October 2023,31 October 2023
563770,DDD,2013J,01 October 2023,31 October 2023
563847,DDD,2013J,01 October 2023,31 October 2023
563862,DDD,2013J,01 October 2023,31 October 2023
563888,DDD,2013J,01 October 2023,31 October 2023
563971,DDD,2013J,01 October 2023,31 October 2023
564454,DDD,2013J,01 October 2023,31 October 2023
565175,DDD,2013J,01 October 2023,31 October 2023
565301,DDD,2013J,01 October 2023,31 October 2023
565570,DDD,2013J,01 October 2023,31 October 2023
565657,DDD,2013J,01 October 2023,31 October 2023
565662,DDD,2013J,01 October 2023,31 October 2023
566134,DDD,2013J,01 October 2023,31 October 2023
566381,DDD,2013J,01 October 2023,31 October 2023
566445,DDD,2013J,01 October 2023,31 October 2023
566482,DDD,2013J,01 October 2023,31 October 2023
566553,DDD,2013J,01 October 2023,31 October 2023
566795,DDD,2013J,01 October 2023,31 October 2023
566810,DDD,2013J,01 October 2023,31 October 2023
567167,DDD,2013J,01 October 2023,31 October 2023
567176,DDD,2013J,01 October 2023,31 October 2023
567246,DDD,2013J,01 October 2023,31 October 2023
567292,DDD,2013J,01 October 2023,31 October 2023
567417,DDD,2013J,01 October 2023,31 October 2023
567970,DDD,2013J,01 October 2023,31 October 2023
568043,DDD,2013J,01 October 2023,31 October 2023
568045,DDD,2013J,01 October 2023,31 October 2023
568068,DDD,2013J,01 October 2023,31 October 2023
568196,DDD,2013J,01 October 2023,31 October 2023
568223,DDD,2013J,01 October 2023,31 October 2023
568296,DDD,2013J,01 October 2023,31 October 2023
568422,DDD,2013J,01 October 2023,31 October 2023
568566,DDD,2013J,01 October 2023,31 October 2023
568578,DDD,2013J,01 October 2023,31 October 2023
568580,DDD,2013J,01 October 2023,31 October 2023
568598,DDD,2013J,01 October 2023,31 October 2023
568668,DDD,2013J,01 October 2023,31 October 2023
568741,DDD,2013J,01 October 2023,31 October 2023
568835,DDD,2013J,01 October 2023,31 October 2023
568963,DDD,2013J,01 October 2023,31 October 2023
569279,DDD,2013J,01 October 2023,31 October 2023
569743,DDD,2013J,01 October 2023,31 October 2023
569857,DDD,2013J,01 October 2023,31 October 2023
569891,DDD,2013J,01 October 2023,31 October 2023
569935,DDD,2013J,01 October 2023,31 October 2023
569978,DDD,2013J,01 October 2023,31 October 2023
570237,DDD,2013J,01 October 2023,31 October 2023
570319,DDD,2013J,01 October 2023,31 October 2023
570401,DDD,2013J,01 October 2023,31 October 2023
570403,DDD,2013J,01 October 2023,31 October 2023
570531,DDD,2013J,01 October 2023,31 October 2023
570630,DDD,2013J,01 October 2023,31 October 2023
570871,DDD,2013J,01 October 2023,31 October 2023
570896,DDD,2013J,01 October 2023,31 October 2023
571000,DDD,2013J,01 October 2023,31 October 2023
571055,DDD,2013J,01 October 2023,31 October 2023
571242,DDD,2013J,01 October 2023,31 October 2023
571382,DDD,2013J,01 October 2023,31 October 2023
571451,DDD,2013J,01 October 2023,31 October 2023
571512,DDD,2013J,01 October 2023,31 October 2023
571640,DDD,2013J,01 October 2023,31 October 2023
571682,DDD,2013J,01 October 2023,31 October 2023
571716,DDD,2013J,01 October 2023,31 October 2023
571951,DDD,2013J,01 October 2023,31 October 2023
572038,DDD,2013J,01 October 2023,31 October 2023
572060,DDD,2013J,01 October 2023,31 October 2023
572087,DDD,2013J,01 October 2023,31 October 2023
572089,DDD,2013J,01 October 2023,31 October 2023
572134,DDD,2013J,01 October 2023,31 October 2023
572143,DDD,2013J,01 October 2023,31 October 2023
572149,DDD,2013J,01 October 2023,31 October 2023
572233,DDD,2013J,01 October 2023,31 October 2023
572280,DDD,2013J,01 October 2023,31 October 2023
572281,DDD,2013J,01 October 2023,31 October 2023
572338,DDD,2013J,01 October 2023,31 October 2023
572348,DDD,2013J,01 October 2023,31 October 2023
572452,DDD,2013J,01 October 2023,31 October 2023
572457,DDD,2013J,01 October 2023,31 October 2023
572460,DDD,2013J,01 October 2023,31 October 2023
572470,DDD,2013J,01 October 2023,31 October 2023
572548,DDD,2013J,01 October 2023,31 October 2023
572567,DDD,2013J,01 October 2023,31 October 2023
572620,DDD,2013J,01 October 2023,31 October 2023
572648,DDD,2013J,01 October 2023,31 October 2023
572688,DDD,2013J,01 October 2023,31 October 2023
572697,DDD,2013J,01 October 2023,31 October 2023
572698,DDD,2013J,01 October 2023,31 October 2023
572730,DDD,2013J,01 October 2023,31 October 2023
572751,DDD,2013J,01 October 2023,31 October 2023
572774,DDD,2013J,01 October 2023,31 October 2023
572806,DDD,2013J,01 October 2023,31 October 2023
572880,DDD,2013J,01 October 2023,31 October 2023
572900,DDD,2013J,01 October 2023,31 October 2023
572949,DDD,2013J,01 October 2023,31 October 2023
572976,DDD,2013J,01 October 2023,31 October 2023
573235,DDD,2013J,01 October 2023,31 October 2023
573284,DDD,2013J,01 October 2023,31 October 2023
573307,DDD,2013J,01 October 2023,31 October 2023
573541,DDD,2013J,01 October 2023,31 October 2023
573602,DDD,2013J,01 October 2023,31 October 2023
573646,DDD,2013J,01 October 2023,31 October 2023
573709,DDD,2013J,01 October 2023,31 October 2023
573712,DDD,2013J,01 October 2023,31 October 2023
573780,DDD,2013J,01 October 2023,31 October 2023
573845,DDD,2013J,01 October 2023,31 October 2023
573970,DDD,2013J,01 October 2023,31 October 2023
574029,DDD,2013J,01 October 2023,31 October 2023
574035,DDD,2013J,01 October 2023,31 October 2023
574088,DDD,2013J,01 October 2023,31 October 2023
574098,DDD,2013J,01 October 2023,31 October 2023
574099,DDD,2013J,01 October 2023,31 October 2023
574181,DDD,2013J,01 October 2023,31 October 2023
574330,DDD,2013J,01 October 2023,31 October 2023
574498,DDD,2013J,01 October 2023,31 October 2023
574623,DDD,2013J,01 October 2023,31 October 2023
574627,DDD,2013J,01 October 2023,31 October 2023
574665,DDD,2013J,01 October 2023,31 October 2023
574730,DDD,2013J,01 October 2023,31 October 2023
574743,DDD,2013J,01 October 2023,31 October 2023
574819,DDD,2013J,01 October 2023,31 October 2023
574842,DDD,2013J,01 October 2023,31 October 2023
574860,DDD,2013J,01 October 2023,31 October 2023
574866,DDD,2013J,01 October 2023,31 October 2023
574873,DDD,2013J,01 October 2023,31 October 2023
574895,DDD,2013J,01 October 2023,31 October 2023
574938,DDD,2013J,01 October 2023,31 October 2023
575192,DDD,2013J,01 October 2023,31 October 2023
575213,DDD,2013J,01 October 2023,31 October 2023
575337,DDD,2013J,01 October 2023,31 October 2023
575365,DDD,2013J,01 October 2023,31 October 2023
575376,DDD,2013J,01 October 2023,31 October 2023
575385,DDD,2013J,01 October 2023,31 October 2023
575431,DDD,2013J,01 October 2023,31 October 2023
575493,DDD,2013J,01 October 2023,31 October 2023
575773,DDD,2013J,01 October 2023,31 October 2023
575811,DDD,2013J,01 October 2023,31 October 2023
575855,DDD,2013J,01 October 2023,31 October 2023
575962,DDD,2013J,01 October 2023,31 October 2023
575999,DDD,2013J,01 October 2023,31 October 2023
576031,DDD,2013J,01 October 2023,31 October 2023
576040,DDD,2013J,01 October 2023,31 October 2023
576083,DDD,2013J,01 October 2023,31 October 2023
576131,DDD,2013J,01 October 2023,31 October 2023
576231,DDD,2013J,01 October 2023,31 October 2023
576314,DDD,2013J,01 October 2023,31 October 2023
576368,DDD,2013J,01 October 2023,31 October 2023
576492,DDD,2013J,01 October 2023,31 October 2023
576767,DDD,2013J,01 October 2023,31 October 2023
576847,DDD,2013J,01 October 2023,31 October 2023
576879,DDD,2013J,01 October 2023,31 October 2023
576949,DDD,2013J,01 October 2023,31 October 2023
577126,DDD,2013J,01 October 2023,31 October 2023
577196,DDD,2013J,01 October 2023,31 October 2023
577200,DDD,2013J,01 October 2023,31 October 2023
577212,DDD,2013J,01 October 2023,31 October 2023
577401,DDD,2013J,01 October 2023,31 October 2023
577464,DDD,2013J,01 October 2023,31 October 2023
577558,DDD,2013J,01 October 2023,31 October 2023
577570,DDD,2013J,01 October 2023,31 October 2023
577638,DDD,2013J,01 October 2023,31 October 2023
577652,DDD,2013J,01 October 2023,31 October 2023
577736,DDD,2013J,01 October 2023,31 October 2023
577930,DDD,2013J,01 October 2023,31 October 2023
578117,DDD,2013J,01 October 2023,31 October 2023
578150,DDD,2013J,01 October 2023,31 October 2023
578285,DDD,2013J,01 October 2023,31 October 2023
578303,DDD,2013J,01 October 2023,31 October 2023
578427,DDD,2013J,01 October 2023,31 October 2023
578544,DDD,2013J,01 October 2023,31 October 2023
578644,DDD,2013J,01 October 2023,31 October 2023
578697,DDD,2013J,01 October 2023,31 October 2023
578906,DDD,2013J,01 October 2023,31 October 2023
578943,DDD,2013J,01 October 2023,31 October 2023
578956,DDD,2013J,01 October 2023,31 October 2023
579105,DDD,2013J,01 October 2023,31 October 2023
579112,DDD,2013J,01 October 2023,31 October 2023
579151,DDD,2013J,01 October 2023,31 October 2023
579303,DDD,2013J,01 October 2023,31 October 2023
579367,DDD,2013J,01 October 2023,31 October 2023
579470,DDD,2013J,01 October 2023,31 October 2023
579567,DDD,2013J,01 October 2023,31 October 2023
579717,DDD,2013J,01 October 2023,31 October 2023
580393,DDD,2013J,01 October 2023,31 October 2023
580415,DDD,2013J,01 October 2023,31 October 2023
580441,DDD,2013J,01 October 2023,31 October 2023
580468,DDD,2013J,01 October 2023,31 October 2023
580516,DDD,2013J,01 October 2023,31 October 2023
580534,DDD,2013J,01 October 2023,31 October 2023
580595,DDD,2013J,01 October 2023,31 October 2023
580642,DDD,2013J,01 October 2023,31 October 2023
580706,DDD,2013J,01 October 2023,31 October 2023
581065,DDD,2013J,01 October 2023,31 October 2023
581138,DDD,2013J,01 October 2023,31 October 2023
581283,DDD,2013J,01 October 2023,31 October 2023
581320,DDD,2013J,01 October 2023,31 October 2023
581584,DDD,2013J,01 October 2023,31 October 2023
581593,DDD,2013J,01 October 2023,31 October 2023
581648,DDD,2013J,01 October 2023,31 October 2023
581697,DDD,2013J,01 October 2023,31 October 2023
581755,DDD,2013J,01 October 2023,31 October 2023
581818,DDD,2013J,01 October 2023,31 October 2023
581922,DDD,2013J,01 October 2023,31 October 2023
582026,DDD,2013J,01 October 2023,31 October 2023
582160,DDD,2013J,01 October 2023,31 October 2023
582227,DDD,2013J,01 October 2023,31 October 2023
582288,DDD,2013J,01 October 2023,31 October 2023
582302,DDD,2013J,01 October 2023,31 October 2023
582373,DDD,2013J,01 October 2023,31 October 2023
582416,DDD,2013J,01 October 2023,31 October 2023
582452,DDD,2013J,01 October 2023,31 October 2023
582464,DDD,2013J,01 October 2023,31 October 2023
582554,DDD,2013J,01 October 2023,31 October 2023
582848,DDD,2013J,01 October 2023,31 October 2023
582931,DDD,2013J,01 October 2023,31 October 2023
582954,DDD,2013J,01 October 2023,31 October 2023
583037,DDD,2013J,01 October 2023,31 October 2023
583147,DDD,2013J,01 October 2023,31 October 2023
583198,DDD,2013J,01 October 2023,31 October 2023
583215,DDD,2013J,01 October 2023,31 October 2023
583221,DDD,2013J,01 October 2023,31 October 2023
583247,DDD,2013J,01 October 2023,31 October 2023
583335,DDD,2013J,01 October 2023,31 October 2023
583438,DDD,2013J,01 October 2023,31 October 2023
583514,DDD,2013J,01 October 2023,31 October 2023
583540,DDD,2013J,01 October 2023,31 October 2023
583570,DDD,2013J,01 October 2023,31 October 2023
583580,DDD,2013J,01 October 2023,31 October 2023
583606,DDD,2013J,01 October 2023,31 October 2023
583871,DDD,2013J,01 October 2023,31 October 2023
583946,DDD,2013J,01 October 2023,31 October 2023
583955,DDD,2013J,01 October 2023,31 October 2023
584082,DDD,2013J,01 October 2023,31 October 2023
584132,DDD,2013J,01 October 2023,31 October 2023
584183,DDD,2013J,01 October 2023,31 October 2023
584315,DDD,2013J,01 October 2023,31 October 2023
584433,DDD,2013J,01 October 2023,31 October 2023
584455,DDD,2013J,01 October 2023,31 October 2023
584495,DDD,2013J,01 October 2023,31 October 2023
584517,DDD,2013J,01 October 2023,31 October 2023
584532,DDD,2013J,01 October 2023,31 October 2023
584591,DDD,2013J,01 October 2023,31 October 2023
584615,DDD,2013J,01 October 2023,31 October 2023
584628,DDD,2013J,01 October 2023,31 October 2023
584640,DDD,2013J,01 October 2023,31 October 2023
584883,DDD,2013J,01 October 2023,31 October 2023
584914,DDD,2013J,01 October 2023,31 October 2023
584918,DDD,2013J,01 October 2023,31 October 2023
584932,DDD,2013J,01 October 2023,31 October 2023
584943,DDD,2013J,01 October 2023,31 October 2023
585208,DDD,2013J,01 October 2023,31 October 2023
585210,DDD,2013J,01 October 2023,31 October 2023
585326,DDD,2013J,01 October 2023,31 October 2023
585384,DDD,2013J,01 October 2023,31 October 2023
585525,DDD,2013J,01 October 2023,31 October 2023
585579,DDD,2013J,01 October 2023,31 October 2023
585929,DDD,2013J,01 October 2023,31 October 2023
585998,DDD,2013J,01 October 2023,31 October 2023
586022,DDD,2013J,01 October 2023,31 October 2023
586113,DDD,2013J,01 October 2023,31 October 2023
586128,DDD,2013J,01 October 2023,31 October 2023
586243,DDD,2013J,01 October 2023,31 October 2023
586257,DDD,2013J,01 October 2023,31 October 2023
586317,DDD,2013J,01 October 2023,31 October 2023
586470,DDD,2013J,01 October 2023,31 October 2023
586536,DDD,2013J,01 October 2023,31 October 2023
586609,DDD,2013J,01 October 2023,31 October 2023
586625,DDD,2013J,01 October 2023,31 October 2023
586707,DDD,2013J,01 October 2023,31 October 2023
586800,DDD,2013J,01 October 2023,31 October 2023
586823,DDD,2013J,01 October 2023,31 October 2023
586912,DDD,2013J,01 October 2023,31 October 2023
586961,DDD,2013J,01 October 2023,31 October 2023
587002,DDD,2013J,01 October 2023,31 October 2023
587006,DDD,2013J,01 October 2023,31 October 2023
587099,DDD,2013J,01 October 2023,31 October 2023
587310,DDD,2013J,01 October 2023,31 October 2023
587552,DDD,2013J,01 October 2023,31 October 2023
587576,DDD,2013J,01 October 2023,31 October 2023
587862,DDD,2013J,01 October 2023,31 October 2023
587989,DDD,2013J,01 October 2023,31 October 2023
588013,DDD,2013J,01 October 2023,31 October 2023
588086,DDD,2013J,01 October 2023,31 October 2023
588132,DDD,2013J,01 October 2023,31 October 2023
588146,DDD,2013J,01 October 2023,31 October 2023
588197,DDD,2013J,01 October 2023,31 October 2023
588208,DDD,2013J,01 October 2023,31 October 2023
588242,DDD,2013J,01 October 2023,31 October 2023
588293,DDD,2013J,01 October 2023,31 October 2023
588352,DDD,2013J,01 October 2023,31 October 2023
588485,DDD,2013J,01 October 2023,31 October 2023
588537,DDD,2013J,01 October 2023,31 October 2023
588540,DDD,2013J,01 October 2023,31 October 2023
588658,DDD,2013J,01 October 2023,31 October 2023
588815,DDD,2013J,01 October 2023,31 October 2023
588850,DDD,2013J,01 October 2023,31 October 2023
588884,DDD,2013J,01 October 2023,31 October 2023
589007,DDD,2013J,01 October 2023,31 October 2023
589019,DDD,2013J,01 October 2023,31 October 2023
589171,DDD,2013J,01 October 2023,31 October 2023
589212,DDD,2013J,01 October 2023,31 October 2023
589220,DDD,2013J,01 October 2023,31 October 2023
589445,DDD,2013J,01 October 2023,31 October 2023
589458,DDD,2013J,01 October 2023,31 October 2023
589503,DDD,2013J,01 October 2023,31 October 2023
589531,DDD,2013J,01 October 2023,31 October 2023
589557,DDD,2013J,01 October 2023,31 October 2023
589569,DDD,2013J,01 October 2023,31 October 2023
589582,DDD,2013J,01 October 2023,31 October 2023
589584,DDD,2013J,01 October 2023,31 October 2023
589630,DDD,2013J,01 October 2023,31 October 2023
589875,DDD,2013J,01 October 2023,31 October 2023
589932,DDD,2013J,01 October 2023,31 October 2023
589963,DDD,2013J,01 October 2023,31 October 2023
590177,DDD,2013J,01 October 2023,31 October 2023
590184,DDD,2013J,01 October 2023,31 October 2023
590235,DDD,2013J,01 October 2023,31 October 2023
590370,DDD,2013J,01 October 2023,31 October 2023
590380,DDD,2013J,01 October 2023,31 October 2023
590392,DDD,2013J,01 October 2023,31 October 2023
590402,DDD,2013J,01 October 2023,31 October 2023
590420,DDD,2013J,01 October 2023,31 October 2023
590443,DDD,2013J,01 October 2023,31 October 2023
590464,DDD,2013J,01 October 2023,31 October 2023
590482,DDD,2013J,01 October 2023,31 October 2023
590541,DDD,2013J,01 October 2023,31 October 2023
590789,DDD,2013J,01 October 2023,31 October 2023
590811,DDD,2013J,01 October 2023,31 October 2023
590828,DDD,2013J,01 October 2023,31 October 2023
590918,DDD,2013J,01 October 2023,31 October 2023
590920,DDD,2013J,01 October 2023,31 October 2023
590921,DDD,2013J,01 October 2023,31 October 2023
590951,DDD,2013J,01 October 2023,31 October 2023
591071,DDD,2013J,01 October 2023,31 October 2023
591163,DDD,2013J,01 October 2023,31 October 2023
591193,DDD,2013J,01 October 2023,31 October 2023
591202,DDD,2013J,01 October 2023,31 October 2023
591210,DDD,2013J,01 October 2023,31 October 2023
591648,DDD,2013J,01 October 2023,31 October 2023
591650,DDD,2013J,01 October 2023,31 October 2023
591694,DDD,2013J,01 October 2023,31 October 2023
591845,DDD,2013J,01 October 2023,31 October 2023
591852,DDD,2013J,01 October 2023,31 October 2023
591980,DDD,2013J,01 October 2023,31 October 2023
592173,DDD,2013J,01 October 2023,31 October 2023
592189,DDD,2013J,01 October 2023,31 October 2023
592252,DDD,2013J,01 October 2023,31 October 2023
592299,DDD,2013J,01 October 2023,31 October 2023
592315,DDD,2013J,01 October 2023,31 October 2023
592382,DDD,2013J,01 October 2023,31 October 2023
592486,DDD,2013J,01 October 2023,31 October 2023
592577,DDD,2013J,01 October 2023,31 October 2023
592658,DDD,2013J,01 October 2023,31 October 2023
592709,DDD,2013J,01 October 2023,31 October 2023
592749,DDD,2013J,01 October 2023,31 October 2023
592804,DDD,2013J,01 October 2023,31 October 2023
593075,DDD,2013J,01 October 2023,31 October 2023
593303,DDD,2013J,01 October 2023,31 October 2023
593338,DDD,2013J,01 October 2023,31 October 2023
593475,DDD,2013J,01 October 2023,31 October 2023
593594,DDD,2013J,01 October 2023,31 October 2023
593654,DDD,2013J,01 October 2023,31 October 2023
593903,DDD,2013J,01 October 2023,31 October 2023
593973,DDD,2013J,01 October 2023,31 October 2023
594011,DDD,2013J,01 October 2023,31 October 2023
594079,DDD,2013J,01 October 2023,31 October 2023
594081,DDD,2013J,01 October 2023,31 October 2023
594086,DDD,2013J,01 October 2023,31 October 2023
594164,DDD,2013J,01 October 2023,31 October 2023
594201,DDD,2013J,01 October 2023,31 October 2023
594407,DDD,2013J,01 October 2023,31 October 2023
594414,DDD,2013J,01 October 2023,31 October 2023
594507,DDD,2013J,01 October 2023,31 October 2023
594578,DDD,2013J,01 October 2023,31 October 2023
594599,DDD,2013J,01 October 2023,31 October 2023
594869,DDD,2013J,01 October 2023,31 October 2023
594880,DDD,2013J,01 October 2023,31 October 2023
594925,DDD,2013J,01 October 2023,31 October 2023
594963,DDD,2013J,01 October 2023,31 October 2023
595008,DDD,2013J,01 October 2023,31 October 2023
595079,DDD,2013J,01 October 2023,31 October 2023
595319,DDD,2013J,01 October 2023,31 October 2023
595396,DDD,2013J,01 October 2023,31 October 2023
595601,DDD,2013J,01 October 2023,31 October 2023
595687,DDD,2013J,01 October 2023,31 October 2023
595720,DDD,2013J,01 October 2023,31 October 2023
595723,DDD,2013J,01 October 2023,31 October 2023
595894,DDD,2013J,01 October 2023,31 October 2023
595940,DDD,2013J,01 October 2023,31 October 2023
595963,DDD,2013J,01 October 2023,31 October 2023
596093,DDD,2013J,01 October 2023,31 October 2023
596104,DDD,2013J,01 October 2023,31 October 2023
596204,DDD,2013J,01 October 2023,31 October 2023
596270,DDD,2013J,01 October 2023,31 October 2023
596292,DDD,2013J,01 October 2023,31 October 2023
596306,DDD,2013J,01 October 2023,31 October 2023
596473,DDD,2013J,01 October 2023,31 October 2023
596542,DDD,2013J,01 October 2023,31 October 2023
596570,DDD,2013J,01 October 2023,31 October 2023
596589,DDD,2013J,01 October 2023,31 October 2023
596629,DDD,2013J,01 October 2023,31 October 2023
596978,DDD,2013J,01 October 2023,31 October 2023
597178,DDD,2013J,01 October 2023,31 October 2023
597192,DDD,2013J,01 October 2023,31 October 2023
597235,DDD,2013J,01 October 2023,31 October 2023
597243,DDD,2013J,01 October 2023,31 October 2023
597308,DDD,2013J,01 October 2023,31 October 2023
597428,DDD,2013J,01 October 2023,31 October 2023
597443,DDD,2013J,01 October 2023,31 October 2023
597453,DDD,2013J,01 October 2023,31 October 2023
597504,DDD,2013J,01 October 2023,31 October 2023
597561,DDD,2013J,01 October 2023,31 October 2023
597571,DDD,2013J,01 October 2023,31 October 2023
597602,DDD,2013J,01 October 2023,31 October 2023
597726,DDD,2013J,01 October 2023,31 October 2023
597754,DDD,2013J,01 October 2023,31 October 2023
597770,DDD,2013J,01 October 2023,31 October 2023
597871,DDD,2013J,01 October 2023,31 October 2023
597924,DDD,2013J,01 October 2023,31 October 2023
597938,DDD,2013J,01 October 2023,31 October 2023
597968,DDD,2013J,01 October 2023,31 October 2023
598052,DDD,2013J,01 October 2023,31 October 2023
598064,DDD,2013J,01 October 2023,31 October 2023
598089,DDD,2013J,01 October 2023,31 October 2023
598123,DDD,2013J,01 October 2023,31 October 2023
598246,DDD,2013J,01 October 2023,31 October 2023
598323,DDD,2013J,01 October 2023,31 October 2023
598430,DDD,2013J,01 October 2023,31 October 2023
598516,DDD,2013J,01 October 2023,31 October 2023
598536,DDD,2013J,01 October 2023,31 October 2023
598637,DDD,2013J,01 October 2023,31 October 2023
598650,DDD,2013J,01 October 2023,31 October 2023
598664,DDD,2013J,01 October 2023,31 October 2023
598701,DDD,2013J,01 October 2023,31 October 2023
598842,DDD,2013J,01 October 2023,31 October 2023
598949,DDD,2013J,01 October 2023,31 October 2023
598989,DDD,2013J,01 October 2023,31 October 2023
599049,DDD,2013J,01 October 2023,31 October 2023
599068,DDD,2013J,01 October 2023,31 October 2023
599101,DDD,2013J,01 October 2023,31 October 2023
599146,DDD,2013J,01 October 2023,31 October 2023
599177,DDD,2013J,01 October 2023,31 October 2023
599206,DDD,2013J,01 October 2023,31 October 2023
599262,DDD,2013J,01 October 2023,31 October 2023
599314,DDD,2013J,01 October 2023,31 October 2023
599406,DDD,2013J,01 October 2023,31 October 2023
599425,DDD,2013J,01 October 2023,31 October 2023
599577,DDD,2013J,01 October 2023,31 October 2023
599585,DDD,2013J,01 October 2023,31 October 2023
599649,DDD,2013J,01 October 2023,31 October 2023
599655,DDD,2013J,01 October 2023,31 October 2023
599658,DDD,2013J,01 October 2023,31 October 2023
599711,DDD,2013J,01 October 2023,31 October 2023
599725,DDD,2013J,01 October 2023,31 October 2023
599737,DDD,2013J,01 October 2023,31 October 2023
599741,DDD,2013J,01 October 2023,31 October 2023
599742,DDD,2013J,01 October 2023,31 October 2023
599837,DDD,2013J,01 October 2023,31 October 2023
599854,DDD,2013J,01 October 2023,31 October 2023
599876,DDD,2013J,01 October 2023,31 October 2023
599947,DDD,2013J,01 October 2023,31 October 2023
600242,DDD,2013J,01 October 2023,31 October 2023
600289,DDD,2013J,01 October 2023,31 October 2023
600365,DDD,2013J,01 October 2023,31 October 2023
600478,DDD,2013J,01 October 2023,31 October 2023
600525,DDD,2013J,01 October 2023,31 October 2023
600635,DDD,2013J,01 October 2023,31 October 2023
600648,DDD,2013J,01 October 2023,31 October 2023
600671,DDD,2013J,01 October 2023,31 October 2023
600686,DDD,2013J,01 October 2023,31 October 2023
600753,DDD,2013J,01 October 2023,31 October 2023
600817,DDD,2013J,01 October 2023,31 October 2023
600842,DDD,2013J,01 October 2023,31 October 2023
600963,DDD,2013J,01 October 2023,31 October 2023
601048,DDD,2013J,01 October 2023,31 October 2023
601088,DDD,2013J,01 October 2023,31 October 2023
601092,DDD,2013J,01 October 2023,31 October 2023
601133,DDD,2013J,01 October 2023,31 October 2023
601204,DDD,2013J,01 October 2023,31 October 2023
601230,DDD,2013J,01 October 2023,31 October 2023
601263,DDD,2013J,01 October 2023,31 October 2023
601270,DDD,2013J,01 October 2023,31 October 2023
601286,DDD,2013J,01 October 2023,31 October 2023
601289,DDD,2013J,01 October 2023,31 October 2023
601293,DDD,2013J,01 October 2023,31 October 2023
601310,DDD,2013J,01 October 2023,31 October 2023
601380,DDD,2013J,01 October 2023,31 October 2023
601392,DDD,2013J,01 October 2023,31 October 2023
601467,DDD,2013J,01 October 2023,31 October 2023
601488,DDD,2013J,01 October 2023,31 October 2023
601579,DDD,2013J,01 October 2023,31 October 2023
602302,DDD,2013J,01 October 2023,31 October 2023
602312,DDD,2013J,01 October 2023,31 October 2023
602356,DDD,2013J,01 October 2023,31 October 2023
602404,DDD,2013J,01 October 2023,31 October 2023
602413,DDD,2013J,01 October 2023,31 October 2023
602452,DDD,2013J,01 October 2023,31 October 2023
602453,DDD,2013J,01 October 2023,31 October 2023
602595,DDD,2013J,01 October 2023,31 October 2023
602692,DDD,2013J,01 October 2023,31 October 2023
602706,DDD,2013J,01 October 2023,31 October 2023
602725,DDD,2013J,01 October 2023,31 October 2023
602729,DDD,2013J,01 October 2023,31 October 2023
602783,DDD,2013J,01 October 2023,31 October 2023
602986,DDD,2013J,01 October 2023,31 October 2023
603034,DDD,2013J,01 October 2023,31 October 2023
603201,DDD,2013J,01 October 2023,31 October 2023
603410,DDD,2013J,01 October 2023,31 October 2023
603431,DDD,2013J,01 October 2023,31 October 2023
603469,DDD,2013J,01 October 2023,31 October 2023
603513,DDD,2013J,01 October 2023,31 October 2023
603669,DDD,2013J,01 October 2023,31 October 2023
603684,DDD,2013J,01 October 2023,31 October 2023
603730,DDD,2013J,01 October 2023,31 October 2023
603749,DDD,2013J,01 October 2023,31 October 2023
603803,DDD,2013J,01 October 2023,31 October 2023
603850,DDD,2013J,01 October 2023,31 October 2023
603931,DDD,2013J,01 October 2023,31 October 2023
603953,DDD,2013J,01 October 2023,31 October 2023
604055,DDD,2013J,01 October 2023,31 October 2023
604072,DDD,2013J,01 October 2023,31 October 2023
604156,DDD,2013J,01 October 2023,31 October 2023
604281,DDD,2013J,01 October 2023,31 October 2023
604317,DDD,2013J,01 October 2023,31 October 2023
604392,DDD,2013J,01 October 2023,31 October 2023
604398,DDD,2013J,01 October 2023,31 October 2023
604462,DDD,2013J,01 October 2023,31 October 2023
604546,DDD,2013J,01 October 2023,31 October 2023
604574,DDD,2013J,01 October 2023,31 October 2023
604627,DDD,2013J,01 October 2023,31 October 2023
604641,DDD,2013J,01 October 2023,31 October 2023
604692,DDD,2013J,01 October 2023,31 October 2023
604729,DDD,2013J,01 October 2023,31 October 2023
604854,DDD,2013J,01 October 2023,31 October 2023
604912,DDD,2013J,01 October 2023,31 October 2023
604952,DDD,2013J,01 October 2023,31 October 2023
605005,DDD,2013J,01 October 2023,31 October 2023
605070,DDD,2013J,01 October 2023,31 October 2023
605105,DDD,2013J,01 October 2023,31 October 2023
605118,DDD,2013J,01 October 2023,31 October 2023
605191,DDD,2013J,01 October 2023,31 October 2023
605245,DDD,2013J,01 October 2023,31 October 2023
605313,DDD,2013J,01 October 2023,31 October 2023
605476,DDD,2013J,01 October 2023,31 October 2023
605561,DDD,2013J,01 October 2023,31 October 2023
605652,DDD,2013J,01 October 2023,31 October 2023
605859,DDD,2013J,01 October 2023,31 October 2023
605885,DDD,2013J,01 October 2023,31 October 2023
605941,DDD,2013J,01 October 2023,31 October 2023
606082,DDD,2013J,01 October 2023,31 October 2023
606270,DDD,2013J,01 October 2023,31 October 2023
606319,DDD,2013J,01 October 2023,31 October 2023
606322,DDD,2013J,01 October 2023,31 October 2023
606492,DDD,2013J,01 October 2023,31 October 2023
606513,DDD,2013J,01 October 2023,31 October 2023
606593,DDD,2013J,01 October 2023,31 October 2023
606719,DDD,2013J,01 October 2023,31 October 2023
606788,DDD,2013J,01 October 2023,31 October 2023
606908,DDD,2013J,01 October 2023,31 October 2023
607073,DDD,2013J,01 October 2023,31 October 2023
607110,DDD,2013J,01 October 2023,31 October 2023
607151,DDD,2013J,01 October 2023,31 October 2023
607196,DDD,2013J,01 October 2023,31 October 2023
607231,DDD,2013J,01 October 2023,31 October 2023
607316,DDD,2013J,01 October 2023,31 October 2023
607485,DDD,2013J,01 October 2023,31 October 2023
607498,DDD,2013J,01 October 2023,31 October 2023
607515,DDD,2013J,01 October 2023,31 October 2023
607622,DDD,2013J,01 October 2023,31 October 2023
607670,DDD,2013J,01 October 2023,31 October 2023
607800,DDD,2013J,01 October 2023,31 October 2023
607854,DDD,2013J,01 October 2023,31 October 2023
607928,DDD,2013J,01 October 2023,31 October 2023
608062,DDD,2013J,01 October 2023,31 October 2023
608170,DDD,2013J,01 October 2023,31 October 2023
608178,DDD,2013J,01 October 2023,31 October 2023
608206,DDD,2013J,01 October 2023,31 October 2023
608217,DDD,2013J,01 October 2023,31 October 2023
608238,DDD,2013J,01 October 2023,31 October 2023
608267,DDD,2013J,01 October 2023,31 October 2023
608284,DDD,2013J,01 October 2023,31 October 2023
608417,DDD,2013J,01 October 2023,31 October 2023
608449,DDD,2013J,01 October 2023,31 October 2023
608630,DDD,2013J,01 October 2023,31 October 2023
608638,DDD,2013J,01 October 2023,31 October 2023
608733,DDD,2013J,01 October 2023,31 October 2023
608745,DDD,2013J,01 October 2023,31 October 2023
608815,DDD,2013J,01 October 2023,31 October 2023
608848,DDD,2013J,01 October 2023,31 October 2023
608943,DDD,2013J,01 October 2023,31 October 2023
609089,DDD,2013J,01 October 2023,31 October 2023
609242,DDD,2013J,01 October 2023,31 October 2023
609381,DDD,2013J,01 October 2023,31 October 2023
609480,DDD,2013J,01 October 2023,31 October 2023
609488,DDD,2013J,01 October 2023,31 October 2023
609593,DDD,2013J,01 October 2023,31 October 2023
609797,DDD,2013J,01 October 2023,31 October 2023
609932,DDD,2013J,01 October 2023,31 October 2023
610106,DDD,2013J,01 October 2023,31 October 2023
610170,DDD,2013J,01 October 2023,31 October 2023
610220,DDD,2013J,01 October 2023,31 October 2023
610257,DDD,2013J,01 October 2023,31 October 2023
610393,DDD,2013J,01 October 2023,31 October 2023
610402,DDD,2013J,01 October 2023,31 October 2023
610469,DDD,2013J,01 October 2023,31 October 2023
610595,DDD,2013J,01 October 2023,31 October 2023
610603,DDD,2013J,01 October 2023,31 October 2023
610606,DDD,2013J,01 October 2023,31 October 2023
610701,DDD,2013J,01 October 2023,31 October 2023
610817,DDD,2013J,01 October 2023,31 October 2023
610830,DDD,2013J,01 October 2023,31 October 2023
610834,DDD,2013J,01 October 2023,31 October 2023
610838,DDD,2013J,01 October 2023,31 October 2023
610870,DDD,2013J,01 October 2023,31 October 2023
610913,DDD,2013J,01 October 2023,31 October 2023
611162,DDD,2013J,01 October 2023,31 October 2023
611244,DDD,2013J,01 October 2023,31 October 2023
611259,DDD,2013J,01 October 2023,31 October 2023
611271,DDD,2013J,01 October 2023,31 October 2023
611284,DDD,2013J,01 October 2023,31 October 2023
611408,DDD,2013J,01 October 2023,31 October 2023
611418,DDD,2013J,01 October 2023,31 October 2023
611464,DDD,2013J,01 October 2023,31 October 2023
611478,DDD,2013J,01 October 2023,31 October 2023
983970,DDD,2013J,01 October 2023,31 October 2023
997948,DDD,2013J,01 October 2023,31 October 2023
1080206,DDD,2013J,01 October 2023,31 October 2023
1103608,DDD,2013J,01 October 2023,31 October 2023
1282596,DDD,2013J,01 October 2023,31 October 2023
1346966,DDD,2013J,01 October 2023,31 October 2023
1355699,DDD,2013J,01 October 2023,31 October 2023
1375851,DDD,2013J,01 October 2023,31 October 2023
1449692,DDD,2013J,01 October 2023,31 October 2023
1464932,DDD,2013J,01 October 2023,31 October 2023
1485105,DDD,2013J,01 October 2023,31 October 2023
1497480,DDD,2013J,01 October 2023,31 October 2023
1507503,DDD,2013J,01 October 2023,31 October 2023
1509881,DDD,2013J,01 October 2023,31 October 2023
1517755,DDD,2013J,01 October 2023,31 October 2023
1522631,DDD,2013J,01 October 2023,31 October 2023
1530521,DDD,2013J,01 October 2023,31 October 2023
1563203,DDD,2013J,01 October 2023,31 October 2023
1569426,DDD,2013J,01 October 2023,31 October 2023
1580084,DDD,2013J,01 October 2023,31 October 2023
1581243,DDD,2013J,01 October 2023,31 October 2023
1610188,DDD,2013J,01 October 2023,31 October 2023
1644266,DDD,2013J,01 October 2023,31 October 2023
1644568,DDD,2013J,01 October 2023,31 October 2023
1679727,DDD,2013J,01 October 2023,31 October 2023
1679862,DDD,2013J,01 October 2023,31 October 2023
1684787,DDD,2013J,01 October 2023,31 October 2023
1687996,DDD,2013J,01 October 2023,31 October 2023
1689069,DDD,2013J,01 October 2023,31 October 2023
1713615,DDD,2013J,01 October 2023,31 October 2023
1716492,DDD,2013J,01 October 2023,31 October 2023
1721891,DDD,2013J,01 October 2023,31 October 2023
1723019,DDD,2013J,01 October 2023,31 October 2023
1753235,DDD,2013J,01 October 2023,31 October 2023
1756165,DDD,2013J,01 October 2023,31 October 2023
1777511,DDD,2013J,01 October 2023,31 October 2023
1782581,DDD,2013J,01 October 2023,31 October 2023
1796059,DDD,2013J,01 October 2023,31 October 2023
1818677,DDD,2013J,01 October 2023,31 October 2023
1830562,DDD,2013J,01 October 2023,31 October 2023
1833308,DDD,2013J,01 October 2023,31 October 2023
1835411,DDD,2013J,01 October 2023,31 October 2023
1840610,DDD,2013J,01 October 2023,31 October 2023
1847481,DDD,2013J,01 October 2023,31 October 2023
1868389,DDD,2013J,01 October 2023,31 October 2023
1874363,DDD,2013J,01 October 2023,31 October 2023
1887928,DDD,2013J,01 October 2023,31 October 2023
1894634,DDD,2013J,01 October 2023,31 October 2023
1901764,DDD,2013J,01 October 2023,31 October 2023
1903131,DDD,2013J,01 October 2023,31 October 2023
1903477,DDD,2013J,01 October 2023,31 October 2023
1957728,DDD,2013J,01 October 2023,31 October 2023
1963677,DDD,2013J,01 October 2023,31 October 2023
1982833,DDD,2013J,01 October 2023,31 October 2023
2014252,DDD,2013J,01 October 2023,31 October 2023
2032882,DDD,2013J,01 October 2023,31 October 2023
2034802,DDD,2013J,01 October 2023,31 October 2023
2039810,DDD,2013J,01 October 2023,31 October 2023
2043916,DDD,2013J,01 October 2023,31 October 2023
2045139,DDD,2013J,01 October 2023,31 October 2023
2068627,DDD,2013J,01 October 2023,31 October 2023
2089582,DDD,2013J,01 October 2023,31 October 2023
2098405,DDD,2013J,01 October 2023,31 October 2023
2112088,DDD,2013J,01 October 2023,31 October 2023
2134578,DDD,2013J,01 October 2023,31 October 2023
2149701,DDD,2013J,01 October 2023,31 October 2023
2157412,DDD,2013J,01 October 2023,31 October 2023
2175266,DDD,2013J,01 October 2023,31 October 2023
2194777,DDD,2013J,01 October 2023,31 October 2023
2195479,DDD,2013J,01 October 2023,31 October 2023
2198952,DDD,2013J,01 October 2023,31 October 2023
2198970,DDD,2013J,01 October 2023,31 October 2023
2204293,DDD,2013J,01 October 2023,31 October 2023
2215898,DDD,2013J,01 October 2023,31 October 2023
2239650,DDD,2013J,01 October 2023,31 October 2023
2252750,DDD,2013J,01 October 2023,31 October 2023
2253576,DDD,2013J,01 October 2023,31 October 2023
2256318,DDD,2013J,01 October 2023,31 October 2023
2281870,DDD,2013J,01 October 2023,31 October 2023
2282040,DDD,2013J,01 October 2023,31 October 2023
2284294,DDD,2013J,01 October 2023,31 October 2023
2288599,DDD,2013J,01 October 2023,31 October 2023
2289847,DDD,2013J,01 October 2023,31 October 2023
2292724,DDD,2013J,01 October 2023,31 October 2023
2296163,DDD,2013J,01 October 2023,31 October 2023
2305957,DDD,2013J,01 October 2023,31 October 2023
2314761,DDD,2013J,01 October 2023,31 October 2023
2321492,DDD,2013J,01 October 2023,31 October 2023
2325606,DDD,2013J,01 October 2023,31 October 2023
2327045,DDD,2013J,01 October 2023,31 October 2023
2336922,DDD,2013J,01 October 2023,31 October 2023
2337441,DDD,2013J,01 October 2023,31 October 2023
2339150,DDD,2013J,01 October 2023,31 October 2023
2340230,DDD,2013J,01 October 2023,31 October 2023
2342399,DDD,2013J,01 October 2023,31 October 2023
2352039,DDD,2013J,01 October 2023,31 October 2023
2355555,DDD,2013J,01 October 2023,31 October 2023
2356801,DDD,2013J,01 October 2023,31 October 2023
2359191,DDD,2013J,01 October 2023,31 October 2023
2365438,DDD,2013J,01 October 2023,31 October 2023
2366024,DDD,2013J,01 October 2023,31 October 2023
2366701,DDD,2013J,01 October 2023,31 October 2023
2367887,DDD,2013J,01 October 2023,31 October 2023
2382048,DDD,2013J,01 October 2023,31 October 2023
2388030,DDD,2013J,01 October 2023,31 October 2023
2404530,DDD,2013J,01 October 2023,31 October 2023
2409396,DDD,2013J,01 October 2023,31 October 2023
2410364,DDD,2013J,01 October 2023,31 October 2023
2411981,DDD,2013J,01 October 2023,31 October 2023
2416024,DDD,2013J,01 October 2023,31 October 2023
2430070,DDD,2013J,01 October 2023,31 October 2023
2430405,DDD,2013J,01 October 2023,31 October 2023
2434369,DDD,2013J,01 October 2023,31 October 2023
2437065,DDD,2013J,01 October 2023,31 October 2023
2445016,DDD,2013J,01 October 2023,31 October 2023
2446109,DDD,2013J,01 October 2023,31 October 2023
2452902,DDD,2013J,01 October 2023,31 October 2023
2457907,DDD,2013J,01 October 2023,31 October 2023
2461936,DDD,2013J,01 October 2023,31 October 2023
2472145,DDD,2013J,01 October 2023,31 October 2023
2473456,DDD,2013J,01 October 2023,31 October 2023
2474436,DDD,2013J,01 October 2023,31 October 2023
2477052,DDD,2013J,01 October 2023,31 October 2023
2477792,DDD,2013J,01 October 2023,31 October 2023
2485582,DDD,2013J,01 October 2023,31 October 2023
2485856,DDD,2013J,01 October 2023,31 October 2023
2494999,DDD,2013J,01 October 2023,31 October 2023
2495352,DDD,2013J,01 October 2023,31 October 2023
2501578,DDD,2013J,01 October 2023,31 October 2023
2505389,DDD,2013J,01 October 2023,31 October 2023
2505413,DDD,2013J,01 October 2023,31 October 2023
2505859,DDD,2013J,01 October 2023,31 October 2023
2520868,DDD,2013J,01 October 2023,31 October 2023
2539092,DDD,2013J,01 October 2023,31 October 2023
2540195,DDD,2013J,01 October 2023,31 October 2023
2542803,DDD,2013J,01 October 2023,31 October 2023
2546976,DDD,2013J,01 October 2023,31 October 2023
2547032,DDD,2013J,01 October 2023,31 October 2023
2550054,DDD,2013J,01 October 2023,31 October 2023
2552672,DDD,2013J,01 October 2023,31 October 2023
2556345,DDD,2013J,01 October 2023,31 October 2023
2560868,DDD,2013J,01 October 2023,31 October 2023
2561282,DDD,2013J,01 October 2023,31 October 2023
2561811,DDD,2013J,01 October 2023,31 October 2023
2569051,DDD,2013J,01 October 2023,31 October 2023
2569416,DDD,2013J,01 October 2023,31 October 2023
2569653,DDD,2013J,01 October 2023,31 October 2023
2570253,DDD,2013J,01 October 2023,31 October 2023
2574281,DDD,2013J,01 October 2023,31 October 2023
2577480,DDD,2013J,01 October 2023,31 October 2023
2579683,DDD,2013J,01 October 2023,31 October 2023
2581779,DDD,2013J,01 October 2023,31 October 2023
2585395,DDD,2013J,01 October 2023,31 October 2023
2588379,DDD,2013J,01 October 2023,31 October 2023
2588655,DDD,2013J,01 October 2023,31 October 2023
2589096,DDD,2013J,01 October 2023,31 October 2023
2595968,DDD,2013J,01 October 2023,31 October 2023
2597673,DDD,2013J,01 October 2023,31 October 2023
2598861,DDD,2013J,01 October 2023,31 October 2023
2606871,DDD,2013J,01 October 2023,31 October 2023
2608420,DDD,2013J,01 October 2023,31 October 2023
2612561,DDD,2013J,01 October 2023,31 October 2023
2613296,DDD,2013J,01 October 2023,31 October 2023
2615169,DDD,2013J,01 October 2023,31 October 2023
2615761,DDD,2013J,01 October 2023,31 October 2023
2618352,DDD,2013J,01 October 2023,31 October 2023
2624040,DDD,2013J,01 October 2023,31 October 2023
2627449,DDD,2013J,01 October 2023,31 October 2023
2630796,DDD,2013J,01 October 2023,31 October 2023
2631225,DDD,2013J,01 October 2023,31 October 2023
2635163,DDD,2013J,01 October 2023,31 October 2023
2642498,DDD,2013J,01 October 2023,31 October 2023
2643555,DDD,2013J,01 October 2023,31 October 2023
2646291,DDD,2013J,01 October 2023,31 October 2023
2648317,DDD,2013J,01 October 2023,31 October 2023
2649310,DDD,2013J,01 October 2023,31 October 2023
2654602,DDD,2013J,01 October 2023,31 October 2023
2658898,DDD,2013J,01 October 2023,31 October 2023
2662178,DDD,2013J,01 October 2023,31 October 2023
2662451,DDD,2013J,01 October 2023,31 October 2023
2663010,DDD,2013J,01 October 2023,31 October 2023
2668945,DDD,2013J,01 October 2023,31 October 2023
2671469,DDD,2013J,01 October 2023,31 October 2023
2678587,DDD,2013J,01 October 2023,31 October 2023
2681471,DDD,2013J,01 October 2023,31 October 2023
2683696,DDD,2013J,01 October 2023,31 October 2023
2685827,DDD,2013J,01 October 2023,31 October 2023
2688422,DDD,2013J,01 October 2023,31 October 2023
2692186,DDD,2013J,01 October 2023,31 October 2023
2695608,DDD,2013J,01 October 2023,31 October 2023
2697921,DDD,2013J,01 October 2023,31 October 2023
28149,DDD,2014B,01 October 2023,31 October 2023
35502,DDD,2014B,01 October 2023,31 October 2023
39660,DDD,2014B,01 October 2023,31 October 2023
46753,DDD,2014B,01 October 2023,31 October 2023
50309,DDD,2014B,01 October 2023,31 October 2023
50476,DDD,2014B,01 October 2023,31 October 2023
50619,DDD,2014B,01 October 2023,31 October 2023
51030,DDD,2014B,01 October 2023,31 October 2023
53632,DDD,2014B,01 October 2023,31 October 2023
54810,DDD,2014B,01 October 2023,31 October 2023
58617,DDD,2014B,01 October 2023,31 October 2023
61911,DDD,2014B,01 October 2023,31 October 2023
64450,DDD,2014B,01 October 2023,31 October 2023
64767,DDD,2014B,01 October 2023,31 October 2023
67781,DDD,2014B,01 October 2023,31 October 2023
75309,DDD,2014B,01 October 2023,31 October 2023
76081,DDD,2014B,01 October 2023,31 October 2023
84576,DDD,2014B,01 October 2023,31 October 2023
85216,DDD,2014B,01 October 2023,31 October 2023
85304,DDD,2014B,01 October 2023,31 October 2023
88490,DDD,2014B,01 October 2023,31 October 2023
88910,DDD,2014B,01 October 2023,31 October 2023
89904,DDD,2014B,01 October 2023,31 October 2023
90537,DDD,2014B,01 October 2023,31 October 2023
97939,DDD,2014B,01 October 2023,31 October 2023
99151,DDD,2014B,01 October 2023,31 October 2023
103891,DDD,2014B,01 October 2023,31 October 2023
111959,DDD,2014B,01 October 2023,31 October 2023
116763,DDD,2014B,01 October 2023,31 October 2023
117281,DDD,2014B,01 October 2023,31 October 2023
118479,DDD,2014B,01 October 2023,31 October 2023
118578,DDD,2014B,01 October 2023,31 October 2023
124134,DDD,2014B,01 October 2023,31 October 2023
124847,DDD,2014B,01 October 2023,31 October 2023
127580,DDD,2014B,01 October 2023,31 October 2023
128348,DDD,2014B,01 October 2023,31 October 2023
134721,DDD,2014B,01 October 2023,31 October 2023
137150,DDD,2014B,01 October 2023,31 October 2023
138204,DDD,2014B,01 October 2023,31 October 2023
138416,DDD,2014B,01 October 2023,31 October 2023
138704,DDD,2014B,01 October 2023,31 October 2023
139455,DDD,2014B,01 October 2023,31 October 2023
141182,DDD,2014B,01 October 2023,31 October 2023
141497,DDD,2014B,01 October 2023,31 October 2023
144908,DDD,2014B,01 October 2023,31 October 2023
145770,DDD,2014B,01 October 2023,31 October 2023
152320,DDD,2014B,01 October 2023,31 October 2023
154697,DDD,2014B,01 October 2023,31 October 2023
161286,DDD,2014B,01 October 2023,31 October 2023
161878,DDD,2014B,01 October 2023,31 October 2023
162901,DDD,2014B,01 October 2023,31 October 2023
178258,DDD,2014B,01 October 2023,31 October 2023
187663,DDD,2014B,01 October 2023,31 October 2023
189178,DDD,2014B,01 October 2023,31 October 2023
189442,DDD,2014B,01 October 2023,31 October 2023
192186,DDD,2014B,01 October 2023,31 October 2023
196264,DDD,2014B,01 October 2023,31 October 2023
201151,DDD,2014B,01 October 2023,31 October 2023
226895,DDD,2014B,01 October 2023,31 October 2023
227826,DDD,2014B,01 October 2023,31 October 2023
228272,DDD,2014B,01 October 2023,31 October 2023
228373,DDD,2014B,01 October 2023,31 October 2023
228775,DDD,2014B,01 October 2023,31 October 2023
231973,DDD,2014B,01 October 2023,31 October 2023
232827,DDD,2014B,01 October 2023,31 October 2023
233868,DDD,2014B,01 October 2023,31 October 2023
236015,DDD,2014B,01 October 2023,31 October 2023
237925,DDD,2014B,01 October 2023,31 October 2023
237969,DDD,2014B,01 October 2023,31 October 2023
239459,DDD,2014B,01 October 2023,31 October 2023
242633,DDD,2014B,01 October 2023,31 October 2023
244438,DDD,2014B,01 October 2023,31 October 2023
247342,DDD,2014B,01 October 2023,31 October 2023
250058,DDD,2014B,01 October 2023,31 October 2023
260367,DDD,2014B,01 October 2023,31 October 2023
260565,DDD,2014B,01 October 2023,31 October 2023
263022,DDD,2014B,01 October 2023,31 October 2023
266922,DDD,2014B,01 October 2023,31 October 2023
268883,DDD,2014B,01 October 2023,31 October 2023
268915,DDD,2014B,01 October 2023,31 October 2023
271974,DDD,2014B,01 October 2023,31 October 2023
277166,DDD,2014B,01 October 2023,31 October 2023
287499,DDD,2014B,01 October 2023,31 October 2023
288407,DDD,2014B,01 October 2023,31 October 2023
291005,DDD,2014B,01 October 2023,31 October 2023
299949,DDD,2014B,01 October 2023,31 October 2023
300592,DDD,2014B,01 October 2023,31 October 2023
306944,DDD,2014B,01 October 2023,31 October 2023
309756,DDD,2014B,01 October 2023,31 October 2023
312761,DDD,2014B,01 October 2023,31 October 2023
315633,DDD,2014B,01 October 2023,31 October 2023
315723,DDD,2014B,01 October 2023,31 October 2023
320593,DDD,2014B,01 October 2023,31 October 2023
321810,DDD,2014B,01 October 2023,31 October 2023
323659,DDD,2014B,01 October 2023,31 October 2023
325044,DDD,2014B,01 October 2023,31 October 2023
325566,DDD,2014B,01 October 2023,31 October 2023
327449,DDD,2014B,01 October 2023,31 October 2023
333308,DDD,2014B,01 October 2023,31 October 2023
334504,DDD,2014B,01 October 2023,31 October 2023
335471,DDD,2014B,01 October 2023,31 October 2023
336936,DDD,2014B,01 October 2023,31 October 2023
339513,DDD,2014B,01 October 2023,31 October 2023
347365,DDD,2014B,01 October 2023,31 October 2023
348439,DDD,2014B,01 October 2023,31 October 2023
352308,DDD,2014B,01 October 2023,31 October 2023
352600,DDD,2014B,01 October 2023,31 October 2023
352679,DDD,2014B,01 October 2023,31 October 2023
354953,DDD,2014B,01 October 2023,31 October 2023
355309,DDD,2014B,01 October 2023,31 October 2023
355780,DDD,2014B,01 October 2023,31 October 2023
356166,DDD,2014B,01 October 2023,31 October 2023
356705,DDD,2014B,01 October 2023,31 October 2023
360759,DDD,2014B,01 October 2023,31 October 2023
361842,DDD,2014B,01 October 2023,31 October 2023
362115,DDD,2014B,01 October 2023,31 October 2023
363122,DDD,2014B,01 October 2023,31 October 2023
365397,DDD,2014B,01 October 2023,31 October 2023
365764,DDD,2014B,01 October 2023,31 October 2023
367127,DDD,2014B,01 October 2023,31 October 2023
367646,DDD,2014B,01 October 2023,31 October 2023
370089,DDD,2014B,01 October 2023,31 October 2023
370865,DDD,2014B,01 October 2023,31 October 2023
373790,DDD,2014B,01 October 2023,31 October 2023
373795,DDD,2014B,01 October 2023,31 October 2023
374645,DDD,2014B,01 October 2023,31 October 2023
375856,DDD,2014B,01 October 2023,31 October 2023
376280,DDD,2014B,01 October 2023,31 October 2023
378728,DDD,2014B,01 October 2023,31 October 2023
379330,DDD,2014B,01 October 2023,31 October 2023
380681,DDD,2014B,01 October 2023,31 October 2023
382051,DDD,2014B,01 October 2023,31 October 2023
384372,DDD,2014B,01 October 2023,31 October 2023
385927,DDD,2014B,01 October 2023,31 October 2023
385947,DDD,2014B,01 October 2023,31 October 2023
386140,DDD,2014B,01 October 2023,31 October 2023
386849,DDD,2014B,01 October 2023,31 October 2023
387656,DDD,2014B,01 October 2023,31 October 2023
390026,DDD,2014B,01 October 2023,31 October 2023
391611,DDD,2014B,01 October 2023,31 October 2023
391924,DDD,2014B,01 October 2023,31 October 2023
392802,DDD,2014B,01 October 2023,31 October 2023
394020,DDD,2014B,01 October 2023,31 October 2023
397429,DDD,2014B,01 October 2023,31 October 2023
400461,DDD,2014B,01 October 2023,31 October 2023
400599,DDD,2014B,01 October 2023,31 October 2023
402314,DDD,2014B,01 October 2023,31 October 2023
402575,DDD,2014B,01 October 2023,31 October 2023
406753,DDD,2014B,01 October 2023,31 October 2023
407115,DDD,2014B,01 October 2023,31 October 2023
407303,DDD,2014B,01 October 2023,31 October 2023
409284,DDD,2014B,01 October 2023,31 October 2023
410816,DDD,2014B,01 October 2023,31 October 2023
411060,DDD,2014B,01 October 2023,31 October 2023
413629,DDD,2014B,01 October 2023,31 October 2023
418453,DDD,2014B,01 October 2023,31 October 2023
418781,DDD,2014B,01 October 2023,31 October 2023
421242,DDD,2014B,01 October 2023,31 October 2023
421754,DDD,2014B,01 October 2023,31 October 2023
421877,DDD,2014B,01 October 2023,31 October 2023
424880,DDD,2014B,01 October 2023,31 October 2023
426297,DDD,2014B,01 October 2023,31 October 2023
428769,DDD,2014B,01 October 2023,31 October 2023
430282,DDD,2014B,01 October 2023,31 October 2023
430678,DDD,2014B,01 October 2023,31 October 2023
431136,DDD,2014B,01 October 2023,31 October 2023
431406,DDD,2014B,01 October 2023,31 October 2023
434002,DDD,2014B,01 October 2023,31 October 2023
440331,DDD,2014B,01 October 2023,31 October 2023
440798,DDD,2014B,01 October 2023,31 October 2023
441213,DDD,2014B,01 October 2023,31 October 2023
441393,DDD,2014B,01 October 2023,31 October 2023
442393,DDD,2014B,01 October 2023,31 October 2023
442873,DDD,2014B,01 October 2023,31 October 2023
443861,DDD,2014B,01 October 2023,31 October 2023
444474,DDD,2014B,01 October 2023,31 October 2023
445145,DDD,2014B,01 October 2023,31 October 2023
445857,DDD,2014B,01 October 2023,31 October 2023
447162,DDD,2014B,01 October 2023,31 October 2023
464592,DDD,2014B,01 October 2023,31 October 2023
464685,DDD,2014B,01 October 2023,31 October 2023
464748,DDD,2014B,01 October 2023,31 October 2023
464887,DDD,2014B,01 October 2023,31 October 2023
465413,DDD,2014B,01 October 2023,31 October 2023
468386,DDD,2014B,01 October 2023,31 October 2023
469425,DDD,2014B,01 October 2023,31 October 2023
470555,DDD,2014B,01 October 2023,31 October 2023
470733,DDD,2014B,01 October 2023,31 October 2023
471189,DDD,2014B,01 October 2023,31 October 2023
471476,DDD,2014B,01 October 2023,31 October 2023
471669,DDD,2014B,01 October 2023,31 October 2023
472257,DDD,2014B,01 October 2023,31 October 2023
472284,DDD,2014B,01 October 2023,31 October 2023
473265,DDD,2014B,01 October 2023,31 October 2023
477063,DDD,2014B,01 October 2023,31 October 2023
477180,DDD,2014B,01 October 2023,31 October 2023
479921,DDD,2014B,01 October 2023,31 October 2023
480956,DDD,2014B,01 October 2023,31 October 2023
484130,DDD,2014B,01 October 2023,31 October 2023
484213,DDD,2014B,01 October 2023,31 October 2023
484762,DDD,2014B,01 October 2023,31 October 2023
485219,DDD,2014B,01 October 2023,31 October 2023
485306,DDD,2014B,01 October 2023,31 October 2023
486022,DDD,2014B,01 October 2023,31 October 2023
489507,DDD,2014B,01 October 2023,31 October 2023
491036,DDD,2014B,01 October 2023,31 October 2023
491792,DDD,2014B,01 October 2023,31 October 2023
492095,DDD,2014B,01 October 2023,31 October 2023
493055,DDD,2014B,01 October 2023,31 October 2023
493296,DDD,2014B,01 October 2023,31 October 2023
493434,DDD,2014B,01 October 2023,31 October 2023
494329,DDD,2014B,01 October 2023,31 October 2023
496085,DDD,2014B,01 October 2023,31 October 2023
497206,DDD,2014B,01 October 2023,31 October 2023
498438,DDD,2014B,01 October 2023,31 October 2023
498582,DDD,2014B,01 October 2023,31 October 2023
498905,DDD,2014B,01 October 2023,31 October 2023
498980,DDD,2014B,01 October 2023,31 October 2023
501123,DDD,2014B,01 October 2023,31 October 2023
501487,DDD,2014B,01 October 2023,31 October 2023
501890,DDD,2014B,01 October 2023,31 October 2023
502161,DDD,2014B,01 October 2023,31 October 2023
504089,DDD,2014B,01 October 2023,31 October 2023
505854,DDD,2014B,01 October 2023,31 October 2023
507812,DDD,2014B,01 October 2023,31 October 2023
508446,DDD,2014B,01 October 2023,31 October 2023
508594,DDD,2014B,01 October 2023,31 October 2023
508872,DDD,2014B,01 October 2023,31 October 2023
509100,DDD,2014B,01 October 2023,31 October 2023
509417,DDD,2014B,01 October 2023,31 October 2023
511869,DDD,2014B,01 October 2023,31 October 2023
513415,DDD,2014B,01 October 2023,31 October 2023
513957,DDD,2014B,01 October 2023,31 October 2023
514277,DDD,2014B,01 October 2023,31 October 2023
515161,DDD,2014B,01 October 2023,31 October 2023
515331,DDD,2014B,01 October 2023,31 October 2023
516318,DDD,2014B,01 October 2023,31 October 2023
517864,DDD,2014B,01 October 2023,31 October 2023
518265,DDD,2014B,01 October 2023,31 October 2023
520349,DDD,2014B,01 October 2023,31 October 2023
520962,DDD,2014B,01 October 2023,31 October 2023
521249,DDD,2014B,01 October 2023,31 October 2023
522129,DDD,2014B,01 October 2023,31 October 2023
522205,DDD,2014B,01 October 2023,31 October 2023
522840,DDD,2014B,01 October 2023,31 October 2023
523978,DDD,2014B,01 October 2023,31 October 2023
524109,DDD,2014B,01 October 2023,31 October 2023
525412,DDD,2014B,01 October 2023,31 October 2023
525635,DDD,2014B,01 October 2023,31 October 2023
526175,DDD,2014B,01 October 2023,31 October 2023
527242,DDD,2014B,01 October 2023,31 October 2023
528330,DDD,2014B,01 October 2023,31 October 2023
528699,DDD,2014B,01 October 2023,31 October 2023
528822,DDD,2014B,01 October 2023,31 October 2023
529190,DDD,2014B,01 October 2023,31 October 2023
531243,DDD,2014B,01 October 2023,31 October 2023
532194,DDD,2014B,01 October 2023,31 October 2023
533012,DDD,2014B,01 October 2023,31 October 2023
534201,DDD,2014B,01 October 2023,31 October 2023
536794,DDD,2014B,01 October 2023,31 October 2023
536941,DDD,2014B,01 October 2023,31 October 2023
537238,DDD,2014B,01 October 2023,31 October 2023
537756,DDD,2014B,01 October 2023,31 October 2023
539060,DDD,2014B,01 October 2023,31 October 2023
539588,DDD,2014B,01 October 2023,31 October 2023
541000,DDD,2014B,01 October 2023,31 October 2023
541765,DDD,2014B,01 October 2023,31 October 2023
543361,DDD,2014B,01 October 2023,31 October 2023
543789,DDD,2014B,01 October 2023,31 October 2023
543976,DDD,2014B,01 October 2023,31 October 2023
546025,DDD,2014B,01 October 2023,31 October 2023
546040,DDD,2014B,01 October 2023,31 October 2023
546299,DDD,2014B,01 October 2023,31 October 2023
546584,DDD,2014B,01 October 2023,31 October 2023
547786,DDD,2014B,01 October 2023,31 October 2023
547860,DDD,2014B,01 October 2023,31 October 2023
548292,DDD,2014B,01 October 2023,31 October 2023
548500,DDD,2014B,01 October 2023,31 October 2023
549785,DDD,2014B,01 October 2023,31 October 2023
550046,DDD,2014B,01 October 2023,31 October 2023
550638,DDD,2014B,01 October 2023,31 October 2023
551109,DDD,2014B,01 October 2023,31 October 2023
551171,DDD,2014B,01 October 2023,31 October 2023
551340,DDD,2014B,01 October 2023,31 October 2023
551427,DDD,2014B,01 October 2023,31 October 2023
551814,DDD,2014B,01 October 2023,31 October 2023
552908,DDD,2014B,01 October 2023,31 October 2023
554585,DDD,2014B,01 October 2023,31 October 2023
554712,DDD,2014B,01 October 2023,31 October 2023
555132,DDD,2014B,01 October 2023,31 October 2023
555137,DDD,2014B,01 October 2023,31 October 2023
556057,DDD,2014B,01 October 2023,31 October 2023
556170,DDD,2014B,01 October 2023,31 October 2023
556171,DDD,2014B,01 October 2023,31 October 2023
556374,DDD,2014B,01 October 2023,31 October 2023
556416,DDD,2014B,01 October 2023,31 October 2023
556836,DDD,2014B,01 October 2023,31 October 2023
557404,DDD,2014B,01 October 2023,31 October 2023
558292,DDD,2014B,01 October 2023,31 October 2023
558629,DDD,2014B,01 October 2023,31 October 2023
558705,DDD,2014B,01 October 2023,31 October 2023
559328,DDD,2014B,01 October 2023,31 October 2023
559872,DDD,2014B,01 October 2023,31 October 2023
560944,DDD,2014B,01 October 2023,31 October 2023
561503,DDD,2014B,01 October 2023,31 October 2023
561906,DDD,2014B,01 October 2023,31 October 2023
562112,DDD,2014B,01 October 2023,31 October 2023
562248,DDD,2014B,01 October 2023,31 October 2023
562632,DDD,2014B,01 October 2023,31 October 2023
562708,DDD,2014B,01 October 2023,31 October 2023
563081,DDD,2014B,01 October 2023,31 October 2023
563763,DDD,2014B,01 October 2023,31 October 2023
564081,DDD,2014B,01 October 2023,31 October 2023
564643,DDD,2014B,01 October 2023,31 October 2023
564712,DDD,2014B,01 October 2023,31 October 2023
564944,DDD,2014B,01 October 2023,31 October 2023
564970,DDD,2014B,01 October 2023,31 October 2023
565158,DDD,2014B,01 October 2023,31 October 2023
565851,DDD,2014B,01 October 2023,31 October 2023
566240,DDD,2014B,01 October 2023,31 October 2023
566652,DDD,2014B,01 October 2023,31 October 2023
566788,DDD,2014B,01 October 2023,31 October 2023
567595,DDD,2014B,01 October 2023,31 October 2023
567808,DDD,2014B,01 October 2023,31 October 2023
567896,DDD,2014B,01 October 2023,31 October 2023
568631,DDD,2014B,01 October 2023,31 October 2023
568686,DDD,2014B,01 October 2023,31 October 2023
569084,DDD,2014B,01 October 2023,31 October 2023
569706,DDD,2014B,01 October 2023,31 October 2023
570049,DDD,2014B,01 October 2023,31 October 2023
570215,DDD,2014B,01 October 2023,31 October 2023
571008,DDD,2014B,01 October 2023,31 October 2023
571292,DDD,2014B,01 October 2023,31 October 2023
571397,DDD,2014B,01 October 2023,31 October 2023
572043,DDD,2014B,01 October 2023,31 October 2023
572235,DDD,2014B,01 October 2023,31 October 2023
572414,DDD,2014B,01 October 2023,31 October 2023
572924,DDD,2014B,01 October 2023,31 October 2023
573126,DDD,2014B,01 October 2023,31 October 2023
574190,DDD,2014B,01 October 2023,31 October 2023
574909,DDD,2014B,01 October 2023,31 October 2023
575603,DDD,2014B,01 October 2023,31 October 2023
575792,DDD,2014B,01 October 2023,31 October 2023
576041,DDD,2014B,01 October 2023,31 October 2023
576350,DDD,2014B,01 October 2023,31 October 2023
576584,DDD,2014B,01 October 2023,31 October 2023
576827,DDD,2014B,01 October 2023,31 October 2023
576869,DDD,2014B,01 October 2023,31 October 2023
577954,DDD,2014B,01 October 2023,31 October 2023
577977,DDD,2014B,01 October 2023,31 October 2023
578031,DDD,2014B,01 October 2023,31 October 2023
578595,DDD,2014B,01 October 2023,31 October 2023
579134,DDD,2014B,01 October 2023,31 October 2023
579178,DDD,2014B,01 October 2023,31 October 2023
579711,DDD,2014B,01 October 2023,31 October 2023
580912,DDD,2014B,01 October 2023,31 October 2023
581409,DDD,2014B,01 October 2023,31 October 2023
581909,DDD,2014B,01 October 2023,31 October 2023
582366,DDD,2014B,01 October 2023,31 October 2023
582479,DDD,2014B,01 October 2023,31 October 2023
582920,DDD,2014B,01 October 2023,31 October 2023
583053,DDD,2014B,01 October 2023,31 October 2023
583348,DDD,2014B,01 October 2023,31 October 2023
583713,DDD,2014B,01 October 2023,31 October 2023
584089,DDD,2014B,01 October 2023,31 October 2023
584660,DDD,2014B,01 October 2023,31 October 2023
584952,DDD,2014B,01 October 2023,31 October 2023
585372,DDD,2014B,01 October 2023,31 October 2023
585485,DDD,2014B,01 October 2023,31 October 2023
585830,DDD,2014B,01 October 2023,31 October 2023
586347,DDD,2014B,01 October 2023,31 October 2023
586369,DDD,2014B,01 October 2023,31 October 2023
586537,DDD,2014B,01 October 2023,31 October 2023
586876,DDD,2014B,01 October 2023,31 October 2023
586946,DDD,2014B,01 October 2023,31 October 2023
587403,DDD,2014B,01 October 2023,31 October 2023
587633,DDD,2014B,01 October 2023,31 October 2023
588182,DDD,2014B,01 October 2023,31 October 2023
588198,DDD,2014B,01 October 2023,31 October 2023
588397,DDD,2014B,01 October 2023,31 October 2023
588560,DDD,2014B,01 October 2023,31 October 2023
588749,DDD,2014B,01 October 2023,31 October 2023
588752,DDD,2014B,01 October 2023,31 October 2023
590410,DDD,2014B,01 October 2023,31 October 2023
590504,DDD,2014B,01 October 2023,31 October 2023
590680,DDD,2014B,01 October 2023,31 October 2023
591100,DDD,2014B,01 October 2023,31 October 2023
591448,DDD,2014B,01 October 2023,31 October 2023
591654,DDD,2014B,01 October 2023,31 October 2023
591742,DDD,2014B,01 October 2023,31 October 2023
592220,DDD,2014B,01 October 2023,31 October 2023
592465,DDD,2014B,01 October 2023,31 October 2023
593099,DDD,2014B,01 October 2023,31 October 2023
594078,DDD,2014B,01 October 2023,31 October 2023
595193,DDD,2014B,01 October 2023,31 October 2023
595342,DDD,2014B,01 October 2023,31 October 2023
595373,DDD,2014B,01 October 2023,31 October 2023
596439,DDD,2014B,01 October 2023,31 October 2023
596465,DDD,2014B,01 October 2023,31 October 2023
596906,DDD,2014B,01 October 2023,31 October 2023
597242,DDD,2014B,01 October 2023,31 October 2023
597356,DDD,2014B,01 October 2023,31 October 2023
597379,DDD,2014B,01 October 2023,31 October 2023
597839,DDD,2014B,01 October 2023,31 October 2023
598179,DDD,2014B,01 October 2023,31 October 2023
598750,DDD,2014B,01 October 2023,31 October 2023
599134,DDD,2014B,01 October 2023,31 October 2023
599789,DDD,2014B,01 October 2023,31 October 2023
600130,DDD,2014B,01 October 2023,31 October 2023
600670,DDD,2014B,01 October 2023,31 October 2023
600767,DDD,2014B,01 October 2023,31 October 2023
600891,DDD,2014B,01 October 2023,31 October 2023
601093,DDD,2014B,01 October 2023,31 October 2023
601329,DDD,2014B,01 October 2023,31 October 2023
601652,DDD,2014B,01 October 2023,31 October 2023
602228,DDD,2014B,01 October 2023,31 October 2023
602365,DDD,2014B,01 October 2023,31 October 2023
602454,DDD,2014B,01 October 2023,31 October 2023
603241,DDD,2014B,01 October 2023,31 October 2023
603559,DDD,2014B,01 October 2023,31 October 2023
603690,DDD,2014B,01 October 2023,31 October 2023
604027,DDD,2014B,01 October 2023,31 October 2023
604704,DDD,2014B,01 October 2023,31 October 2023
604905,DDD,2014B,01 October 2023,31 October 2023
605131,DDD,2014B,01 October 2023,31 October 2023
605596,DDD,2014B,01 October 2023,31 October 2023
605695,DDD,2014B,01 October 2023,31 October 2023
605759,DDD,2014B,01 October 2023,31 October 2023
605781,DDD,2014B,01 October 2023,31 October 2023
605890,DDD,2014B,01 October 2023,31 October 2023
606802,DDD,2014B,01 October 2023,31 October 2023
606884,DDD,2014B,01 October 2023,31 October 2023
606905,DDD,2014B,01 October 2023,31 October 2023
607130,DDD,2014B,01 October 2023,31 October 2023
607214,DDD,2014B,01 October 2023,31 October 2023
607462,DDD,2014B,01 October 2023,31 October 2023
607572,DDD,2014B,01 October 2023,31 October 2023
607705,DDD,2014B,01 October 2023,31 October 2023
607939,DDD,2014B,01 October 2023,31 October 2023
607946,DDD,2014B,01 October 2023,31 October 2023
608322,DDD,2014B,01 October 2023,31 October 2023
608487,DDD,2014B,01 October 2023,31 October 2023
608724,DDD,2014B,01 October 2023,31 October 2023
608772,DDD,2014B,01 October 2023,31 October 2023
609019,DDD,2014B,01 October 2023,31 October 2023
609265,DDD,2014B,01 October 2023,31 October 2023
609267,DDD,2014B,01 October 2023,31 October 2023
609354,DDD,2014B,01 October 2023,31 October 2023
609570,DDD,2014B,01 October 2023,31 October 2023
609573,DDD,2014B,01 October 2023,31 October 2023
609681,DDD,2014B,01 October 2023,31 October 2023
609708,DDD,2014B,01 October 2023,31 October 2023
609946,DDD,2014B,01 October 2023,31 October 2023
610129,DDD,2014B,01 October 2023,31 October 2023
610228,DDD,2014B,01 October 2023,31 October 2023
610261,DDD,2014B,01 October 2023,31 October 2023
610326,DDD,2014B,01 October 2023,31 October 2023
610515,DDD,2014B,01 October 2023,31 October 2023
610609,DDD,2014B,01 October 2023,31 October 2023
610931,DDD,2014B,01 October 2023,31 October 2023
611377,DDD,2014B,01 October 2023,31 October 2023
611493,DDD,2014B,01 October 2023,31 October 2023
611735,DDD,2014B,01 October 2023,31 October 2023
611800,DDD,2014B,01 October 2023,31 October 2023
611845,DDD,2014B,01 October 2023,31 October 2023
611879,DDD,2014B,01 October 2023,31 October 2023
611910,DDD,2014B,01 October 2023,31 October 2023
611983,DDD,2014B,01 October 2023,31 October 2023
611988,DDD,2014B,01 October 2023,31 October 2023
612000,DDD,2014B,01 October 2023,31 October 2023
612026,DDD,2014B,01 October 2023,31 October 2023
612111,DDD,2014B,01 October 2023,31 October 2023
612136,DDD,2014B,01 October 2023,31 October 2023
612326,DDD,2014B,01 October 2023,31 October 2023
612443,DDD,2014B,01 October 2023,31 October 2023
612563,DDD,2014B,01 October 2023,31 October 2023
612625,DDD,2014B,01 October 2023,31 October 2023
612669,DDD,2014B,01 October 2023,31 October 2023
612935,DDD,2014B,01 October 2023,31 October 2023
613063,DDD,2014B,01 October 2023,31 October 2023
613105,DDD,2014B,01 October 2023,31 October 2023
613107,DDD,2014B,01 October 2023,31 October 2023
613313,DDD,2014B,01 October 2023,31 October 2023
613466,DDD,2014B,01 October 2023,31 October 2023
613617,DDD,2014B,01 October 2023,31 October 2023
613834,DDD,2014B,01 October 2023,31 October 2023
613876,DDD,2014B,01 October 2023,31 October 2023
614025,DDD,2014B,01 October 2023,31 October 2023
614074,DDD,2014B,01 October 2023,31 October 2023
614176,DDD,2014B,01 October 2023,31 October 2023
614217,DDD,2014B,01 October 2023,31 October 2023
614241,DDD,2014B,01 October 2023,31 October 2023
614406,DDD,2014B,01 October 2023,31 October 2023
614471,DDD,2014B,01 October 2023,31 October 2023
614633,DDD,2014B,01 October 2023,31 October 2023
614649,DDD,2014B,01 October 2023,31 October 2023
614650,DDD,2014B,01 October 2023,31 October 2023
614808,DDD,2014B,01 October 2023,31 October 2023
614879,DDD,2014B,01 October 2023,31 October 2023
614930,DDD,2014B,01 October 2023,31 October 2023
614949,DDD,2014B,01 October 2023,31 October 2023
615184,DDD,2014B,01 October 2023,31 October 2023
615438,DDD,2014B,01 October 2023,31 October 2023
616166,DDD,2014B,01 October 2023,31 October 2023
616388,DDD,2014B,01 October 2023,31 October 2023
616542,DDD,2014B,01 October 2023,31 October 2023
616684,DDD,2014B,01 October 2023,31 October 2023
616862,DDD,2014B,01 October 2023,31 October 2023
616874,DDD,2014B,01 October 2023,31 October 2023
616952,DDD,2014B,01 October 2023,31 October 2023
617265,DDD,2014B,01 October 2023,31 October 2023
617350,DDD,2014B,01 October 2023,31 October 2023
617401,DDD,2014B,01 October 2023,31 October 2023
617442,DDD,2014B,01 October 2023,31 October 2023
617619,DDD,2014B,01 October 2023,31 October 2023
617699,DDD,2014B,01 October 2023,31 October 2023
617771,DDD,2014B,01 October 2023,31 October 2023
617801,DDD,2014B,01 October 2023,31 October 2023
617880,DDD,2014B,01 October 2023,31 October 2023
617897,DDD,2014B,01 October 2023,31 October 2023
618131,DDD,2014B,01 October 2023,31 October 2023
618295,DDD,2014B,01 October 2023,31 October 2023
618300,DDD,2014B,01 October 2023,31 October 2023
618583,DDD,2014B,01 October 2023,31 October 2023
618675,DDD,2014B,01 October 2023,31 October 2023
618682,DDD,2014B,01 October 2023,31 October 2023
618696,DDD,2014B,01 October 2023,31 October 2023
618845,DDD,2014B,01 October 2023,31 October 2023
618913,DDD,2014B,01 October 2023,31 October 2023
618937,DDD,2014B,01 October 2023,31 October 2023
618940,DDD,2014B,01 October 2023,31 October 2023
618963,DDD,2014B,01 October 2023,31 October 2023
618968,DDD,2014B,01 October 2023,31 October 2023
618998,DDD,2014B,01 October 2023,31 October 2023
619015,DDD,2014B,01 October 2023,31 October 2023
619297,DDD,2014B,01 October 2023,31 October 2023
619382,DDD,2014B,01 October 2023,31 October 2023
619403,DDD,2014B,01 October 2023,31 October 2023
619851,DDD,2014B,01 October 2023,31 October 2023
619908,DDD,2014B,01 October 2023,31 October 2023
619939,DDD,2014B,01 October 2023,31 October 2023
619964,DDD,2014B,01 October 2023,31 October 2023
620060,DDD,2014B,01 October 2023,31 October 2023
620102,DDD,2014B,01 October 2023,31 October 2023
620106,DDD,2014B,01 October 2023,31 October 2023
620337,DDD,2014B,01 October 2023,31 October 2023
620393,DDD,2014B,01 October 2023,31 October 2023
620437,DDD,2014B,01 October 2023,31 October 2023
620508,DDD,2014B,01 October 2023,31 October 2023
620630,DDD,2014B,01 October 2023,31 October 2023
620658,DDD,2014B,01 October 2023,31 October 2023
620734,DDD,2014B,01 October 2023,31 October 2023
620793,DDD,2014B,01 October 2023,31 October 2023
620820,DDD,2014B,01 October 2023,31 October 2023
620892,DDD,2014B,01 October 2023,31 October 2023
620925,DDD,2014B,01 October 2023,31 October 2023
620951,DDD,2014B,01 October 2023,31 October 2023
621004,DDD,2014B,01 October 2023,31 October 2023
621010,DDD,2014B,01 October 2023,31 October 2023
621352,DDD,2014B,01 October 2023,31 October 2023
621384,DDD,2014B,01 October 2023,31 October 2023
621457,DDD,2014B,01 October 2023,31 October 2023
621615,DDD,2014B,01 October 2023,31 October 2023
621659,DDD,2014B,01 October 2023,31 October 2023
621675,DDD,2014B,01 October 2023,31 October 2023
621883,DDD,2014B,01 October 2023,31 October 2023
621908,DDD,2014B,01 October 2023,31 October 2023
622175,DDD,2014B,01 October 2023,31 October 2023
622199,DDD,2014B,01 October 2023,31 October 2023
622207,DDD,2014B,01 October 2023,31 October 2023
622225,DDD,2014B,01 October 2023,31 October 2023
622256,DDD,2014B,01 October 2023,31 October 2023
622281,DDD,2014B,01 October 2023,31 October 2023
622333,DDD,2014B,01 October 2023,31 October 2023
622435,DDD,2014B,01 October 2023,31 October 2023
622499,DDD,2014B,01 October 2023,31 October 2023
622571,DDD,2014B,01 October 2023,31 October 2023
622614,DDD,2014B,01 October 2023,31 October 2023
622626,DDD,2014B,01 October 2023,31 October 2023
622630,DDD,2014B,01 October 2023,31 October 2023
622657,DDD,2014B,01 October 2023,31 October 2023
622672,DDD,2014B,01 October 2023,31 October 2023
622724,DDD,2014B,01 October 2023,31 October 2023
622764,DDD,2014B,01 October 2023,31 October 2023
622790,DDD,2014B,01 October 2023,31 October 2023
622792,DDD,2014B,01 October 2023,31 October 2023
622844,DDD,2014B,01 October 2023,31 October 2023
622851,DDD,2014B,01 October 2023,31 October 2023
622873,DDD,2014B,01 October 2023,31 October 2023
622900,DDD,2014B,01 October 2023,31 October 2023
622968,DDD,2014B,01 October 2023,31 October 2023
623008,DDD,2014B,01 October 2023,31 October 2023
623015,DDD,2014B,01 October 2023,31 October 2023
623073,DDD,2014B,01 October 2023,31 October 2023
623099,DDD,2014B,01 October 2023,31 October 2023
623164,DDD,2014B,01 October 2023,31 October 2023
623210,DDD,2014B,01 October 2023,31 October 2023
623257,DDD,2014B,01 October 2023,31 October 2023
623332,DDD,2014B,01 October 2023,31 October 2023
623514,DDD,2014B,01 October 2023,31 October 2023
623541,DDD,2014B,01 October 2023,31 October 2023
623585,DDD,2014B,01 October 2023,31 October 2023
623601,DDD,2014B,01 October 2023,31 October 2023
623740,DDD,2014B,01 October 2023,31 October 2023
623815,DDD,2014B,01 October 2023,31 October 2023
623826,DDD,2014B,01 October 2023,31 October 2023
623829,DDD,2014B,01 October 2023,31 October 2023
623834,DDD,2014B,01 October 2023,31 October 2023
623917,DDD,2014B,01 October 2023,31 October 2023
623931,DDD,2014B,01 October 2023,31 October 2023
623932,DDD,2014B,01 October 2023,31 October 2023
623997,DDD,2014B,01 October 2023,31 October 2023
624007,DDD,2014B,01 October 2023,31 October 2023
624052,DDD,2014B,01 October 2023,31 October 2023
624068,DDD,2014B,01 October 2023,31 October 2023
624077,DDD,2014B,01 October 2023,31 October 2023
624078,DDD,2014B,01 October 2023,31 October 2023
624093,DDD,2014B,01 October 2023,31 October 2023
624105,DDD,2014B,01 October 2023,31 October 2023
624358,DDD,2014B,01 October 2023,31 October 2023
624407,DDD,2014B,01 October 2023,31 October 2023
624476,DDD,2014B,01 October 2023,31 October 2023
624492,DDD,2014B,01 October 2023,31 October 2023
624570,DDD,2014B,01 October 2023,31 October 2023
624610,DDD,2014B,01 October 2023,31 October 2023
624651,DDD,2014B,01 October 2023,31 October 2023
624804,DDD,2014B,01 October 2023,31 October 2023
624829,DDD,2014B,01 October 2023,31 October 2023
624839,DDD,2014B,01 October 2023,31 October 2023
624881,DDD,2014B,01 October 2023,31 October 2023
624921,DDD,2014B,01 October 2023,31 October 2023
624944,DDD,2014B,01 October 2023,31 October 2023
625035,DDD,2014B,01 October 2023,31 October 2023
625080,DDD,2014B,01 October 2023,31 October 2023
625427,DDD,2014B,01 October 2023,31 October 2023
625613,DDD,2014B,01 October 2023,31 October 2023
625615,DDD,2014B,01 October 2023,31 October 2023
625748,DDD,2014B,01 October 2023,31 October 2023
625864,DDD,2014B,01 October 2023,31 October 2023
625874,DDD,2014B,01 October 2023,31 October 2023
625902,DDD,2014B,01 October 2023,31 October 2023
625913,DDD,2014B,01 October 2023,31 October 2023
625983,DDD,2014B,01 October 2023,31 October 2023
626018,DDD,2014B,01 October 2023,31 October 2023
626040,DDD,2014B,01 October 2023,31 October 2023
626049,DDD,2014B,01 October 2023,31 October 2023
626061,DDD,2014B,01 October 2023,31 October 2023
626114,DDD,2014B,01 October 2023,31 October 2023
626146,DDD,2014B,01 October 2023,31 October 2023
626172,DDD,2014B,01 October 2023,31 October 2023
626192,DDD,2014B,01 October 2023,31 October 2023
626217,DDD,2014B,01 October 2023,31 October 2023
626238,DDD,2014B,01 October 2023,31 October 2023
626321,DDD,2014B,01 October 2023,31 October 2023
626348,DDD,2014B,01 October 2023,31 October 2023
626405,DDD,2014B,01 October 2023,31 October 2023
626450,DDD,2014B,01 October 2023,31 October 2023
626546,DDD,2014B,01 October 2023,31 October 2023
626551,DDD,2014B,01 October 2023,31 October 2023
626556,DDD,2014B,01 October 2023,31 October 2023
626607,DDD,2014B,01 October 2023,31 October 2023
626679,DDD,2014B,01 October 2023,31 October 2023
626723,DDD,2014B,01 October 2023,31 October 2023
626798,DDD,2014B,01 October 2023,31 October 2023
626852,DDD,2014B,01 October 2023,31 October 2023
626885,DDD,2014B,01 October 2023,31 October 2023
626889,DDD,2014B,01 October 2023,31 October 2023
626979,DDD,2014B,01 October 2023,31 October 2023
627021,DDD,2014B,01 October 2023,31 October 2023
627071,DDD,2014B,01 October 2023,31 October 2023
627100,DDD,2014B,01 October 2023,31 October 2023
627173,DDD,2014B,01 October 2023,31 October 2023
627276,DDD,2014B,01 October 2023,31 October 2023
627322,DDD,2014B,01 October 2023,31 October 2023
627333,DDD,2014B,01 October 2023,31 October 2023
627367,DDD,2014B,01 October 2023,31 October 2023
627370,DDD,2014B,01 October 2023,31 October 2023
627397,DDD,2014B,01 October 2023,31 October 2023
627416,DDD,2014B,01 October 2023,31 October 2023
627536,DDD,2014B,01 October 2023,31 October 2023
627616,DDD,2014B,01 October 2023,31 October 2023
627638,DDD,2014B,01 October 2023,31 October 2023
627655,DDD,2014B,01 October 2023,31 October 2023
627690,DDD,2014B,01 October 2023,31 October 2023
627772,DDD,2014B,01 October 2023,31 October 2023
627879,DDD,2014B,01 October 2023,31 October 2023
627882,DDD,2014B,01 October 2023,31 October 2023
627891,DDD,2014B,01 October 2023,31 October 2023
627924,DDD,2014B,01 October 2023,31 October 2023
628099,DDD,2014B,01 October 2023,31 October 2023
628150,DDD,2014B,01 October 2023,31 October 2023
628246,DDD,2014B,01 October 2023,31 October 2023
628262,DDD,2014B,01 October 2023,31 October 2023
628333,DDD,2014B,01 October 2023,31 October 2023
628347,DDD,2014B,01 October 2023,31 October 2023
628386,DDD,2014B,01 October 2023,31 October 2023
628437,DDD,2014B,01 October 2023,31 October 2023
628502,DDD,2014B,01 October 2023,31 October 2023
628642,DDD,2014B,01 October 2023,31 October 2023
628835,DDD,2014B,01 October 2023,31 October 2023
628841,DDD,2014B,01 October 2023,31 October 2023
628858,DDD,2014B,01 October 2023,31 October 2023
628875,DDD,2014B,01 October 2023,31 October 2023
628915,DDD,2014B,01 October 2023,31 October 2023
628947,DDD,2014B,01 October 2023,31 October 2023
628956,DDD,2014B,01 October 2023,31 October 2023
629000,DDD,2014B,01 October 2023,31 October 2023
629039,DDD,2014B,01 October 2023,31 October 2023
629055,DDD,2014B,01 October 2023,31 October 2023
629316,DDD,2014B,01 October 2023,31 October 2023
629442,DDD,2014B,01 October 2023,31 October 2023
629452,DDD,2014B,01 October 2023,31 October 2023
629454,DDD,2014B,01 October 2023,31 October 2023
629673,DDD,2014B,01 October 2023,31 October 2023
629699,DDD,2014B,01 October 2023,31 October 2023
629702,DDD,2014B,01 October 2023,31 October 2023
629706,DDD,2014B,01 October 2023,31 October 2023
629707,DDD,2014B,01 October 2023,31 October 2023
629713,DDD,2014B,01 October 2023,31 October 2023
629725,DDD,2014B,01 October 2023,31 October 2023
629876,DDD,2014B,01 October 2023,31 October 2023
629877,DDD,2014B,01 October 2023,31 October 2023
629898,DDD,2014B,01 October 2023,31 October 2023
629921,DDD,2014B,01 October 2023,31 October 2023
629955,DDD,2014B,01 October 2023,31 October 2023
630009,DDD,2014B,01 October 2023,31 October 2023
630137,DDD,2014B,01 October 2023,31 October 2023
630195,DDD,2014B,01 October 2023,31 October 2023
630301,DDD,2014B,01 October 2023,31 October 2023
630359,DDD,2014B,01 October 2023,31 October 2023
630401,DDD,2014B,01 October 2023,31 October 2023
630432,DDD,2014B,01 October 2023,31 October 2023
630556,DDD,2014B,01 October 2023,31 October 2023
630596,DDD,2014B,01 October 2023,31 October 2023
630774,DDD,2014B,01 October 2023,31 October 2023
630818,DDD,2014B,01 October 2023,31 October 2023
630939,DDD,2014B,01 October 2023,31 October 2023
630948,DDD,2014B,01 October 2023,31 October 2023
631029,DDD,2014B,01 October 2023,31 October 2023
631131,DDD,2014B,01 October 2023,31 October 2023
631207,DDD,2014B,01 October 2023,31 October 2023
631240,DDD,2014B,01 October 2023,31 October 2023
631257,DDD,2014B,01 October 2023,31 October 2023
631299,DDD,2014B,01 October 2023,31 October 2023
631322,DDD,2014B,01 October 2023,31 October 2023
631355,DDD,2014B,01 October 2023,31 October 2023
631388,DDD,2014B,01 October 2023,31 October 2023
631439,DDD,2014B,01 October 2023,31 October 2023
631513,DDD,2014B,01 October 2023,31 October 2023
631514,DDD,2014B,01 October 2023,31 October 2023
631527,DDD,2014B,01 October 2023,31 October 2023
631560,DDD,2014B,01 October 2023,31 October 2023
631569,DDD,2014B,01 October 2023,31 October 2023
631600,DDD,2014B,01 October 2023,31 October 2023
631623,DDD,2014B,01 October 2023,31 October 2023
631630,DDD,2014B,01 October 2023,31 October 2023
631639,DDD,2014B,01 October 2023,31 October 2023
631670,DDD,2014B,01 October 2023,31 October 2023
631749,DDD,2014B,01 October 2023,31 October 2023
631813,DDD,2014B,01 October 2023,31 October 2023
631846,DDD,2014B,01 October 2023,31 October 2023
631945,DDD,2014B,01 October 2023,31 October 2023
632115,DDD,2014B,01 October 2023,31 October 2023
632125,DDD,2014B,01 October 2023,31 October 2023
632195,DDD,2014B,01 October 2023,31 October 2023
632205,DDD,2014B,01 October 2023,31 October 2023
632215,DDD,2014B,01 October 2023,31 October 2023
632305,DDD,2014B,01 October 2023,31 October 2023
632314,DDD,2014B,01 October 2023,31 October 2023
632463,DDD,2014B,01 October 2023,31 October 2023
632469,DDD,2014B,01 October 2023,31 October 2023
632482,DDD,2014B,01 October 2023,31 October 2023
632504,DDD,2014B,01 October 2023,31 October 2023
632551,DDD,2014B,01 October 2023,31 October 2023
632680,DDD,2014B,01 October 2023,31 October 2023
632725,DDD,2014B,01 October 2023,31 October 2023
632741,DDD,2014B,01 October 2023,31 October 2023
632790,DDD,2014B,01 October 2023,31 October 2023
632793,DDD,2014B,01 October 2023,31 October 2023
632814,DDD,2014B,01 October 2023,31 October 2023
632845,DDD,2014B,01 October 2023,31 October 2023
632879,DDD,2014B,01 October 2023,31 October 2023
632898,DDD,2014B,01 October 2023,31 October 2023
632975,DDD,2014B,01 October 2023,31 October 2023
633214,DDD,2014B,01 October 2023,31 October 2023
633273,DDD,2014B,01 October 2023,31 October 2023
633325,DDD,2014B,01 October 2023,31 October 2023
633331,DDD,2014B,01 October 2023,31 October 2023
633355,DDD,2014B,01 October 2023,31 October 2023
633368,DDD,2014B,01 October 2023,31 October 2023
633467,DDD,2014B,01 October 2023,31 October 2023
633477,DDD,2014B,01 October 2023,31 October 2023
633510,DDD,2014B,01 October 2023,31 October 2023
633591,DDD,2014B,01 October 2023,31 October 2023
633763,DDD,2014B,01 October 2023,31 October 2023
633764,DDD,2014B,01 October 2023,31 October 2023
633771,DDD,2014B,01 October 2023,31 October 2023
633864,DDD,2014B,01 October 2023,31 October 2023
633921,DDD,2014B,01 October 2023,31 October 2023
634094,DDD,2014B,01 October 2023,31 October 2023
634106,DDD,2014B,01 October 2023,31 October 2023
634107,DDD,2014B,01 October 2023,31 October 2023
634108,DDD,2014B,01 October 2023,31 October 2023
634178,DDD,2014B,01 October 2023,31 October 2023
634246,DDD,2014B,01 October 2023,31 October 2023
634278,DDD,2014B,01 October 2023,31 October 2023
634295,DDD,2014B,01 October 2023,31 October 2023
634313,DDD,2014B,01 October 2023,31 October 2023
634360,DDD,2014B,01 October 2023,31 October 2023
634383,DDD,2014B,01 October 2023,31 October 2023
634397,DDD,2014B,01 October 2023,31 October 2023
634508,DDD,2014B,01 October 2023,31 October 2023
634596,DDD,2014B,01 October 2023,31 October 2023
634681,DDD,2014B,01 October 2023,31 October 2023
634905,DDD,2014B,01 October 2023,31 October 2023
634909,DDD,2014B,01 October 2023,31 October 2023
635058,DDD,2014B,01 October 2023,31 October 2023
635100,DDD,2014B,01 October 2023,31 October 2023
635141,DDD,2014B,01 October 2023,31 October 2023
909056,DDD,2014B,01 October 2023,31 October 2023
963176,DDD,2014B,01 October 2023,31 October 2023
1033968,DDD,2014B,01 October 2023,31 October 2023
1049036,DDD,2014B,01 October 2023,31 October 2023
1175060,DDD,2014B,01 October 2023,31 October 2023
1531649,DDD,2014B,01 October 2023,31 October 2023
1549107,DDD,2014B,01 October 2023,31 October 2023
1591864,DDD,2014B,01 October 2023,31 October 2023
1614808,DDD,2014B,01 October 2023,31 October 2023
1624025,DDD,2014B,01 October 2023,31 October 2023
1668372,DDD,2014B,01 October 2023,31 October 2023
1671208,DDD,2014B,01 October 2023,31 October 2023
1671761,DDD,2014B,01 October 2023,31 October 2023
1735651,DDD,2014B,01 October 2023,31 October 2023
1735653,DDD,2014B,01 October 2023,31 October 2023
1763186,DDD,2014B,01 October 2023,31 October 2023
1767786,DDD,2014B,01 October 2023,31 October 2023
1777223,DDD,2014B,01 October 2023,31 October 2023
1804143,DDD,2014B,01 October 2023,31 October 2023
1826729,DDD,2014B,01 October 2023,31 October 2023
1939179,DDD,2014B,01 October 2023,31 October 2023
1945434,DDD,2014B,01 October 2023,31 October 2023
1951727,DDD,2014B,01 October 2023,31 October 2023
1981053,DDD,2014B,01 October 2023,31 October 2023
1986370,DDD,2014B,01 October 2023,31 October 2023
1994454,DDD,2014B,01 October 2023,31 October 2023
2001102,DDD,2014B,01 October 2023,31 October 2023
2077023,DDD,2014B,01 October 2023,31 October 2023
2080340,DDD,2014B,01 October 2023,31 October 2023
2087698,DDD,2014B,01 October 2023,31 October 2023
2091387,DDD,2014B,01 October 2023,31 October 2023
2109013,DDD,2014B,01 October 2023,31 October 2023
2151748,DDD,2014B,01 October 2023,31 October 2023
2162388,DDD,2014B,01 October 2023,31 October 2023
2173688,DDD,2014B,01 October 2023,31 October 2023
2188469,DDD,2014B,01 October 2023,31 October 2023
2210989,DDD,2014B,01 October 2023,31 October 2023
2231018,DDD,2014B,01 October 2023,31 October 2023
2261142,DDD,2014B,01 October 2023,31 October 2023
2265935,DDD,2014B,01 October 2023,31 October 2023
2266889,DDD,2014B,01 October 2023,31 October 2023
2301511,DDD,2014B,01 October 2023,31 October 2023
2305237,DDD,2014B,01 October 2023,31 October 2023
2306519,DDD,2014B,01 October 2023,31 October 2023
2312809,DDD,2014B,01 October 2023,31 October 2023
2333244,DDD,2014B,01 October 2023,31 October 2023
2348961,DDD,2014B,01 October 2023,31 October 2023
2356318,DDD,2014B,01 October 2023,31 October 2023
2357168,DDD,2014B,01 October 2023,31 October 2023
2371311,DDD,2014B,01 October 2023,31 October 2023
2399951,DDD,2014B,01 October 2023,31 October 2023
2414973,DDD,2014B,01 October 2023,31 October 2023
2415480,DDD,2014B,01 October 2023,31 October 2023
2416424,DDD,2014B,01 October 2023,31 October 2023
2416501,DDD,2014B,01 October 2023,31 October 2023
2444109,DDD,2014B,01 October 2023,31 October 2023
2450600,DDD,2014B,01 October 2023,31 October 2023
2450650,DDD,2014B,01 October 2023,31 October 2023
2451003,DDD,2014B,01 October 2023,31 October 2023
2460775,DDD,2014B,01 October 2023,31 October 2023
2465186,DDD,2014B,01 October 2023,31 October 2023
2473025,DDD,2014B,01 October 2023,31 October 2023
2495139,DDD,2014B,01 October 2023,31 October 2023
2499850,DDD,2014B,01 October 2023,31 October 2023
2502516,DDD,2014B,01 October 2023,31 October 2023
2503273,DDD,2014B,01 October 2023,31 October 2023
2516497,DDD,2014B,01 October 2023,31 October 2023
2519622,DDD,2014B,01 October 2023,31 October 2023
2521837,DDD,2014B,01 October 2023,31 October 2023
2527077,DDD,2014B,01 October 2023,31 October 2023
2533297,DDD,2014B,01 October 2023,31 October 2023
2533590,DDD,2014B,01 October 2023,31 October 2023
2544678,DDD,2014B,01 October 2023,31 October 2023
2545413,DDD,2014B,01 October 2023,31 October 2023
2550946,DDD,2014B,01 October 2023,31 October 2023
2558463,DDD,2014B,01 October 2023,31 October 2023
2558536,DDD,2014B,01 October 2023,31 October 2023
2588215,DDD,2014B,01 October 2023,31 October 2023
2588296,DDD,2014B,01 October 2023,31 October 2023
2588543,DDD,2014B,01 October 2023,31 October 2023
2595457,DDD,2014B,01 October 2023,31 October 2023
2595730,DDD,2014B,01 October 2023,31 October 2023
2599201,DDD,2014B,01 October 2023,31 October 2023
2608626,DDD,2014B,01 October 2023,31 October 2023
2610581,DDD,2014B,01 October 2023,31 October 2023
2611371,DDD,2014B,01 October 2023,31 October 2023
2619496,DDD,2014B,01 October 2023,31 October 2023
2621984,DDD,2014B,01 October 2023,31 October 2023
2623532,DDD,2014B,01 October 2023,31 October 2023
2631092,DDD,2014B,01 October 2023,31 October 2023
2635116,DDD,2014B,01 October 2023,31 October 2023
2636552,DDD,2014B,01 October 2023,31 October 2023
2637219,DDD,2014B,01 October 2023,31 October 2023
2638464,DDD,2014B,01 October 2023,31 October 2023
2639021,DDD,2014B,01 October 2023,31 October 2023
2640853,DDD,2014B,01 October 2023,31 October 2023
2643028,DDD,2014B,01 October 2023,31 October 2023
2646737,DDD,2014B,01 October 2023,31 October 2023
2648035,DDD,2014B,01 October 2023,31 October 2023
2659530,DDD,2014B,01 October 2023,31 October 2023
2660408,DDD,2014B,01 October 2023,31 October 2023
2661162,DDD,2014B,01 October 2023,31 October 2023
2669736,DDD,2014B,01 October 2023,31 October 2023
2669995,DDD,2014B,01 October 2023,31 October 2023
2675343,DDD,2014B,01 October 2023,31 October 2023
2684847,DDD,2014B,01 October 2023,31 October 2023
2686365,DDD,2014B,01 October 2023,31 October 2023
2686865,DDD,2014B,01 October 2023,31 October 2023
2688692,DDD,2014B,01 October 2023,31 October 2023
2689501,DDD,2014B,01 October 2023,31 October 2023
2692577,DDD,2014B,01 October 2023,31 October 2023
2692948,DDD,2014B,01 October 2023,31 October 2023
2694886,DDD,2014B,01 October 2023,31 October 2023
2696376,DDD,2014B,01 October 2023,31 October 2023
2698251,DDD,2014B,01 October 2023,31 October 2023
25572,DDD,2014J,01 October 2023,31 October 2023
33796,DDD,2014J,01 October 2023,31 October 2023
36385,DDD,2014J,01 October 2023,31 October 2023
46016,DDD,2014J,01 October 2023,31 October 2023
46812,DDD,2014J,01 October 2023,31 October 2023
51033,DDD,2014J,01 October 2023,31 October 2023
51153,DDD,2014J,01 October 2023,31 October 2023
51253,DDD,2014J,01 October 2023,31 October 2023
51955,DDD,2014J,01 October 2023,31 October 2023
58731,DDD,2014J,01 October 2023,31 October 2023
63015,DDD,2014J,01 October 2023,31 October 2023
63827,DDD,2014J,01 October 2023,31 October 2023
68417,DDD,2014J,01 October 2023,31 October 2023
69239,DDD,2014J,01 October 2023,31 October 2023
71676,DDD,2014J,01 October 2023,31 October 2023
73019,DDD,2014J,01 October 2023,31 October 2023
75427,DDD,2014J,01 October 2023,31 October 2023
80775,DDD,2014J,01 October 2023,31 October 2023
83553,DDD,2014J,01 October 2023,31 October 2023
88439,DDD,2014J,01 October 2023,31 October 2023
91470,DDD,2014J,01 October 2023,31 October 2023
99075,DDD,2014J,01 October 2023,31 October 2023
99609,DDD,2014J,01 October 2023,31 October 2023
100561,DDD,2014J,01 October 2023,31 October 2023
101187,DDD,2014J,01 October 2023,31 October 2023
101279,DDD,2014J,01 October 2023,31 October 2023
102221,DDD,2014J,01 October 2023,31 October 2023
104215,DDD,2014J,01 October 2023,31 October 2023
106553,DDD,2014J,01 October 2023,31 October 2023
110524,DDD,2014J,01 October 2023,31 October 2023
110640,DDD,2014J,01 October 2023,31 October 2023
111415,DDD,2014J,01 October 2023,31 October 2023
123053,DDD,2014J,01 October 2023,31 October 2023
123183,DDD,2014J,01 October 2023,31 October 2023
124210,DDD,2014J,01 October 2023,31 October 2023
125830,DDD,2014J,01 October 2023,31 October 2023
129989,DDD,2014J,01 October 2023,31 October 2023
131152,DDD,2014J,01 October 2023,31 October 2023
131612,DDD,2014J,01 October 2023,31 October 2023
132157,DDD,2014J,01 October 2023,31 October 2023
132511,DDD,2014J,01 October 2023,31 October 2023
133365,DDD,2014J,01 October 2023,31 October 2023
134243,DDD,2014J,01 October 2023,31 October 2023
134920,DDD,2014J,01 October 2023,31 October 2023
135999,DDD,2014J,01 October 2023,31 October 2023
136135,DDD,2014J,01 October 2023,31 October 2023
136793,DDD,2014J,01 October 2023,31 October 2023
145188,DDD,2014J,01 October 2023,31 October 2023
145578,DDD,2014J,01 October 2023,31 October 2023
146943,DDD,2014J,01 October 2023,31 October 2023
147328,DDD,2014J,01 October 2023,31 October 2023
147715,DDD,2014J,01 October 2023,31 October 2023
148414,DDD,2014J,01 October 2023,31 October 2023
151745,DDD,2014J,01 October 2023,31 October 2023
153170,DDD,2014J,01 October 2023,31 October 2023
154073,DDD,2014J,01 October 2023,31 October 2023
158575,DDD,2014J,01 October 2023,31 October 2023
160181,DDD,2014J,01 October 2023,31 October 2023
163996,DDD,2014J,01 October 2023,31 October 2023
167945,DDD,2014J,01 October 2023,31 October 2023
168843,DDD,2014J,01 October 2023,31 October 2023
175804,DDD,2014J,01 October 2023,31 October 2023
177781,DDD,2014J,01 October 2023,31 October 2023
184409,DDD,2014J,01 October 2023,31 October 2023
189143,DDD,2014J,01 October 2023,31 October 2023
190279,DDD,2014J,01 October 2023,31 October 2023
191732,DDD,2014J,01 October 2023,31 October 2023
192375,DDD,2014J,01 October 2023,31 October 2023
202138,DDD,2014J,01 October 2023,31 October 2023
203149,DDD,2014J,01 October 2023,31 October 2023
204410,DDD,2014J,01 October 2023,31 October 2023
204609,DDD,2014J,01 October 2023,31 October 2023
231697,DDD,2014J,01 October 2023,31 October 2023
233873,DDD,2014J,01 October 2023,31 October 2023
234552,DDD,2014J,01 October 2023,31 October 2023
235893,DDD,2014J,01 October 2023,31 October 2023
236017,DDD,2014J,01 October 2023,31 October 2023
240186,DDD,2014J,01 October 2023,31 October 2023
240236,DDD,2014J,01 October 2023,31 October 2023
241066,DDD,2014J,01 October 2023,31 October 2023
241769,DDD,2014J,01 October 2023,31 October 2023
243025,DDD,2014J,01 October 2023,31 October 2023
249359,DDD,2014J,01 October 2023,31 October 2023
256144,DDD,2014J,01 October 2023,31 October 2023
258538,DDD,2014J,01 October 2023,31 October 2023
260077,DDD,2014J,01 October 2023,31 October 2023
264601,DDD,2014J,01 October 2023,31 October 2023
268143,DDD,2014J,01 October 2023,31 October 2023
269575,DDD,2014J,01 October 2023,31 October 2023
269856,DDD,2014J,01 October 2023,31 October 2023
270502,DDD,2014J,01 October 2023,31 October 2023
275309,DDD,2014J,01 October 2023,31 October 2023
276935,DDD,2014J,01 October 2023,31 October 2023
279117,DDD,2014J,01 October 2023,31 October 2023
281172,DDD,2014J,01 October 2023,31 October 2023
281252,DDD,2014J,01 October 2023,31 October 2023
281799,DDD,2014J,01 October 2023,31 October 2023
281920,DDD,2014J,01 October 2023,31 October 2023
282498,DDD,2014J,01 October 2023,31 October 2023
285481,DDD,2014J,01 October 2023,31 October 2023
287954,DDD,2014J,01 October 2023,31 October 2023
288762,DDD,2014J,01 October 2023,31 October 2023
295118,DDD,2014J,01 October 2023,31 October 2023
296138,DDD,2014J,01 October 2023,31 October 2023
300057,DDD,2014J,01 October 2023,31 October 2023
301036,DDD,2014J,01 October 2023,31 October 2023
303141,DDD,2014J,01 October 2023,31 October 2023
303341,DDD,2014J,01 October 2023,31 October 2023
306754,DDD,2014J,01 October 2023,31 October 2023
307116,DDD,2014J,01 October 2023,31 October 2023
309350,DDD,2014J,01 October 2023,31 October 2023
313561,DDD,2014J,01 October 2023,31 October 2023
318919,DDD,2014J,01 October 2023,31 October 2023
319325,DDD,2014J,01 October 2023,31 October 2023
321952,DDD,2014J,01 October 2023,31 October 2023
322137,DDD,2014J,01 October 2023,31 October 2023
323025,DDD,2014J,01 October 2023,31 October 2023
323680,DDD,2014J,01 October 2023,31 October 2023
328241,DDD,2014J,01 October 2023,31 October 2023
331526,DDD,2014J,01 October 2023,31 October 2023
333823,DDD,2014J,01 October 2023,31 October 2023
334048,DDD,2014J,01 October 2023,31 October 2023
334581,DDD,2014J,01 October 2023,31 October 2023
334973,DDD,2014J,01 October 2023,31 October 2023
335922,DDD,2014J,01 October 2023,31 October 2023
336213,DDD,2014J,01 October 2023,31 October 2023
336218,DDD,2014J,01 October 2023,31 October 2023
337359,DDD,2014J,01 October 2023,31 October 2023
338704,DDD,2014J,01 October 2023,31 October 2023
339853,DDD,2014J,01 October 2023,31 October 2023
340627,DDD,2014J,01 October 2023,31 October 2023
341921,DDD,2014J,01 October 2023,31 October 2023
348602,DDD,2014J,01 October 2023,31 October 2023
349688,DDD,2014J,01 October 2023,31 October 2023
349910,DDD,2014J,01 October 2023,31 October 2023
350361,DDD,2014J,01 October 2023,31 October 2023
351080,DDD,2014J,01 October 2023,31 October 2023
351244,DDD,2014J,01 October 2023,31 October 2023
352954,DDD,2014J,01 October 2023,31 October 2023
353969,DDD,2014J,01 October 2023,31 October 2023
355034,DDD,2014J,01 October 2023,31 October 2023
356561,DDD,2014J,01 October 2023,31 October 2023
364307,DDD,2014J,01 October 2023,31 October 2023
365375,DDD,2014J,01 October 2023,31 October 2023
367309,DDD,2014J,01 October 2023,31 October 2023
368195,DDD,2014J,01 October 2023,31 October 2023
370100,DDD,2014J,01 October 2023,31 October 2023
370184,DDD,2014J,01 October 2023,31 October 2023
370274,DDD,2014J,01 October 2023,31 October 2023
370375,DDD,2014J,01 October 2023,31 October 2023
371019,DDD,2014J,01 October 2023,31 October 2023
371949,DDD,2014J,01 October 2023,31 October 2023
376758,DDD,2014J,01 October 2023,31 October 2023
378388,DDD,2014J,01 October 2023,31 October 2023
379336,DDD,2014J,01 October 2023,31 October 2023
381439,DDD,2014J,01 October 2023,31 October 2023
384295,DDD,2014J,01 October 2023,31 October 2023
384499,DDD,2014J,01 October 2023,31 October 2023
385019,DDD,2014J,01 October 2023,31 October 2023
385563,DDD,2014J,01 October 2023,31 October 2023
387364,DDD,2014J,01 October 2023,31 October 2023
390849,DDD,2014J,01 October 2023,31 October 2023
392250,DDD,2014J,01 October 2023,31 October 2023
393727,DDD,2014J,01 October 2023,31 October 2023
395535,DDD,2014J,01 October 2023,31 October 2023
395980,DDD,2014J,01 October 2023,31 October 2023
397894,DDD,2014J,01 October 2023,31 October 2023
398816,DDD,2014J,01 October 2023,31 October 2023
399628,DDD,2014J,01 October 2023,31 October 2023
399772,DDD,2014J,01 October 2023,31 October 2023
400091,DDD,2014J,01 October 2023,31 October 2023
402268,DDD,2014J,01 October 2023,31 October 2023
402829,DDD,2014J,01 October 2023,31 October 2023
402958,DDD,2014J,01 October 2023,31 October 2023
406425,DDD,2014J,01 October 2023,31 October 2023
407487,DDD,2014J,01 October 2023,31 October 2023
408344,DDD,2014J,01 October 2023,31 October 2023
409120,DDD,2014J,01 October 2023,31 October 2023
409205,DDD,2014J,01 October 2023,31 October 2023
412717,DDD,2014J,01 October 2023,31 October 2023
414094,DDD,2014J,01 October 2023,31 October 2023
414963,DDD,2014J,01 October 2023,31 October 2023
416276,DDD,2014J,01 October 2023,31 October 2023
417157,DDD,2014J,01 October 2023,31 October 2023
418851,DDD,2014J,01 October 2023,31 October 2023
419913,DDD,2014J,01 October 2023,31 October 2023
420141,DDD,2014J,01 October 2023,31 October 2023
420344,DDD,2014J,01 October 2023,31 October 2023
420560,DDD,2014J,01 October 2023,31 October 2023
420762,DDD,2014J,01 October 2023,31 October 2023
421185,DDD,2014J,01 October 2023,31 October 2023
423650,DDD,2014J,01 October 2023,31 October 2023
424211,DDD,2014J,01 October 2023,31 October 2023
425393,DDD,2014J,01 October 2023,31 October 2023
425910,DDD,2014J,01 October 2023,31 October 2023
428116,DDD,2014J,01 October 2023,31 October 2023
428787,DDD,2014J,01 October 2023,31 October 2023
429740,DDD,2014J,01 October 2023,31 October 2023
432642,DDD,2014J,01 October 2023,31 October 2023
435536,DDD,2014J,01 October 2023,31 October 2023
435572,DDD,2014J,01 October 2023,31 October 2023
436898,DDD,2014J,01 October 2023,31 October 2023
438135,DDD,2014J,01 October 2023,31 October 2023
441087,DDD,2014J,01 October 2023,31 October 2023
441354,DDD,2014J,01 October 2023,31 October 2023
441897,DDD,2014J,01 October 2023,31 October 2023
442017,DDD,2014J,01 October 2023,31 October 2023
442191,DDD,2014J,01 October 2023,31 October 2023
442549,DDD,2014J,01 October 2023,31 October 2023
443275,DDD,2014J,01 October 2023,31 October 2023
443539,DDD,2014J,01 October 2023,31 October 2023
444180,DDD,2014J,01 October 2023,31 October 2023
444388,DDD,2014J,01 October 2023,31 October 2023
444625,DDD,2014J,01 October 2023,31 October 2023
444766,DDD,2014J,01 October 2023,31 October 2023
444783,DDD,2014J,01 October 2023,31 October 2023
445239,DDD,2014J,01 October 2023,31 October 2023
445429,DDD,2014J,01 October 2023,31 October 2023
445451,DDD,2014J,01 October 2023,31 October 2023
445474,DDD,2014J,01 October 2023,31 October 2023
445595,DDD,2014J,01 October 2023,31 October 2023
445782,DDD,2014J,01 October 2023,31 October 2023
446097,DDD,2014J,01 October 2023,31 October 2023
446730,DDD,2014J,01 October 2023,31 October 2023
446761,DDD,2014J,01 October 2023,31 October 2023
447393,DDD,2014J,01 October 2023,31 October 2023
447510,DDD,2014J,01 October 2023,31 October 2023
464968,DDD,2014J,01 October 2023,31 October 2023
465564,DDD,2014J,01 October 2023,31 October 2023
466230,DDD,2014J,01 October 2023,31 October 2023
466956,DDD,2014J,01 October 2023,31 October 2023
467893,DDD,2014J,01 October 2023,31 October 2023
468720,DDD,2014J,01 October 2023,31 October 2023
468845,DDD,2014J,01 October 2023,31 October 2023
469624,DDD,2014J,01 October 2023,31 October 2023
469633,DDD,2014J,01 October 2023,31 October 2023
471976,DDD,2014J,01 October 2023,31 October 2023
472073,DDD,2014J,01 October 2023,31 October 2023
472649,DDD,2014J,01 October 2023,31 October 2023
473129,DDD,2014J,01 October 2023,31 October 2023
474119,DDD,2014J,01 October 2023,31 October 2023
475839,DDD,2014J,01 October 2023,31 October 2023
475863,DDD,2014J,01 October 2023,31 October 2023
475908,DDD,2014J,01 October 2023,31 October 2023
477354,DDD,2014J,01 October 2023,31 October 2023
477556,DDD,2014J,01 October 2023,31 October 2023
478326,DDD,2014J,01 October 2023,31 October 2023
478517,DDD,2014J,01 October 2023,31 October 2023
479553,DDD,2014J,01 October 2023,31 October 2023
483136,DDD,2014J,01 October 2023,31 October 2023
483149,DDD,2014J,01 October 2023,31 October 2023
483200,DDD,2014J,01 October 2023,31 October 2023
483343,DDD,2014J,01 October 2023,31 October 2023
484171,DDD,2014J,01 October 2023,31 October 2023
485282,DDD,2014J,01 October 2023,31 October 2023
485421,DDD,2014J,01 October 2023,31 October 2023
485612,DDD,2014J,01 October 2023,31 October 2023
486244,DDD,2014J,01 October 2023,31 October 2023
486287,DDD,2014J,01 October 2023,31 October 2023
486539,DDD,2014J,01 October 2023,31 October 2023
487607,DDD,2014J,01 October 2023,31 October 2023
488941,DDD,2014J,01 October 2023,31 October 2023
490629,DDD,2014J,01 October 2023,31 October 2023
492254,DDD,2014J,01 October 2023,31 October 2023
492480,DDD,2014J,01 October 2023,31 October 2023
492496,DDD,2014J,01 October 2023,31 October 2023
493650,DDD,2014J,01 October 2023,31 October 2023
493826,DDD,2014J,01 October 2023,31 October 2023
495493,DDD,2014J,01 October 2023,31 October 2023
495615,DDD,2014J,01 October 2023,31 October 2023
495881,DDD,2014J,01 October 2023,31 October 2023
495903,DDD,2014J,01 October 2023,31 October 2023
496494,DDD,2014J,01 October 2023,31 October 2023
496916,DDD,2014J,01 October 2023,31 October 2023
497989,DDD,2014J,01 October 2023,31 October 2023
498326,DDD,2014J,01 October 2023,31 October 2023
499865,DDD,2014J,01 October 2023,31 October 2023
502470,DDD,2014J,01 October 2023,31 October 2023
502557,DDD,2014J,01 October 2023,31 October 2023
504251,DDD,2014J,01 October 2023,31 October 2023
504589,DDD,2014J,01 October 2023,31 October 2023
504749,DDD,2014J,01 October 2023,31 October 2023
504841,DDD,2014J,01 October 2023,31 October 2023
506824,DDD,2014J,01 October 2023,31 October 2023
507576,DDD,2014J,01 October 2023,31 October 2023
508829,DDD,2014J,01 October 2023,31 October 2023
508859,DDD,2014J,01 October 2023,31 October 2023
509933,DDD,2014J,01 October 2023,31 October 2023
509998,DDD,2014J,01 October 2023,31 October 2023
510424,DDD,2014J,01 October 2023,31 October 2023
510456,DDD,2014J,01 October 2023,31 October 2023
510532,DDD,2014J,01 October 2023,31 October 2023
511345,DDD,2014J,01 October 2023,31 October 2023
511676,DDD,2014J,01 October 2023,31 October 2023
512046,DDD,2014J,01 October 2023,31 October 2023
513283,DDD,2014J,01 October 2023,31 October 2023
514324,DDD,2014J,01 October 2023,31 October 2023
515052,DDD,2014J,01 October 2023,31 October 2023
515645,DDD,2014J,01 October 2023,31 October 2023
516405,DDD,2014J,01 October 2023,31 October 2023
516562,DDD,2014J,01 October 2023,31 October 2023
518244,DDD,2014J,01 October 2023,31 October 2023
519941,DDD,2014J,01 October 2023,31 October 2023
524427,DDD,2014J,01 October 2023,31 October 2023
525068,DDD,2014J,01 October 2023,31 October 2023
525870,DDD,2014J,01 October 2023,31 October 2023
526352,DDD,2014J,01 October 2023,31 October 2023
526912,DDD,2014J,01 October 2023,31 October 2023
528363,DDD,2014J,01 October 2023,31 October 2023
528535,DDD,2014J,01 October 2023,31 October 2023
529885,DDD,2014J,01 October 2023,31 October 2023
530807,DDD,2014J,01 October 2023,31 October 2023
531646,DDD,2014J,01 October 2023,31 October 2023
532236,DDD,2014J,01 October 2023,31 October 2023
534827,DDD,2014J,01 October 2023,31 October 2023
536296,DDD,2014J,01 October 2023,31 October 2023
537463,DDD,2014J,01 October 2023,31 October 2023
537577,DDD,2014J,01 October 2023,31 October 2023
540821,DDD,2014J,01 October 2023,31 October 2023
543478,DDD,2014J,01 October 2023,31 October 2023
544612,DDD,2014J,01 October 2023,31 October 2023
545127,DDD,2014J,01 October 2023,31 October 2023
545752,DDD,2014J,01 October 2023,31 October 2023
546773,DDD,2014J,01 October 2023,31 October 2023
547464,DDD,2014J,01 October 2023,31 October 2023
548486,DDD,2014J,01 October 2023,31 October 2023
549626,DDD,2014J,01 October 2023,31 October 2023
550358,DDD,2014J,01 October 2023,31 October 2023
551440,DDD,2014J,01 October 2023,31 October 2023
551595,DDD,2014J,01 October 2023,31 October 2023
553367,DDD,2014J,01 October 2023,31 October 2023
553576,DDD,2014J,01 October 2023,31 October 2023
554215,DDD,2014J,01 October 2023,31 October 2023
554407,DDD,2014J,01 October 2023,31 October 2023
554746,DDD,2014J,01 October 2023,31 October 2023
554863,DDD,2014J,01 October 2023,31 October 2023
556514,DDD,2014J,01 October 2023,31 October 2023
557389,DDD,2014J,01 October 2023,31 October 2023
559447,DDD,2014J,01 October 2023,31 October 2023
559707,DDD,2014J,01 October 2023,31 October 2023
559852,DDD,2014J,01 October 2023,31 October 2023
559882,DDD,2014J,01 October 2023,31 October 2023
560301,DDD,2014J,01 October 2023,31 October 2023
561904,DDD,2014J,01 October 2023,31 October 2023
562619,DDD,2014J,01 October 2023,31 October 2023
562827,DDD,2014J,01 October 2023,31 October 2023
562890,DDD,2014J,01 October 2023,31 October 2023
563453,DDD,2014J,01 October 2023,31 October 2023
563595,DDD,2014J,01 October 2023,31 October 2023
563710,DDD,2014J,01 October 2023,31 October 2023
563845,DDD,2014J,01 October 2023,31 October 2023
564000,DDD,2014J,01 October 2023,31 October 2023
565006,DDD,2014J,01 October 2023,31 October 2023
565209,DDD,2014J,01 October 2023,31 October 2023
565446,DDD,2014J,01 October 2023,31 October 2023
566300,DDD,2014J,01 October 2023,31 October 2023
566560,DDD,2014J,01 October 2023,31 October 2023
566712,DDD,2014J,01 October 2023,31 October 2023
567281,DDD,2014J,01 October 2023,31 October 2023
567285,DDD,2014J,01 October 2023,31 October 2023
568103,DDD,2014J,01 October 2023,31 October 2023
568297,DDD,2014J,01 October 2023,31 October 2023
568415,DDD,2014J,01 October 2023,31 October 2023
568446,DDD,2014J,01 October 2023,31 October 2023
569633,DDD,2014J,01 October 2023,31 October 2023
569737,DDD,2014J,01 October 2023,31 October 2023
569749,DDD,2014J,01 October 2023,31 October 2023
569840,DDD,2014J,01 October 2023,31 October 2023
570119,DDD,2014J,01 October 2023,31 October 2023
570411,DDD,2014J,01 October 2023,31 October 2023
570863,DDD,2014J,01 October 2023,31 October 2023
571644,DDD,2014J,01 October 2023,31 October 2023
572156,DDD,2014J,01 October 2023,31 October 2023
572413,DDD,2014J,01 October 2023,31 October 2023
572430,DDD,2014J,01 October 2023,31 October 2023
572434,DDD,2014J,01 October 2023,31 October 2023
572722,DDD,2014J,01 October 2023,31 October 2023
573328,DDD,2014J,01 October 2023,31 October 2023
573742,DDD,2014J,01 October 2023,31 October 2023
573969,DDD,2014J,01 October 2023,31 October 2023
574347,DDD,2014J,01 October 2023,31 October 2023
574431,DDD,2014J,01 October 2023,31 October 2023
574612,DDD,2014J,01 October 2023,31 October 2023
574843,DDD,2014J,01 October 2023,31 October 2023
575009,DDD,2014J,01 October 2023,31 October 2023
575200,DDD,2014J,01 October 2023,31 October 2023
575272,DDD,2014J,01 October 2023,31 October 2023
575380,DDD,2014J,01 October 2023,31 October 2023
575566,DDD,2014J,01 October 2023,31 October 2023
576306,DDD,2014J,01 October 2023,31 October 2023
576515,DDD,2014J,01 October 2023,31 October 2023
576885,DDD,2014J,01 October 2023,31 October 2023
577359,DDD,2014J,01 October 2023,31 October 2023
577520,DDD,2014J,01 October 2023,31 October 2023
577526,DDD,2014J,01 October 2023,31 October 2023
577751,DDD,2014J,01 October 2023,31 October 2023
577937,DDD,2014J,01 October 2023,31 October 2023
578395,DDD,2014J,01 October 2023,31 October 2023
578616,DDD,2014J,01 October 2023,31 October 2023
578646,DDD,2014J,01 October 2023,31 October 2023
578857,DDD,2014J,01 October 2023,31 October 2023
579017,DDD,2014J,01 October 2023,31 October 2023
579172,DDD,2014J,01 October 2023,31 October 2023
579386,DDD,2014J,01 October 2023,31 October 2023
580450,DDD,2014J,01 October 2023,31 October 2023
580458,DDD,2014J,01 October 2023,31 October 2023
580838,DDD,2014J,01 October 2023,31 October 2023
582009,DDD,2014J,01 October 2023,31 October 2023
582197,DDD,2014J,01 October 2023,31 October 2023
582608,DDD,2014J,01 October 2023,31 October 2023
583092,DDD,2014J,01 October 2023,31 October 2023
583276,DDD,2014J,01 October 2023,31 October 2023
583604,DDD,2014J,01 October 2023,31 October 2023
584038,DDD,2014J,01 October 2023,31 October 2023
584981,DDD,2014J,01 October 2023,31 October 2023
585153,DDD,2014J,01 October 2023,31 October 2023
585354,DDD,2014J,01 October 2023,31 October 2023
585432,DDD,2014J,01 October 2023,31 October 2023
585626,DDD,2014J,01 October 2023,31 October 2023
585773,DDD,2014J,01 October 2023,31 October 2023
585832,DDD,2014J,01 October 2023,31 October 2023
586121,DDD,2014J,01 October 2023,31 October 2023
586315,DDD,2014J,01 October 2023,31 October 2023
586444,DDD,2014J,01 October 2023,31 October 2023
586729,DDD,2014J,01 October 2023,31 October 2023
586957,DDD,2014J,01 October 2023,31 October 2023
587140,DDD,2014J,01 October 2023,31 October 2023
587375,DDD,2014J,01 October 2023,31 October 2023
587446,DDD,2014J,01 October 2023,31 October 2023
587579,DDD,2014J,01 October 2023,31 October 2023
587772,DDD,2014J,01 October 2023,31 October 2023
587777,DDD,2014J,01 October 2023,31 October 2023
588058,DDD,2014J,01 October 2023,31 October 2023
588179,DDD,2014J,01 October 2023,31 October 2023
588203,DDD,2014J,01 October 2023,31 October 2023
588240,DDD,2014J,01 October 2023,31 October 2023
588383,DDD,2014J,01 October 2023,31 October 2023
588954,DDD,2014J,01 October 2023,31 October 2023
589279,DDD,2014J,01 October 2023,31 October 2023
589585,DDD,2014J,01 October 2023,31 October 2023
590110,DDD,2014J,01 October 2023,31 October 2023
590127,DDD,2014J,01 October 2023,31 October 2023
590227,DDD,2014J,01 October 2023,31 October 2023
590340,DDD,2014J,01 October 2023,31 October 2023
590562,DDD,2014J,01 October 2023,31 October 2023
590616,DDD,2014J,01 October 2023,31 October 2023
590632,DDD,2014J,01 October 2023,31 October 2023
590753,DDD,2014J,01 October 2023,31 October 2023
591540,DDD,2014J,01 October 2023,31 October 2023
592214,DDD,2014J,01 October 2023,31 October 2023
592221,DDD,2014J,01 October 2023,31 October 2023
592344,DDD,2014J,01 October 2023,31 October 2023
592661,DDD,2014J,01 October 2023,31 October 2023
592899,DDD,2014J,01 October 2023,31 October 2023
593373,DDD,2014J,01 October 2023,31 October 2023
593556,DDD,2014J,01 October 2023,31 October 2023
593976,DDD,2014J,01 October 2023,31 October 2023
594033,DDD,2014J,01 October 2023,31 October 2023
594048,DDD,2014J,01 October 2023,31 October 2023
594071,DDD,2014J,01 October 2023,31 October 2023
594161,DDD,2014J,01 October 2023,31 October 2023
594329,DDD,2014J,01 October 2023,31 October 2023
594950,DDD,2014J,01 October 2023,31 October 2023
595215,DDD,2014J,01 October 2023,31 October 2023
595310,DDD,2014J,01 October 2023,31 October 2023
595741,DDD,2014J,01 October 2023,31 October 2023
595787,DDD,2014J,01 October 2023,31 October 2023
595876,DDD,2014J,01 October 2023,31 October 2023
595883,DDD,2014J,01 October 2023,31 October 2023
596322,DDD,2014J,01 October 2023,31 October 2023
596359,DDD,2014J,01 October 2023,31 October 2023
596420,DDD,2014J,01 October 2023,31 October 2023
596759,DDD,2014J,01 October 2023,31 October 2023
597529,DDD,2014J,01 October 2023,31 October 2023
597608,DDD,2014J,01 October 2023,31 October 2023
597779,DDD,2014J,01 October 2023,31 October 2023
597786,DDD,2014J,01 October 2023,31 October 2023
597814,DDD,2014J,01 October 2023,31 October 2023
598103,DDD,2014J,01 October 2023,31 October 2023
598141,DDD,2014J,01 October 2023,31 October 2023
598283,DDD,2014J,01 October 2023,31 October 2023
598303,DDD,2014J,01 October 2023,31 October 2023
598493,DDD,2014J,01 October 2023,31 October 2023
599083,DDD,2014J,01 October 2023,31 October 2023
599270,DDD,2014J,01 October 2023,31 October 2023
599651,DDD,2014J,01 October 2023,31 October 2023
599877,DDD,2014J,01 October 2023,31 October 2023
600033,DDD,2014J,01 October 2023,31 October 2023
600502,DDD,2014J,01 October 2023,31 October 2023
600554,DDD,2014J,01 October 2023,31 October 2023
600616,DDD,2014J,01 October 2023,31 October 2023
600680,DDD,2014J,01 October 2023,31 October 2023
601418,DDD,2014J,01 October 2023,31 October 2023
602029,DDD,2014J,01 October 2023,31 October 2023
602185,DDD,2014J,01 October 2023,31 October 2023
602318,DDD,2014J,01 October 2023,31 October 2023
602528,DDD,2014J,01 October 2023,31 October 2023
603224,DDD,2014J,01 October 2023,31 October 2023
603303,DDD,2014J,01 October 2023,31 October 2023
603406,DDD,2014J,01 October 2023,31 October 2023
603490,DDD,2014J,01 October 2023,31 October 2023
603493,DDD,2014J,01 October 2023,31 October 2023
603726,DDD,2014J,01 October 2023,31 October 2023
603961,DDD,2014J,01 October 2023,31 October 2023
604500,DDD,2014J,01 October 2023,31 October 2023
604632,DDD,2014J,01 October 2023,31 October 2023
604671,DDD,2014J,01 October 2023,31 October 2023
604709,DDD,2014J,01 October 2023,31 October 2023
605488,DDD,2014J,01 October 2023,31 October 2023
605676,DDD,2014J,01 October 2023,31 October 2023
605876,DDD,2014J,01 October 2023,31 October 2023
606089,DDD,2014J,01 October 2023,31 October 2023
606247,DDD,2014J,01 October 2023,31 October 2023
606757,DDD,2014J,01 October 2023,31 October 2023
606837,DDD,2014J,01 October 2023,31 October 2023
607483,DDD,2014J,01 October 2023,31 October 2023
607525,DDD,2014J,01 October 2023,31 October 2023
607638,DDD,2014J,01 October 2023,31 October 2023
607767,DDD,2014J,01 October 2023,31 October 2023
607975,DDD,2014J,01 October 2023,31 October 2023
608775,DDD,2014J,01 October 2023,31 October 2023
608842,DDD,2014J,01 October 2023,31 October 2023
609245,DDD,2014J,01 October 2023,31 October 2023
609556,DDD,2014J,01 October 2023,31 October 2023
609655,DDD,2014J,01 October 2023,31 October 2023
610197,DDD,2014J,01 October 2023,31 October 2023
610828,DDD,2014J,01 October 2023,31 October 2023
611013,DDD,2014J,01 October 2023,31 October 2023
611159,DDD,2014J,01 October 2023,31 October 2023
611235,DDD,2014J,01 October 2023,31 October 2023
611356,DDD,2014J,01 October 2023,31 October 2023
611588,DDD,2014J,01 October 2023,31 October 2023
611790,DDD,2014J,01 October 2023,31 October 2023
611982,DDD,2014J,01 October 2023,31 October 2023
612615,DDD,2014J,01 October 2023,31 October 2023
612717,DDD,2014J,01 October 2023,31 October 2023
612979,DDD,2014J,01 October 2023,31 October 2023
613910,DDD,2014J,01 October 2023,31 October 2023
614499,DDD,2014J,01 October 2023,31 October 2023
614683,DDD,2014J,01 October 2023,31 October 2023
614791,DDD,2014J,01 October 2023,31 October 2023
614912,DDD,2014J,01 October 2023,31 October 2023
615183,DDD,2014J,01 October 2023,31 October 2023
617249,DDD,2014J,01 October 2023,31 October 2023
617850,DDD,2014J,01 October 2023,31 October 2023
617952,DDD,2014J,01 October 2023,31 October 2023
617993,DDD,2014J,01 October 2023,31 October 2023
618033,DDD,2014J,01 October 2023,31 October 2023
618531,DDD,2014J,01 October 2023,31 October 2023
618737,DDD,2014J,01 October 2023,31 October 2023
618825,DDD,2014J,01 October 2023,31 October 2023
618989,DDD,2014J,01 October 2023,31 October 2023
619055,DDD,2014J,01 October 2023,31 October 2023
619907,DDD,2014J,01 October 2023,31 October 2023
619910,DDD,2014J,01 October 2023,31 October 2023
620676,DDD,2014J,01 October 2023,31 October 2023
622246,DDD,2014J,01 October 2023,31 October 2023
622555,DDD,2014J,01 October 2023,31 October 2023
622597,DDD,2014J,01 October 2023,31 October 2023
623223,DDD,2014J,01 October 2023,31 October 2023
623224,DDD,2014J,01 October 2023,31 October 2023
623225,DDD,2014J,01 October 2023,31 October 2023
623276,DDD,2014J,01 October 2023,31 October 2023
623289,DDD,2014J,01 October 2023,31 October 2023
623586,DDD,2014J,01 October 2023,31 October 2023
623641,DDD,2014J,01 October 2023,31 October 2023
623864,DDD,2014J,01 October 2023,31 October 2023
623937,DDD,2014J,01 October 2023,31 October 2023
623968,DDD,2014J,01 October 2023,31 October 2023
624631,DDD,2014J,01 October 2023,31 October 2023
624891,DDD,2014J,01 October 2023,31 October 2023
625012,DDD,2014J,01 October 2023,31 October 2023
625013,DDD,2014J,01 October 2023,31 October 2023
625283,DDD,2014J,01 October 2023,31 October 2023
625467,DDD,2014J,01 October 2023,31 October 2023
625502,DDD,2014J,01 October 2023,31 October 2023
625555,DDD,2014J,01 October 2023,31 October 2023
625765,DDD,2014J,01 October 2023,31 October 2023
626132,DDD,2014J,01 October 2023,31 October 2023
626151,DDD,2014J,01 October 2023,31 October 2023
626179,DDD,2014J,01 October 2023,31 October 2023
626552,DDD,2014J,01 October 2023,31 October 2023
626630,DDD,2014J,01 October 2023,31 October 2023
626799,DDD,2014J,01 October 2023,31 October 2023
627097,DDD,2014J,01 October 2023,31 October 2023
627236,DDD,2014J,01 October 2023,31 October 2023
627453,DDD,2014J,01 October 2023,31 October 2023
627476,DDD,2014J,01 October 2023,31 October 2023
627618,DDD,2014J,01 October 2023,31 October 2023
627695,DDD,2014J,01 October 2023,31 October 2023
628259,DDD,2014J,01 October 2023,31 October 2023
628390,DDD,2014J,01 October 2023,31 October 2023
628519,DDD,2014J,01 October 2023,31 October 2023
628593,DDD,2014J,01 October 2023,31 October 2023
628631,DDD,2014J,01 October 2023,31 October 2023
628662,DDD,2014J,01 October 2023,31 October 2023
628685,DDD,2014J,01 October 2023,31 October 2023
628733,DDD,2014J,01 October 2023,31 October 2023
629309,DDD,2014J,01 October 2023,31 October 2023
629379,DDD,2014J,01 October 2023,31 October 2023
629703,DDD,2014J,01 October 2023,31 October 2023
629878,DDD,2014J,01 October 2023,31 October 2023
630328,DDD,2014J,01 October 2023,31 October 2023
630354,DDD,2014J,01 October 2023,31 October 2023
630380,DDD,2014J,01 October 2023,31 October 2023
630775,DDD,2014J,01 October 2023,31 October 2023
630858,DDD,2014J,01 October 2023,31 October 2023
630900,DDD,2014J,01 October 2023,31 October 2023
631055,DDD,2014J,01 October 2023,31 October 2023
631293,DDD,2014J,01 October 2023,31 October 2023
631295,DDD,2014J,01 October 2023,31 October 2023
631336,DDD,2014J,01 October 2023,31 October 2023
631486,DDD,2014J,01 October 2023,31 October 2023
631603,DDD,2014J,01 October 2023,31 October 2023
631835,DDD,2014J,01 October 2023,31 October 2023
631960,DDD,2014J,01 October 2023,31 October 2023
631998,DDD,2014J,01 October 2023,31 October 2023
632093,DDD,2014J,01 October 2023,31 October 2023
632645,DDD,2014J,01 October 2023,31 October 2023
632719,DDD,2014J,01 October 2023,31 October 2023
632795,DDD,2014J,01 October 2023,31 October 2023
632831,DDD,2014J,01 October 2023,31 October 2023
632877,DDD,2014J,01 October 2023,31 October 2023
633237,DDD,2014J,01 October 2023,31 October 2023
633295,DDD,2014J,01 October 2023,31 October 2023
633409,DDD,2014J,01 October 2023,31 October 2023
633414,DDD,2014J,01 October 2023,31 October 2023
633475,DDD,2014J,01 October 2023,31 October 2023
633525,DDD,2014J,01 October 2023,31 October 2023
633574,DDD,2014J,01 October 2023,31 October 2023
634035,DDD,2014J,01 October 2023,31 October 2023
634037,DDD,2014J,01 October 2023,31 October 2023
634047,DDD,2014J,01 October 2023,31 October 2023
634305,DDD,2014J,01 October 2023,31 October 2023
634489,DDD,2014J,01 October 2023,31 October 2023
634646,DDD,2014J,01 October 2023,31 October 2023
634693,DDD,2014J,01 October 2023,31 October 2023
634966,DDD,2014J,01 October 2023,31 October 2023
635071,DDD,2014J,01 October 2023,31 October 2023
635170,DDD,2014J,01 October 2023,31 October 2023
635255,DDD,2014J,01 October 2023,31 October 2023
635418,DDD,2014J,01 October 2023,31 October 2023
635986,DDD,2014J,01 October 2023,31 October 2023
635992,DDD,2014J,01 October 2023,31 October 2023
636451,DDD,2014J,01 October 2023,31 October 2023
636484,DDD,2014J,01 October 2023,31 October 2023
636503,DDD,2014J,01 October 2023,31 October 2023
636590,DDD,2014J,01 October 2023,31 October 2023
636594,DDD,2014J,01 October 2023,31 October 2023
636697,DDD,2014J,01 October 2023,31 October 2023
636712,DDD,2014J,01 October 2023,31 October 2023
636875,DDD,2014J,01 October 2023,31 October 2023
637064,DDD,2014J,01 October 2023,31 October 2023
637075,DDD,2014J,01 October 2023,31 October 2023
637347,DDD,2014J,01 October 2023,31 October 2023
637374,DDD,2014J,01 October 2023,31 October 2023
637473,DDD,2014J,01 October 2023,31 October 2023
638023,DDD,2014J,01 October 2023,31 October 2023
638051,DDD,2014J,01 October 2023,31 October 2023
638131,DDD,2014J,01 October 2023,31 October 2023
638202,DDD,2014J,01 October 2023,31 October 2023
638358,DDD,2014J,01 October 2023,31 October 2023
638384,DDD,2014J,01 October 2023,31 October 2023
638657,DDD,2014J,01 October 2023,31 October 2023
639190,DDD,2014J,01 October 2023,31 October 2023
639514,DDD,2014J,01 October 2023,31 October 2023
639766,DDD,2014J,01 October 2023,31 October 2023
640054,DDD,2014J,01 October 2023,31 October 2023
640144,DDD,2014J,01 October 2023,31 October 2023
640178,DDD,2014J,01 October 2023,31 October 2023
640691,DDD,2014J,01 October 2023,31 October 2023
640836,DDD,2014J,01 October 2023,31 October 2023
640942,DDD,2014J,01 October 2023,31 October 2023
640975,DDD,2014J,01 October 2023,31 October 2023
640982,DDD,2014J,01 October 2023,31 October 2023
641192,DDD,2014J,01 October 2023,31 October 2023
641253,DDD,2014J,01 October 2023,31 October 2023
641305,DDD,2014J,01 October 2023,31 October 2023
641315,DDD,2014J,01 October 2023,31 October 2023
641557,DDD,2014J,01 October 2023,31 October 2023
641609,DDD,2014J,01 October 2023,31 October 2023
641613,DDD,2014J,01 October 2023,31 October 2023
641744,DDD,2014J,01 October 2023,31 October 2023
641845,DDD,2014J,01 October 2023,31 October 2023
641896,DDD,2014J,01 October 2023,31 October 2023
642139,DDD,2014J,01 October 2023,31 October 2023
642222,DDD,2014J,01 October 2023,31 October 2023
642230,DDD,2014J,01 October 2023,31 October 2023
642310,DDD,2014J,01 October 2023,31 October 2023
642443,DDD,2014J,01 October 2023,31 October 2023
642474,DDD,2014J,01 October 2023,31 October 2023
642501,DDD,2014J,01 October 2023,31 October 2023
642625,DDD,2014J,01 October 2023,31 October 2023
642764,DDD,2014J,01 October 2023,31 October 2023
642785,DDD,2014J,01 October 2023,31 October 2023
643006,DDD,2014J,01 October 2023,31 October 2023
643021,DDD,2014J,01 October 2023,31 October 2023
643036,DDD,2014J,01 October 2023,31 October 2023
643126,DDD,2014J,01 October 2023,31 October 2023
643230,DDD,2014J,01 October 2023,31 October 2023
643280,DDD,2014J,01 October 2023,31 October 2023
643285,DDD,2014J,01 October 2023,31 October 2023
643542,DDD,2014J,01 October 2023,31 October 2023
643729,DDD,2014J,01 October 2023,31 October 2023
644159,DDD,2014J,01 October 2023,31 October 2023
644229,DDD,2014J,01 October 2023,31 October 2023
644310,DDD,2014J,01 October 2023,31 October 2023
644409,DDD,2014J,01 October 2023,31 October 2023
644457,DDD,2014J,01 October 2023,31 October 2023
644474,DDD,2014J,01 October 2023,31 October 2023
644525,DDD,2014J,01 October 2023,31 October 2023
644567,DDD,2014J,01 October 2023,31 October 2023
644881,DDD,2014J,01 October 2023,31 October 2023
644956,DDD,2014J,01 October 2023,31 October 2023
644964,DDD,2014J,01 October 2023,31 October 2023
645019,DDD,2014J,01 October 2023,31 October 2023
645031,DDD,2014J,01 October 2023,31 October 2023
645054,DDD,2014J,01 October 2023,31 October 2023
645081,DDD,2014J,01 October 2023,31 October 2023
645147,DDD,2014J,01 October 2023,31 October 2023
645322,DDD,2014J,01 October 2023,31 October 2023
645425,DDD,2014J,01 October 2023,31 October 2023
645434,DDD,2014J,01 October 2023,31 October 2023
645499,DDD,2014J,01 October 2023,31 October 2023
645512,DDD,2014J,01 October 2023,31 October 2023
645551,DDD,2014J,01 October 2023,31 October 2023
645738,DDD,2014J,01 October 2023,31 October 2023
645818,DDD,2014J,01 October 2023,31 October 2023
645850,DDD,2014J,01 October 2023,31 October 2023
645864,DDD,2014J,01 October 2023,31 October 2023
645866,DDD,2014J,01 October 2023,31 October 2023
645906,DDD,2014J,01 October 2023,31 October 2023
645962,DDD,2014J,01 October 2023,31 October 2023
646006,DDD,2014J,01 October 2023,31 October 2023
646020,DDD,2014J,01 October 2023,31 October 2023
646027,DDD,2014J,01 October 2023,31 October 2023
646086,DDD,2014J,01 October 2023,31 October 2023
646090,DDD,2014J,01 October 2023,31 October 2023
646314,DDD,2014J,01 October 2023,31 October 2023
646322,DDD,2014J,01 October 2023,31 October 2023
646344,DDD,2014J,01 October 2023,31 October 2023
646391,DDD,2014J,01 October 2023,31 October 2023
646489,DDD,2014J,01 October 2023,31 October 2023
646700,DDD,2014J,01 October 2023,31 October 2023
646755,DDD,2014J,01 October 2023,31 October 2023
646836,DDD,2014J,01 October 2023,31 October 2023
646952,DDD,2014J,01 October 2023,31 October 2023
646957,DDD,2014J,01 October 2023,31 October 2023
647166,DDD,2014J,01 October 2023,31 October 2023
647215,DDD,2014J,01 October 2023,31 October 2023
647218,DDD,2014J,01 October 2023,31 October 2023
647227,DDD,2014J,01 October 2023,31 October 2023
647305,DDD,2014J,01 October 2023,31 October 2023
647318,DDD,2014J,01 October 2023,31 October 2023
647368,DDD,2014J,01 October 2023,31 October 2023
647373,DDD,2014J,01 October 2023,31 October 2023
647468,DDD,2014J,01 October 2023,31 October 2023
647488,DDD,2014J,01 October 2023,31 October 2023
647565,DDD,2014J,01 October 2023,31 October 2023
647604,DDD,2014J,01 October 2023,31 October 2023
647605,DDD,2014J,01 October 2023,31 October 2023
647612,DDD,2014J,01 October 2023,31 October 2023
647614,DDD,2014J,01 October 2023,31 October 2023
647647,DDD,2014J,01 October 2023,31 October 2023
647824,DDD,2014J,01 October 2023,31 October 2023
647879,DDD,2014J,01 October 2023,31 October 2023
647920,DDD,2014J,01 October 2023,31 October 2023
647937,DDD,2014J,01 October 2023,31 October 2023
647953,DDD,2014J,01 October 2023,31 October 2023
647968,DDD,2014J,01 October 2023,31 October 2023
648172,DDD,2014J,01 October 2023,31 October 2023
648183,DDD,2014J,01 October 2023,31 October 2023
648237,DDD,2014J,01 October 2023,31 October 2023
648269,DDD,2014J,01 October 2023,31 October 2023
648428,DDD,2014J,01 October 2023,31 October 2023
648570,DDD,2014J,01 October 2023,31 October 2023
648597,DDD,2014J,01 October 2023,31 October 2023
648695,DDD,2014J,01 October 2023,31 October 2023
648766,DDD,2014J,01 October 2023,31 October 2023
648841,DDD,2014J,01 October 2023,31 October 2023
648880,DDD,2014J,01 October 2023,31 October 2023
648888,DDD,2014J,01 October 2023,31 October 2023
648898,DDD,2014J,01 October 2023,31 October 2023
648920,DDD,2014J,01 October 2023,31 October 2023
648947,DDD,2014J,01 October 2023,31 October 2023
648966,DDD,2014J,01 October 2023,31 October 2023
649014,DDD,2014J,01 October 2023,31 October 2023
649041,DDD,2014J,01 October 2023,31 October 2023
649078,DDD,2014J,01 October 2023,31 October 2023
649090,DDD,2014J,01 October 2023,31 October 2023
649120,DDD,2014J,01 October 2023,31 October 2023
649214,DDD,2014J,01 October 2023,31 October 2023
649230,DDD,2014J,01 October 2023,31 October 2023
649261,DDD,2014J,01 October 2023,31 October 2023
649321,DDD,2014J,01 October 2023,31 October 2023
649383,DDD,2014J,01 October 2023,31 October 2023
649514,DDD,2014J,01 October 2023,31 October 2023
649552,DDD,2014J,01 October 2023,31 October 2023
649614,DDD,2014J,01 October 2023,31 October 2023
649688,DDD,2014J,01 October 2023,31 October 2023
649689,DDD,2014J,01 October 2023,31 October 2023
649745,DDD,2014J,01 October 2023,31 October 2023
649819,DDD,2014J,01 October 2023,31 October 2023
649880,DDD,2014J,01 October 2023,31 October 2023
649949,DDD,2014J,01 October 2023,31 October 2023
649963,DDD,2014J,01 October 2023,31 October 2023
650010,DDD,2014J,01 October 2023,31 October 2023
650091,DDD,2014J,01 October 2023,31 October 2023
650232,DDD,2014J,01 October 2023,31 October 2023
650243,DDD,2014J,01 October 2023,31 October 2023
650279,DDD,2014J,01 October 2023,31 October 2023
650376,DDD,2014J,01 October 2023,31 October 2023
650420,DDD,2014J,01 October 2023,31 October 2023
650434,DDD,2014J,01 October 2023,31 October 2023
650442,DDD,2014J,01 October 2023,31 October 2023
650478,DDD,2014J,01 October 2023,31 October 2023
650515,DDD,2014J,01 October 2023,31 October 2023
650642,DDD,2014J,01 October 2023,31 October 2023
650684,DDD,2014J,01 October 2023,31 October 2023
650711,DDD,2014J,01 October 2023,31 October 2023
650829,DDD,2014J,01 October 2023,31 October 2023
650946,DDD,2014J,01 October 2023,31 October 2023
650947,DDD,2014J,01 October 2023,31 October 2023
650957,DDD,2014J,01 October 2023,31 October 2023
650993,DDD,2014J,01 October 2023,31 October 2023
651048,DDD,2014J,01 October 2023,31 October 2023
651061,DDD,2014J,01 October 2023,31 October 2023
651120,DDD,2014J,01 October 2023,31 October 2023
651174,DDD,2014J,01 October 2023,31 October 2023
651176,DDD,2014J,01 October 2023,31 October 2023
651481,DDD,2014J,01 October 2023,31 October 2023
651493,DDD,2014J,01 October 2023,31 October 2023
651507,DDD,2014J,01 October 2023,31 October 2023
651561,DDD,2014J,01 October 2023,31 October 2023
651579,DDD,2014J,01 October 2023,31 October 2023
651619,DDD,2014J,01 October 2023,31 October 2023
651627,DDD,2014J,01 October 2023,31 October 2023
651672,DDD,2014J,01 October 2023,31 October 2023
651728,DDD,2014J,01 October 2023,31 October 2023
651804,DDD,2014J,01 October 2023,31 October 2023
651942,DDD,2014J,01 October 2023,31 October 2023
652048,DDD,2014J,01 October 2023,31 October 2023
652103,DDD,2014J,01 October 2023,31 October 2023
652267,DDD,2014J,01 October 2023,31 October 2023
652292,DDD,2014J,01 October 2023,31 October 2023
652293,DDD,2014J,01 October 2023,31 October 2023
652318,DDD,2014J,01 October 2023,31 October 2023
652531,DDD,2014J,01 October 2023,31 October 2023
652617,DDD,2014J,01 October 2023,31 October 2023
652619,DDD,2014J,01 October 2023,31 October 2023
652680,DDD,2014J,01 October 2023,31 October 2023
652732,DDD,2014J,01 October 2023,31 October 2023
652881,DDD,2014J,01 October 2023,31 October 2023
652965,DDD,2014J,01 October 2023,31 October 2023
653031,DDD,2014J,01 October 2023,31 October 2023
653051,DDD,2014J,01 October 2023,31 October 2023
653060,DDD,2014J,01 October 2023,31 October 2023
653171,DDD,2014J,01 October 2023,31 October 2023
653296,DDD,2014J,01 October 2023,31 October 2023
653319,DDD,2014J,01 October 2023,31 October 2023
653354,DDD,2014J,01 October 2023,31 October 2023
653412,DDD,2014J,01 October 2023,31 October 2023
653550,DDD,2014J,01 October 2023,31 October 2023
653569,DDD,2014J,01 October 2023,31 October 2023
653711,DDD,2014J,01 October 2023,31 October 2023
653723,DDD,2014J,01 October 2023,31 October 2023
653729,DDD,2014J,01 October 2023,31 October 2023
653759,DDD,2014J,01 October 2023,31 October 2023
653768,DDD,2014J,01 October 2023,31 October 2023
653770,DDD,2014J,01 October 2023,31 October 2023
653771,DDD,2014J,01 October 2023,31 October 2023
653793,DDD,2014J,01 October 2023,31 October 2023
653914,DDD,2014J,01 October 2023,31 October 2023
653942,DDD,2014J,01 October 2023,31 October 2023
654091,DDD,2014J,01 October 2023,31 October 2023
654110,DDD,2014J,01 October 2023,31 October 2023
654282,DDD,2014J,01 October 2023,31 October 2023
654341,DDD,2014J,01 October 2023,31 October 2023
654401,DDD,2014J,01 October 2023,31 October 2023
654414,DDD,2014J,01 October 2023,31 October 2023
654443,DDD,2014J,01 October 2023,31 October 2023
654502,DDD,2014J,01 October 2023,31 October 2023
654807,DDD,2014J,01 October 2023,31 October 2023
654863,DDD,2014J,01 October 2023,31 October 2023
654880,DDD,2014J,01 October 2023,31 October 2023
654882,DDD,2014J,01 October 2023,31 October 2023
654938,DDD,2014J,01 October 2023,31 October 2023
655039,DDD,2014J,01 October 2023,31 October 2023
655128,DDD,2014J,01 October 2023,31 October 2023
655136,DDD,2014J,01 October 2023,31 October 2023
655254,DDD,2014J,01 October 2023,31 October 2023
655322,DDD,2014J,01 October 2023,31 October 2023
655362,DDD,2014J,01 October 2023,31 October 2023
655585,DDD,2014J,01 October 2023,31 October 2023
655600,DDD,2014J,01 October 2023,31 October 2023
655806,DDD,2014J,01 October 2023,31 October 2023
655816,DDD,2014J,01 October 2023,31 October 2023
655834,DDD,2014J,01 October 2023,31 October 2023
655910,DDD,2014J,01 October 2023,31 October 2023
655930,DDD,2014J,01 October 2023,31 October 2023
655972,DDD,2014J,01 October 2023,31 October 2023
656009,DDD,2014J,01 October 2023,31 October 2023
656073,DDD,2014J,01 October 2023,31 October 2023
656079,DDD,2014J,01 October 2023,31 October 2023
656115,DDD,2014J,01 October 2023,31 October 2023
656164,DDD,2014J,01 October 2023,31 October 2023
656175,DDD,2014J,01 October 2023,31 October 2023
656183,DDD,2014J,01 October 2023,31 October 2023
656193,DDD,2014J,01 October 2023,31 October 2023
656280,DDD,2014J,01 October 2023,31 October 2023
656393,DDD,2014J,01 October 2023,31 October 2023
656454,DDD,2014J,01 October 2023,31 October 2023
656459,DDD,2014J,01 October 2023,31 October 2023
656496,DDD,2014J,01 October 2023,31 October 2023
656526,DDD,2014J,01 October 2023,31 October 2023
656682,DDD,2014J,01 October 2023,31 October 2023
656766,DDD,2014J,01 October 2023,31 October 2023
656826,DDD,2014J,01 October 2023,31 October 2023
656934,DDD,2014J,01 October 2023,31 October 2023
656987,DDD,2014J,01 October 2023,31 October 2023
657071,DDD,2014J,01 October 2023,31 October 2023
657077,DDD,2014J,01 October 2023,31 October 2023
657161,DDD,2014J,01 October 2023,31 October 2023
657245,DDD,2014J,01 October 2023,31 October 2023
674193,DDD,2014J,01 October 2023,31 October 2023
674206,DDD,2014J,01 October 2023,31 October 2023
674219,DDD,2014J,01 October 2023,31 October 2023
674277,DDD,2014J,01 October 2023,31 October 2023
674278,DDD,2014J,01 October 2023,31 October 2023
674361,DDD,2014J,01 October 2023,31 October 2023
674388,DDD,2014J,01 October 2023,31 October 2023
674393,DDD,2014J,01 October 2023,31 October 2023
674419,DDD,2014J,01 October 2023,31 October 2023
674437,DDD,2014J,01 October 2023,31 October 2023
674440,DDD,2014J,01 October 2023,31 October 2023
674469,DDD,2014J,01 October 2023,31 October 2023
674651,DDD,2014J,01 October 2023,31 October 2023
674879,DDD,2014J,01 October 2023,31 October 2023
674989,DDD,2014J,01 October 2023,31 October 2023
674997,DDD,2014J,01 October 2023,31 October 2023
675050,DDD,2014J,01 October 2023,31 October 2023
675052,DDD,2014J,01 October 2023,31 October 2023
675062,DDD,2014J,01 October 2023,31 October 2023
675144,DDD,2014J,01 October 2023,31 October 2023
675253,DDD,2014J,01 October 2023,31 October 2023
675256,DDD,2014J,01 October 2023,31 October 2023
675471,DDD,2014J,01 October 2023,31 October 2023
675493,DDD,2014J,01 October 2023,31 October 2023
675516,DDD,2014J,01 October 2023,31 October 2023
675539,DDD,2014J,01 October 2023,31 October 2023
675656,DDD,2014J,01 October 2023,31 October 2023
675699,DDD,2014J,01 October 2023,31 October 2023
675919,DDD,2014J,01 October 2023,31 October 2023
675945,DDD,2014J,01 October 2023,31 October 2023
675993,DDD,2014J,01 October 2023,31 October 2023
676010,DDD,2014J,01 October 2023,31 October 2023
676087,DDD,2014J,01 October 2023,31 October 2023
676155,DDD,2014J,01 October 2023,31 October 2023
676204,DDD,2014J,01 October 2023,31 October 2023
676368,DDD,2014J,01 October 2023,31 October 2023
676373,DDD,2014J,01 October 2023,31 October 2023
676498,DDD,2014J,01 October 2023,31 October 2023
676516,DDD,2014J,01 October 2023,31 October 2023
676553,DDD,2014J,01 October 2023,31 October 2023
676589,DDD,2014J,01 October 2023,31 October 2023
676596,DDD,2014J,01 October 2023,31 October 2023
676642,DDD,2014J,01 October 2023,31 October 2023
676766,DDD,2014J,01 October 2023,31 October 2023
676787,DDD,2014J,01 October 2023,31 October 2023
676807,DDD,2014J,01 October 2023,31 October 2023
676809,DDD,2014J,01 October 2023,31 October 2023
676852,DDD,2014J,01 October 2023,31 October 2023
676865,DDD,2014J,01 October 2023,31 October 2023
676903,DDD,2014J,01 October 2023,31 October 2023
676963,DDD,2014J,01 October 2023,31 October 2023
677012,DDD,2014J,01 October 2023,31 October 2023
677316,DDD,2014J,01 October 2023,31 October 2023
677374,DDD,2014J,01 October 2023,31 October 2023
677444,DDD,2014J,01 October 2023,31 October 2023
677449,DDD,2014J,01 October 2023,31 October 2023
677579,DDD,2014J,01 October 2023,31 October 2023
677601,DDD,2014J,01 October 2023,31 October 2023
677606,DDD,2014J,01 October 2023,31 October 2023
677629,DDD,2014J,01 October 2023,31 October 2023
677632,DDD,2014J,01 October 2023,31 October 2023
677832,DDD,2014J,01 October 2023,31 October 2023
677988,DDD,2014J,01 October 2023,31 October 2023
678041,DDD,2014J,01 October 2023,31 October 2023
678058,DDD,2014J,01 October 2023,31 October 2023
678065,DDD,2014J,01 October 2023,31 October 2023
678102,DDD,2014J,01 October 2023,31 October 2023
678219,DDD,2014J,01 October 2023,31 October 2023
678231,DDD,2014J,01 October 2023,31 October 2023
678233,DDD,2014J,01 October 2023,31 October 2023
678240,DDD,2014J,01 October 2023,31 October 2023
678262,DDD,2014J,01 October 2023,31 October 2023
678490,DDD,2014J,01 October 2023,31 October 2023
678605,DDD,2014J,01 October 2023,31 October 2023
678737,DDD,2014J,01 October 2023,31 October 2023
678844,DDD,2014J,01 October 2023,31 October 2023
678941,DDD,2014J,01 October 2023,31 October 2023
679000,DDD,2014J,01 October 2023,31 October 2023
679234,DDD,2014J,01 October 2023,31 October 2023
679255,DDD,2014J,01 October 2023,31 October 2023
679388,DDD,2014J,01 October 2023,31 October 2023
679395,DDD,2014J,01 October 2023,31 October 2023
679427,DDD,2014J,01 October 2023,31 October 2023
679454,DDD,2014J,01 October 2023,31 October 2023
679525,DDD,2014J,01 October 2023,31 October 2023
679558,DDD,2014J,01 October 2023,31 October 2023
679582,DDD,2014J,01 October 2023,31 October 2023
679760,DDD,2014J,01 October 2023,31 October 2023
679777,DDD,2014J,01 October 2023,31 October 2023
679854,DDD,2014J,01 October 2023,31 October 2023
679897,DDD,2014J,01 October 2023,31 October 2023
680017,DDD,2014J,01 October 2023,31 October 2023
680025,DDD,2014J,01 October 2023,31 October 2023
680087,DDD,2014J,01 October 2023,31 October 2023
680293,DDD,2014J,01 October 2023,31 October 2023
680314,DDD,2014J,01 October 2023,31 October 2023
680331,DDD,2014J,01 October 2023,31 October 2023
680373,DDD,2014J,01 October 2023,31 October 2023
680414,DDD,2014J,01 October 2023,31 October 2023
680431,DDD,2014J,01 October 2023,31 October 2023
680612,DDD,2014J,01 October 2023,31 October 2023
680626,DDD,2014J,01 October 2023,31 October 2023
680728,DDD,2014J,01 October 2023,31 October 2023
680733,DDD,2014J,01 October 2023,31 October 2023
680764,DDD,2014J,01 October 2023,31 October 2023
680807,DDD,2014J,01 October 2023,31 October 2023
680812,DDD,2014J,01 October 2023,31 October 2023
680817,DDD,2014J,01 October 2023,31 October 2023
680846,DDD,2014J,01 October 2023,31 October 2023
680973,DDD,2014J,01 October 2023,31 October 2023
680981,DDD,2014J,01 October 2023,31 October 2023
680996,DDD,2014J,01 October 2023,31 October 2023
681059,DDD,2014J,01 October 2023,31 October 2023
681125,DDD,2014J,01 October 2023,31 October 2023
681182,DDD,2014J,01 October 2023,31 October 2023
681210,DDD,2014J,01 October 2023,31 October 2023
681211,DDD,2014J,01 October 2023,31 October 2023
681241,DDD,2014J,01 October 2023,31 October 2023
681356,DDD,2014J,01 October 2023,31 October 2023
681425,DDD,2014J,01 October 2023,31 October 2023
681440,DDD,2014J,01 October 2023,31 October 2023
681495,DDD,2014J,01 October 2023,31 October 2023
681528,DDD,2014J,01 October 2023,31 October 2023
681638,DDD,2014J,01 October 2023,31 October 2023
681695,DDD,2014J,01 October 2023,31 October 2023
681705,DDD,2014J,01 October 2023,31 October 2023
681729,DDD,2014J,01 October 2023,31 October 2023
681746,DDD,2014J,01 October 2023,31 October 2023
681799,DDD,2014J,01 October 2023,31 October 2023
681854,DDD,2014J,01 October 2023,31 October 2023
681872,DDD,2014J,01 October 2023,31 October 2023
681923,DDD,2014J,01 October 2023,31 October 2023
681960,DDD,2014J,01 October 2023,31 October 2023
682018,DDD,2014J,01 October 2023,31 October 2023
682022,DDD,2014J,01 October 2023,31 October 2023
682031,DDD,2014J,01 October 2023,31 October 2023
682117,DDD,2014J,01 October 2023,31 October 2023
682242,DDD,2014J,01 October 2023,31 October 2023
682294,DDD,2014J,01 October 2023,31 October 2023
682299,DDD,2014J,01 October 2023,31 October 2023
682306,DDD,2014J,01 October 2023,31 October 2023
682385,DDD,2014J,01 October 2023,31 October 2023
682541,DDD,2014J,01 October 2023,31 October 2023
682660,DDD,2014J,01 October 2023,31 October 2023
682684,DDD,2014J,01 October 2023,31 October 2023
682692,DDD,2014J,01 October 2023,31 October 2023
682740,DDD,2014J,01 October 2023,31 October 2023
682787,DDD,2014J,01 October 2023,31 October 2023
682813,DDD,2014J,01 October 2023,31 October 2023
682819,DDD,2014J,01 October 2023,31 October 2023
682897,DDD,2014J,01 October 2023,31 October 2023
682968,DDD,2014J,01 October 2023,31 October 2023
683091,DDD,2014J,01 October 2023,31 October 2023
683340,DDD,2014J,01 October 2023,31 October 2023
683396,DDD,2014J,01 October 2023,31 October 2023
683486,DDD,2014J,01 October 2023,31 October 2023
683487,DDD,2014J,01 October 2023,31 October 2023
683648,DDD,2014J,01 October 2023,31 October 2023
683653,DDD,2014J,01 October 2023,31 October 2023
683713,DDD,2014J,01 October 2023,31 October 2023
683718,DDD,2014J,01 October 2023,31 October 2023
684095,DDD,2014J,01 October 2023,31 October 2023
684141,DDD,2014J,01 October 2023,31 October 2023
684215,DDD,2014J,01 October 2023,31 October 2023
684217,DDD,2014J,01 October 2023,31 October 2023
684233,DDD,2014J,01 October 2023,31 October 2023
684241,DDD,2014J,01 October 2023,31 October 2023
684305,DDD,2014J,01 October 2023,31 October 2023
684407,DDD,2014J,01 October 2023,31 October 2023
684441,DDD,2014J,01 October 2023,31 October 2023
684480,DDD,2014J,01 October 2023,31 October 2023
684632,DDD,2014J,01 October 2023,31 October 2023
684712,DDD,2014J,01 October 2023,31 October 2023
684744,DDD,2014J,01 October 2023,31 October 2023
684854,DDD,2014J,01 October 2023,31 October 2023
684868,DDD,2014J,01 October 2023,31 October 2023
684886,DDD,2014J,01 October 2023,31 October 2023
684887,DDD,2014J,01 October 2023,31 October 2023
684936,DDD,2014J,01 October 2023,31 October 2023
685033,DDD,2014J,01 October 2023,31 October 2023
685069,DDD,2014J,01 October 2023,31 October 2023
685085,DDD,2014J,01 October 2023,31 October 2023
685123,DDD,2014J,01 October 2023,31 October 2023
685191,DDD,2014J,01 October 2023,31 October 2023
685224,DDD,2014J,01 October 2023,31 October 2023
685294,DDD,2014J,01 October 2023,31 October 2023
685403,DDD,2014J,01 October 2023,31 October 2023
685546,DDD,2014J,01 October 2023,31 October 2023
685611,DDD,2014J,01 October 2023,31 October 2023
685615,DDD,2014J,01 October 2023,31 October 2023
685623,DDD,2014J,01 October 2023,31 October 2023
685639,DDD,2014J,01 October 2023,31 October 2023
685661,DDD,2014J,01 October 2023,31 October 2023
685697,DDD,2014J,01 October 2023,31 October 2023
685843,DDD,2014J,01 October 2023,31 October 2023
685910,DDD,2014J,01 October 2023,31 October 2023
686038,DDD,2014J,01 October 2023,31 October 2023
686078,DDD,2014J,01 October 2023,31 October 2023
686312,DDD,2014J,01 October 2023,31 October 2023
686313,DDD,2014J,01 October 2023,31 October 2023
686370,DDD,2014J,01 October 2023,31 October 2023
686384,DDD,2014J,01 October 2023,31 October 2023
686399,DDD,2014J,01 October 2023,31 October 2023
686549,DDD,2014J,01 October 2023,31 October 2023
686766,DDD,2014J,01 October 2023,31 October 2023
686838,DDD,2014J,01 October 2023,31 October 2023
686854,DDD,2014J,01 October 2023,31 October 2023
686871,DDD,2014J,01 October 2023,31 October 2023
687050,DDD,2014J,01 October 2023,31 October 2023
687244,DDD,2014J,01 October 2023,31 October 2023
687384,DDD,2014J,01 October 2023,31 October 2023
687411,DDD,2014J,01 October 2023,31 October 2023
687446,DDD,2014J,01 October 2023,31 October 2023
687600,DDD,2014J,01 October 2023,31 October 2023
687715,DDD,2014J,01 October 2023,31 October 2023
687720,DDD,2014J,01 October 2023,31 October 2023
687765,DDD,2014J,01 October 2023,31 October 2023
687777,DDD,2014J,01 October 2023,31 October 2023
687781,DDD,2014J,01 October 2023,31 October 2023
687792,DDD,2014J,01 October 2023,31 October 2023
687823,DDD,2014J,01 October 2023,31 October 2023
687835,DDD,2014J,01 October 2023,31 October 2023
687861,DDD,2014J,01 October 2023,31 October 2023
687975,DDD,2014J,01 October 2023,31 October 2023
688128,DDD,2014J,01 October 2023,31 October 2023
688175,DDD,2014J,01 October 2023,31 October 2023
688213,DDD,2014J,01 October 2023,31 October 2023
688284,DDD,2014J,01 October 2023,31 October 2023
688285,DDD,2014J,01 October 2023,31 October 2023
688437,DDD,2014J,01 October 2023,31 October 2023
688525,DDD,2014J,01 October 2023,31 October 2023
688571,DDD,2014J,01 October 2023,31 October 2023
688592,DDD,2014J,01 October 2023,31 October 2023
688608,DDD,2014J,01 October 2023,31 October 2023
688615,DDD,2014J,01 October 2023,31 October 2023
688656,DDD,2014J,01 October 2023,31 October 2023
688665,DDD,2014J,01 October 2023,31 October 2023
688722,DDD,2014J,01 October 2023,31 October 2023
688805,DDD,2014J,01 October 2023,31 October 2023
688849,DDD,2014J,01 October 2023,31 October 2023
688911,DDD,2014J,01 October 2023,31 October 2023
689017,DDD,2014J,01 October 2023,31 October 2023
689038,DDD,2014J,01 October 2023,31 October 2023
689135,DDD,2014J,01 October 2023,31 October 2023
689198,DDD,2014J,01 October 2023,31 October 2023
689231,DDD,2014J,01 October 2023,31 October 2023
689418,DDD,2014J,01 October 2023,31 October 2023
689574,DDD,2014J,01 October 2023,31 October 2023
689650,DDD,2014J,01 October 2023,31 October 2023
689816,DDD,2014J,01 October 2023,31 October 2023
689900,DDD,2014J,01 October 2023,31 October 2023
689921,DDD,2014J,01 October 2023,31 October 2023
689956,DDD,2014J,01 October 2023,31 October 2023
689990,DDD,2014J,01 October 2023,31 October 2023
689999,DDD,2014J,01 October 2023,31 October 2023
690118,DDD,2014J,01 October 2023,31 October 2023
690133,DDD,2014J,01 October 2023,31 October 2023
690168,DDD,2014J,01 October 2023,31 October 2023
690181,DDD,2014J,01 October 2023,31 October 2023
690192,DDD,2014J,01 October 2023,31 October 2023
690225,DDD,2014J,01 October 2023,31 October 2023
690240,DDD,2014J,01 October 2023,31 October 2023
690298,DDD,2014J,01 October 2023,31 October 2023
690600,DDD,2014J,01 October 2023,31 October 2023
690669,DDD,2014J,01 October 2023,31 October 2023
690711,DDD,2014J,01 October 2023,31 October 2023
690780,DDD,2014J,01 October 2023,31 October 2023
690783,DDD,2014J,01 October 2023,31 October 2023
690843,DDD,2014J,01 October 2023,31 October 2023
690867,DDD,2014J,01 October 2023,31 October 2023
690882,DDD,2014J,01 October 2023,31 October 2023
690884,DDD,2014J,01 October 2023,31 October 2023
690932,DDD,2014J,01 October 2023,31 October 2023
691040,DDD,2014J,01 October 2023,31 October 2023
691088,DDD,2014J,01 October 2023,31 October 2023
691202,DDD,2014J,01 October 2023,31 October 2023
691207,DDD,2014J,01 October 2023,31 October 2023
691212,DDD,2014J,01 October 2023,31 October 2023
691428,DDD,2014J,01 October 2023,31 October 2023
691444,DDD,2014J,01 October 2023,31 October 2023
691640,DDD,2014J,01 October 2023,31 October 2023
691748,DDD,2014J,01 October 2023,31 October 2023
691761,DDD,2014J,01 October 2023,31 October 2023
691782,DDD,2014J,01 October 2023,31 October 2023
691834,DDD,2014J,01 October 2023,31 October 2023
692426,DDD,2014J,01 October 2023,31 October 2023
692477,DDD,2014J,01 October 2023,31 October 2023
692652,DDD,2014J,01 October 2023,31 October 2023
692664,DDD,2014J,01 October 2023,31 October 2023
692753,DDD,2014J,01 October 2023,31 October 2023
693047,DDD,2014J,01 October 2023,31 October 2023
693061,DDD,2014J,01 October 2023,31 October 2023
693082,DDD,2014J,01 October 2023,31 October 2023
693085,DDD,2014J,01 October 2023,31 October 2023
693145,DDD,2014J,01 October 2023,31 October 2023
693161,DDD,2014J,01 October 2023,31 October 2023
693294,DDD,2014J,01 October 2023,31 October 2023
693310,DDD,2014J,01 October 2023,31 October 2023
693441,DDD,2014J,01 October 2023,31 October 2023
693452,DDD,2014J,01 October 2023,31 October 2023
693468,DDD,2014J,01 October 2023,31 October 2023
693488,DDD,2014J,01 October 2023,31 October 2023
693501,DDD,2014J,01 October 2023,31 October 2023
693565,DDD,2014J,01 October 2023,31 October 2023
693569,DDD,2014J,01 October 2023,31 October 2023
693606,DDD,2014J,01 October 2023,31 October 2023
693863,DDD,2014J,01 October 2023,31 October 2023
693902,DDD,2014J,01 October 2023,31 October 2023
693926,DDD,2014J,01 October 2023,31 October 2023
694006,DDD,2014J,01 October 2023,31 October 2023
694010,DDD,2014J,01 October 2023,31 October 2023
694019,DDD,2014J,01 October 2023,31 October 2023
694225,DDD,2014J,01 October 2023,31 October 2023
694384,DDD,2014J,01 October 2023,31 October 2023
694634,DDD,2014J,01 October 2023,31 October 2023
694673,DDD,2014J,01 October 2023,31 October 2023
694677,DDD,2014J,01 October 2023,31 October 2023
694698,DDD,2014J,01 October 2023,31 October 2023
694753,DDD,2014J,01 October 2023,31 October 2023
694802,DDD,2014J,01 October 2023,31 October 2023
694872,DDD,2014J,01 October 2023,31 October 2023
694976,DDD,2014J,01 October 2023,31 October 2023
695183,DDD,2014J,01 October 2023,31 October 2023
695201,DDD,2014J,01 October 2023,31 October 2023
695432,DDD,2014J,01 October 2023,31 October 2023
695473,DDD,2014J,01 October 2023,31 October 2023
695503,DDD,2014J,01 October 2023,31 October 2023
695584,DDD,2014J,01 October 2023,31 October 2023
695611,DDD,2014J,01 October 2023,31 October 2023
695651,DDD,2014J,01 October 2023,31 October 2023
695735,DDD,2014J,01 October 2023,31 October 2023
695739,DDD,2014J,01 October 2023,31 October 2023
695759,DDD,2014J,01 October 2023,31 October 2023
695794,DDD,2014J,01 October 2023,31 October 2023
695799,DDD,2014J,01 October 2023,31 October 2023
695916,DDD,2014J,01 October 2023,31 October 2023
695956,DDD,2014J,01 October 2023,31 October 2023
696072,DDD,2014J,01 October 2023,31 October 2023
696132,DDD,2014J,01 October 2023,31 October 2023
696265,DDD,2014J,01 October 2023,31 October 2023
696415,DDD,2014J,01 October 2023,31 October 2023
696430,DDD,2014J,01 October 2023,31 October 2023
696546,DDD,2014J,01 October 2023,31 October 2023
696789,DDD,2014J,01 October 2023,31 October 2023
696807,DDD,2014J,01 October 2023,31 October 2023
696826,DDD,2014J,01 October 2023,31 October 2023
696937,DDD,2014J,01 October 2023,31 October 2023
697045,DDD,2014J,01 October 2023,31 October 2023
697101,DDD,2014J,01 October 2023,31 October 2023
697352,DDD,2014J,01 October 2023,31 October 2023
697390,DDD,2014J,01 October 2023,31 October 2023
697433,DDD,2014J,01 October 2023,31 October 2023
697474,DDD,2014J,01 October 2023,31 October 2023
697674,DDD,2014J,01 October 2023,31 October 2023
697705,DDD,2014J,01 October 2023,31 October 2023
697730,DDD,2014J,01 October 2023,31 October 2023
697841,DDD,2014J,01 October 2023,31 October 2023
698007,DDD,2014J,01 October 2023,31 October 2023
698016,DDD,2014J,01 October 2023,31 October 2023
698252,DDD,2014J,01 October 2023,31 October 2023
698347,DDD,2014J,01 October 2023,31 October 2023
698351,DDD,2014J,01 October 2023,31 October 2023
698399,DDD,2014J,01 October 2023,31 October 2023
699417,DDD,2014J,01 October 2023,31 October 2023
1082062,DDD,2014J,01 October 2023,31 October 2023
1173473,DDD,2014J,01 October 2023,31 October 2023
1197062,DDD,2014J,01 October 2023,31 October 2023
1209065,DDD,2014J,01 October 2023,31 October 2023
1360878,DDD,2014J,01 October 2023,31 October 2023
1373661,DDD,2014J,01 October 2023,31 October 2023
1380308,DDD,2014J,01 October 2023,31 October 2023
1382719,DDD,2014J,01 October 2023,31 October 2023
1438584,DDD,2014J,01 October 2023,31 October 2023
1442215,DDD,2014J,01 October 2023,31 October 2023
1459010,DDD,2014J,01 October 2023,31 October 2023
1482413,DDD,2014J,01 October 2023,31 October 2023
1484626,DDD,2014J,01 October 2023,31 October 2023
1492408,DDD,2014J,01 October 2023,31 October 2023
1526210,DDD,2014J,01 October 2023,31 October 2023
1589066,DDD,2014J,01 October 2023,31 October 2023
1593730,DDD,2014J,01 October 2023,31 October 2023
1601739,DDD,2014J,01 October 2023,31 October 2023
1661490,DDD,2014J,01 October 2023,31 October 2023
1667087,DDD,2014J,01 October 2023,31 October 2023
1723564,DDD,2014J,01 October 2023,31 October 2023
1733160,DDD,2014J,01 October 2023,31 October 2023
1747824,DDD,2014J,01 October 2023,31 October 2023
1757548,DDD,2014J,01 October 2023,31 October 2023
1774297,DDD,2014J,01 October 2023,31 October 2023
1794309,DDD,2014J,01 October 2023,31 October 2023
1808407,DDD,2014J,01 October 2023,31 October 2023
1811098,DDD,2014J,01 October 2023,31 October 2023
1812797,DDD,2014J,01 October 2023,31 October 2023
1822731,DDD,2014J,01 October 2023,31 October 2023
1832492,DDD,2014J,01 October 2023,31 October 2023
1871306,DDD,2014J,01 October 2023,31 October 2023
1876461,DDD,2014J,01 October 2023,31 October 2023
1879751,DDD,2014J,01 October 2023,31 October 2023
1881062,DDD,2014J,01 October 2023,31 October 2023
1917311,DDD,2014J,01 October 2023,31 October 2023
1925789,DDD,2014J,01 October 2023,31 October 2023
1935155,DDD,2014J,01 October 2023,31 October 2023
1986180,DDD,2014J,01 October 2023,31 October 2023
1991049,DDD,2014J,01 October 2023,31 October 2023
2001461,DDD,2014J,01 October 2023,31 October 2023
2008795,DDD,2014J,01 October 2023,31 October 2023
2024838,DDD,2014J,01 October 2023,31 October 2023
2025354,DDD,2014J,01 October 2023,31 October 2023
2025589,DDD,2014J,01 October 2023,31 October 2023
2031234,DDD,2014J,01 October 2023,31 October 2023
2038885,DDD,2014J,01 October 2023,31 October 2023
2043939,DDD,2014J,01 October 2023,31 October 2023
2055671,DDD,2014J,01 October 2023,31 October 2023
2057959,DDD,2014J,01 October 2023,31 October 2023
2075945,DDD,2014J,01 October 2023,31 October 2023
2098108,DDD,2014J,01 October 2023,31 October 2023
2106468,DDD,2014J,01 October 2023,31 October 2023
2111313,DDD,2014J,01 October 2023,31 October 2023
2142243,DDD,2014J,01 October 2023,31 October 2023
2143922,DDD,2014J,01 October 2023,31 October 2023
2150849,DDD,2014J,01 October 2023,31 October 2023
2172709,DDD,2014J,01 October 2023,31 October 2023
2189620,DDD,2014J,01 October 2023,31 October 2023
2196923,DDD,2014J,01 October 2023,31 October 2023
2201235,DDD,2014J,01 October 2023,31 October 2023
2204941,DDD,2014J,01 October 2023,31 October 2023
2205559,DDD,2014J,01 October 2023,31 October 2023
2224174,DDD,2014J,01 October 2023,31 October 2023
2226202,DDD,2014J,01 October 2023,31 October 2023
2231512,DDD,2014J,01 October 2023,31 October 2023
2232340,DDD,2014J,01 October 2023,31 October 2023
2235019,DDD,2014J,01 October 2023,31 October 2023
2257853,DDD,2014J,01 October 2023,31 October 2023
2260861,DDD,2014J,01 October 2023,31 October 2023
2269148,DDD,2014J,01 October 2023,31 October 2023
2278095,DDD,2014J,01 October 2023,31 October 2023
2279403,DDD,2014J,01 October 2023,31 October 2023
2285405,DDD,2014J,01 October 2023,31 October 2023
2290604,DDD,2014J,01 October 2023,31 October 2023
2307237,DDD,2014J,01 October 2023,31 October 2023
2310615,DDD,2014J,01 October 2023,31 October 2023
2317337,DDD,2014J,01 October 2023,31 October 2023
2328759,DDD,2014J,01 October 2023,31 October 2023
2337919,DDD,2014J,01 October 2023,31 October 2023
2339789,DDD,2014J,01 October 2023,31 October 2023
2341830,DDD,2014J,01 October 2023,31 October 2023
2345307,DDD,2014J,01 October 2023,31 October 2023
2348143,DDD,2014J,01 October 2023,31 October 2023
2355701,DDD,2014J,01 October 2023,31 October 2023
2357019,DDD,2014J,01 October 2023,31 October 2023
2369962,DDD,2014J,01 October 2023,31 October 2023
2391689,DDD,2014J,01 October 2023,31 October 2023
2396471,DDD,2014J,01 October 2023,31 October 2023
2396643,DDD,2014J,01 October 2023,31 October 2023
2398169,DDD,2014J,01 October 2023,31 October 2023
2418277,DDD,2014J,01 October 2023,31 October 2023
2423655,DDD,2014J,01 October 2023,31 October 2023
2432655,DDD,2014J,01 October 2023,31 October 2023
2433216,DDD,2014J,01 October 2023,31 October 2023
2452111,DDD,2014J,01 October 2023,31 October 2023
2459418,DDD,2014J,01 October 2023,31 October 2023
2471673,DDD,2014J,01 October 2023,31 October 2023
2471812,DDD,2014J,01 October 2023,31 October 2023
2476409,DDD,2014J,01 October 2023,31 October 2023
2481629,DDD,2014J,01 October 2023,31 October 2023
2482085,DDD,2014J,01 October 2023,31 October 2023
2484726,DDD,2014J,01 October 2023,31 October 2023
2488965,DDD,2014J,01 October 2023,31 October 2023
2494306,DDD,2014J,01 October 2023,31 October 2023
2499525,DDD,2014J,01 October 2023,31 October 2023
2507993,DDD,2014J,01 October 2023,31 October 2023
2509321,DDD,2014J,01 October 2023,31 October 2023
2516939,DDD,2014J,01 October 2023,31 October 2023
2517387,DDD,2014J,01 October 2023,31 October 2023
2524969,DDD,2014J,01 October 2023,31 October 2023
2525964,DDD,2014J,01 October 2023,31 October 2023
2527066,DDD,2014J,01 October 2023,31 October 2023
2533609,DDD,2014J,01 October 2023,31 October 2023
2542116,DDD,2014J,01 October 2023,31 October 2023
2546595,DDD,2014J,01 October 2023,31 October 2023
2558893,DDD,2014J,01 October 2023,31 October 2023
2560520,DDD,2014J,01 October 2023,31 October 2023
2570274,DDD,2014J,01 October 2023,31 October 2023
2572145,DDD,2014J,01 October 2023,31 October 2023
2574453,DDD,2014J,01 October 2023,31 October 2023
2590864,DDD,2014J,01 October 2023,31 October 2023
2600000,DDD,2014J,01 October 2023,31 October 2023
2605337,DDD,2014J,01 October 2023,31 October 2023
2612069,DDD,2014J,01 October 2023,31 October 2023
2612342,DDD,2014J,01 October 2023,31 October 2023
2615956,DDD,2014J,01 October 2023,31 October 2023
2635658,DDD,2014J,01 October 2023,31 October 2023
2639205,DDD,2014J,01 October 2023,31 October 2023
2639339,DDD,2014J,01 October 2023,31 October 2023
2641935,DDD,2014J,01 October 2023,31 October 2023
2643240,DDD,2014J,01 October 2023,31 October 2023
2650337,DDD,2014J,01 October 2023,31 October 2023
2653689,DDD,2014J,01 October 2023,31 October 2023
2662152,DDD,2014J,01 October 2023,31 October 2023
2672908,DDD,2014J,01 October 2023,31 October 2023
2675393,DDD,2014J,01 October 2023,31 October 2023
2677210,DDD,2014J,01 October 2023,31 October 2023
2678380,DDD,2014J,01 October 2023,31 October 2023
2680988,DDD,2014J,01 October 2023,31 October 2023
2681782,DDD,2014J,01 October 2023,31 October 2023
2684043,DDD,2014J,01 October 2023,31 October 2023
2685863,DDD,2014J,01 October 2023,31 October 2023
2689863,DDD,2014J,01 October 2023,31 October 2023
2698109,DDD,2014J,01 October 2023,31 October 2023
2716795,DDD,2014J,01 October 2023,31 October 2023
26915,EEE,2013J,01 October 2023,31 October 2023
32553,EEE,2013J,01 October 2023,31 October 2023
40508,EEE,2013J,01 October 2023,31 October 2023
43564,EEE,2013J,01 October 2023,31 October 2023
63112,EEE,2013J,01 October 2023,31 October 2023
66713,EEE,2013J,01 October 2023,31 October 2023
76579,EEE,2013J,01 October 2023,31 October 2023
88568,EEE,2013J,01 October 2023,31 October 2023
96873,EEE,2013J,01 October 2023,31 October 2023
100758,EEE,2013J,01 October 2023,31 October 2023
101414,EEE,2013J,01 October 2023,31 October 2023
110461,EEE,2013J,01 October 2023,31 October 2023
111383,EEE,2013J,01 October 2023,31 October 2023
113698,EEE,2013J,01 October 2023,31 October 2023
113824,EEE,2013J,01 October 2023,31 October 2023
117197,EEE,2013J,01 October 2023,31 October 2023
125619,EEE,2013J,01 October 2023,31 October 2023
128929,EEE,2013J,01 October 2023,31 October 2023
132123,EEE,2013J,01 October 2023,31 October 2023
140060,EEE,2013J,01 October 2023,31 October 2023
140518,EEE,2013J,01 October 2023,31 October 2023
143711,EEE,2013J,01 October 2023,31 October 2023
144448,EEE,2013J,01 October 2023,31 October 2023
146974,EEE,2013J,01 October 2023,31 October 2023
165509,EEE,2013J,01 October 2023,31 October 2023
171107,EEE,2013J,01 October 2023,31 October 2023
173710,EEE,2013J,01 October 2023,31 October 2023
173834,EEE,2013J,01 October 2023,31 October 2023
174010,EEE,2013J,01 October 2023,31 October 2023
176086,EEE,2013J,01 October 2023,31 October 2023
189629,EEE,2013J,01 October 2023,31 October 2023
195234,EEE,2013J,01 October 2023,31 October 2023
197730,EEE,2013J,01 October 2023,31 October 2023
200095,EEE,2013J,01 October 2023,31 October 2023
202677,EEE,2013J,01 October 2023,31 October 2023
227811,EEE,2013J,01 October 2023,31 October 2023
231673,EEE,2013J,01 October 2023,31 October 2023
233311,EEE,2013J,01 October 2023,31 October 2023
238249,EEE,2013J,01 October 2023,31 October 2023
245316,EEE,2013J,01 October 2023,31 October 2023
245605,EEE,2013J,01 October 2023,31 October 2023
246060,EEE,2013J,01 October 2023,31 October 2023
248734,EEE,2013J,01 October 2023,31 October 2023
250047,EEE,2013J,01 October 2023,31 October 2023
255449,EEE,2013J,01 October 2023,31 October 2023
259662,EEE,2013J,01 October 2023,31 October 2023
265769,EEE,2013J,01 October 2023,31 October 2023
269764,EEE,2013J,01 October 2023,31 October 2023
270638,EEE,2013J,01 October 2023,31 October 2023
275162,EEE,2013J,01 October 2023,31 October 2023
278786,EEE,2013J,01 October 2023,31 October 2023
280017,EEE,2013J,01 October 2023,31 October 2023
282585,EEE,2013J,01 October 2023,31 October 2023
283133,EEE,2013J,01 October 2023,31 October 2023
283811,EEE,2013J,01 October 2023,31 October 2023
286262,EEE,2013J,01 October 2023,31 October 2023
286527,EEE,2013J,01 October 2023,31 October 2023
288282,EEE,2013J,01 October 2023,31 October 2023
288769,EEE,2013J,01 October 2023,31 October 2023
297853,EEE,2013J,01 October 2023,31 October 2023
311845,EEE,2013J,01 October 2023,31 October 2023
313501,EEE,2013J,01 October 2023,31 October 2023
324332,EEE,2013J,01 October 2023,31 October 2023
328844,EEE,2013J,01 October 2023,31 October 2023
328942,EEE,2013J,01 October 2023,31 October 2023
330354,EEE,2013J,01 October 2023,31 October 2023
330530,EEE,2013J,01 October 2023,31 October 2023
330937,EEE,2013J,01 October 2023,31 October 2023
333493,EEE,2013J,01 October 2023,31 October 2023
333976,EEE,2013J,01 October 2023,31 October 2023
336277,EEE,2013J,01 October 2023,31 October 2023
336402,EEE,2013J,01 October 2023,31 October 2023
338894,EEE,2013J,01 October 2023,31 October 2023
339640,EEE,2013J,01 October 2023,31 October 2023
339785,EEE,2013J,01 October 2023,31 October 2023
342962,EEE,2013J,01 October 2023,31 October 2023
343543,EEE,2013J,01 October 2023,31 October 2023
344676,EEE,2013J,01 October 2023,31 October 2023
348655,EEE,2013J,01 October 2023,31 October 2023
348708,EEE,2013J,01 October 2023,31 October 2023
355205,EEE,2013J,01 October 2023,31 October 2023
356568,EEE,2013J,01 October 2023,31 October 2023
357493,EEE,2013J,01 October 2023,31 October 2023
359590,EEE,2013J,01 October 2023,31 October 2023
365222,EEE,2013J,01 October 2023,31 October 2023
365405,EEE,2013J,01 October 2023,31 October 2023
365762,EEE,2013J,01 October 2023,31 October 2023
369119,EEE,2013J,01 October 2023,31 October 2023
374192,EEE,2013J,01 October 2023,31 October 2023
374739,EEE,2013J,01 October 2023,31 October 2023
379528,EEE,2013J,01 October 2023,31 October 2023
384797,EEE,2013J,01 October 2023,31 October 2023
387537,EEE,2013J,01 October 2023,31 October 2023
387648,EEE,2013J,01 October 2023,31 October 2023
388252,EEE,2013J,01 October 2023,31 October 2023
388912,EEE,2013J,01 October 2023,31 October 2023
388923,EEE,2013J,01 October 2023,31 October 2023
392994,EEE,2013J,01 October 2023,31 October 2023
394060,EEE,2013J,01 October 2023,31 October 2023
397557,EEE,2013J,01 October 2023,31 October 2023
400208,EEE,2013J,01 October 2023,31 October 2023
402808,EEE,2013J,01 October 2023,31 October 2023
404050,EEE,2013J,01 October 2023,31 October 2023
404449,EEE,2013J,01 October 2023,31 October 2023
406121,EEE,2013J,01 October 2023,31 October 2023
406549,EEE,2013J,01 October 2023,31 October 2023
407876,EEE,2013J,01 October 2023,31 October 2023
411381,EEE,2013J,01 October 2023,31 October 2023
412911,EEE,2013J,01 October 2023,31 October 2023
413190,EEE,2013J,01 October 2023,31 October 2023
413702,EEE,2013J,01 October 2023,31 October 2023
416420,EEE,2013J,01 October 2023,31 October 2023
418900,EEE,2013J,01 October 2023,31 October 2023
419223,EEE,2013J,01 October 2023,31 October 2023
420173,EEE,2013J,01 October 2023,31 October 2023
425274,EEE,2013J,01 October 2023,31 October 2023
434759,EEE,2013J,01 October 2023,31 October 2023
435277,EEE,2013J,01 October 2023,31 October 2023
438283,EEE,2013J,01 October 2023,31 October 2023
440610,EEE,2013J,01 October 2023,31 October 2023
441858,EEE,2013J,01 October 2023,31 October 2023
442807,EEE,2013J,01 October 2023,31 October 2023
442937,EEE,2013J,01 October 2023,31 October 2023
443181,EEE,2013J,01 October 2023,31 October 2023
444403,EEE,2013J,01 October 2023,31 October 2023
444925,EEE,2013J,01 October 2023,31 October 2023
446324,EEE,2013J,01 October 2023,31 October 2023
446397,EEE,2013J,01 October 2023,31 October 2023
465392,EEE,2013J,01 October 2023,31 October 2023
465777,EEE,2013J,01 October 2023,31 October 2023
465845,EEE,2013J,01 October 2023,31 October 2023
466961,EEE,2013J,01 October 2023,31 October 2023
467302,EEE,2013J,01 October 2023,31 October 2023
467363,EEE,2013J,01 October 2023,31 October 2023
469959,EEE,2013J,01 October 2023,31 October 2023
470534,EEE,2013J,01 October 2023,31 October 2023
470674,EEE,2013J,01 October 2023,31 October 2023
472336,EEE,2013J,01 October 2023,31 October 2023
472857,EEE,2013J,01 October 2023,31 October 2023
473706,EEE,2013J,01 October 2023,31 October 2023
473739,EEE,2013J,01 October 2023,31 October 2023
473943,EEE,2013J,01 October 2023,31 October 2023
475370,EEE,2013J,01 October 2023,31 October 2023
475893,EEE,2013J,01 October 2023,31 October 2023
478435,EEE,2013J,01 October 2023,31 October 2023
481934,EEE,2013J,01 October 2023,31 October 2023
482012,EEE,2013J,01 October 2023,31 October 2023
482406,EEE,2013J,01 October 2023,31 October 2023
482726,EEE,2013J,01 October 2023,31 October 2023
483706,EEE,2013J,01 October 2023,31 October 2023
484361,EEE,2013J,01 October 2023,31 October 2023
485582,EEE,2013J,01 October 2023,31 October 2023
485898,EEE,2013J,01 October 2023,31 October 2023
485909,EEE,2013J,01 October 2023,31 October 2023
486545,EEE,2013J,01 October 2023,31 October 2023
486964,EEE,2013J,01 October 2023,31 October 2023
487588,EEE,2013J,01 October 2023,31 October 2023
487621,EEE,2013J,01 October 2023,31 October 2023
490327,EEE,2013J,01 October 2023,31 October 2023
491578,EEE,2013J,01 October 2023,31 October 2023
491771,EEE,2013J,01 October 2023,31 October 2023
493743,EEE,2013J,01 October 2023,31 October 2023
494383,EEE,2013J,01 October 2023,31 October 2023
495887,EEE,2013J,01 October 2023,31 October 2023
499400,EEE,2013J,01 October 2023,31 October 2023
499881,EEE,2013J,01 October 2023,31 October 2023
500779,EEE,2013J,01 October 2023,31 October 2023
501918,EEE,2013J,01 October 2023,31 October 2023
501921,EEE,2013J,01 October 2023,31 October 2023
502303,EEE,2013J,01 October 2023,31 October 2023
502393,EEE,2013J,01 October 2023,31 October 2023
502479,EEE,2013J,01 October 2023,31 October 2023
503015,EEE,2013J,01 October 2023,31 October 2023
504404,EEE,2013J,01 October 2023,31 October 2023
504492,EEE,2013J,01 October 2023,31 October 2023
505727,EEE,2013J,01 October 2023,31 October 2023
506504,EEE,2013J,01 October 2023,31 October 2023
506618,EEE,2013J,01 October 2023,31 October 2023
507300,EEE,2013J,01 October 2023,31 October 2023
507375,EEE,2013J,01 October 2023,31 October 2023
507844,EEE,2013J,01 October 2023,31 October 2023
509156,EEE,2013J,01 October 2023,31 October 2023
509402,EEE,2013J,01 October 2023,31 October 2023
510169,EEE,2013J,01 October 2023,31 October 2023
512693,EEE,2013J,01 October 2023,31 October 2023
514040,EEE,2013J,01 October 2023,31 October 2023
515821,EEE,2013J,01 October 2023,31 October 2023
516047,EEE,2013J,01 October 2023,31 October 2023
518805,EEE,2013J,01 October 2023,31 October 2023
518906,EEE,2013J,01 October 2023,31 October 2023
519258,EEE,2013J,01 October 2023,31 October 2023
520337,EEE,2013J,01 October 2023,31 October 2023
522994,EEE,2013J,01 October 2023,31 October 2023
523169,EEE,2013J,01 October 2023,31 October 2023
524631,EEE,2013J,01 October 2023,31 October 2023
525246,EEE,2013J,01 October 2023,31 October 2023
525703,EEE,2013J,01 October 2023,31 October 2023
526051,EEE,2013J,01 October 2023,31 October 2023
528961,EEE,2013J,01 October 2023,31 October 2023
529503,EEE,2013J,01 October 2023,31 October 2023
529509,EEE,2013J,01 October 2023,31 October 2023
530172,EEE,2013J,01 October 2023,31 October 2023
530360,EEE,2013J,01 October 2023,31 October 2023
530765,EEE,2013J,01 October 2023,31 October 2023
531097,EEE,2013J,01 October 2023,31 October 2023
534371,EEE,2013J,01 October 2023,31 October 2023
537929,EEE,2013J,01 October 2023,31 October 2023
538040,EEE,2013J,01 October 2023,31 October 2023
539063,EEE,2013J,01 October 2023,31 October 2023
539775,EEE,2013J,01 October 2023,31 October 2023
539990,EEE,2013J,01 October 2023,31 October 2023
541174,EEE,2013J,01 October 2023,31 October 2023
543474,EEE,2013J,01 October 2023,31 October 2023
543576,EEE,2013J,01 October 2023,31 October 2023
544383,EEE,2013J,01 October 2023,31 October 2023
546604,EEE,2013J,01 October 2023,31 October 2023
547173,EEE,2013J,01 October 2023,31 October 2023
547424,EEE,2013J,01 October 2023,31 October 2023
548861,EEE,2013J,01 October 2023,31 October 2023
548992,EEE,2013J,01 October 2023,31 October 2023
548994,EEE,2013J,01 October 2023,31 October 2023
549139,EEE,2013J,01 October 2023,31 October 2023
549262,EEE,2013J,01 October 2023,31 October 2023
549681,EEE,2013J,01 October 2023,31 October 2023
549960,EEE,2013J,01 October 2023,31 October 2023
550025,EEE,2013J,01 October 2023,31 October 2023
550059,EEE,2013J,01 October 2023,31 October 2023
551017,EEE,2013J,01 October 2023,31 October 2023
551182,EEE,2013J,01 October 2023,31 October 2023
551430,EEE,2013J,01 October 2023,31 October 2023
552485,EEE,2013J,01 October 2023,31 October 2023
552795,EEE,2013J,01 October 2023,31 October 2023
553943,EEE,2013J,01 October 2023,31 October 2023
554052,EEE,2013J,01 October 2023,31 October 2023
554132,EEE,2013J,01 October 2023,31 October 2023
554235,EEE,2013J,01 October 2023,31 October 2023
554999,EEE,2013J,01 October 2023,31 October 2023
555020,EEE,2013J,01 October 2023,31 October 2023
555228,EEE,2013J,01 October 2023,31 October 2023
555447,EEE,2013J,01 October 2023,31 October 2023
555925,EEE,2013J,01 October 2023,31 October 2023
556177,EEE,2013J,01 October 2023,31 October 2023
556211,EEE,2013J,01 October 2023,31 October 2023
556231,EEE,2013J,01 October 2023,31 October 2023
556742,EEE,2013J,01 October 2023,31 October 2023
557147,EEE,2013J,01 October 2023,31 October 2023
557415,EEE,2013J,01 October 2023,31 October 2023
557490,EEE,2013J,01 October 2023,31 October 2023
558054,EEE,2013J,01 October 2023,31 October 2023
559519,EEE,2013J,01 October 2023,31 October 2023
559551,EEE,2013J,01 October 2023,31 October 2023
559617,EEE,2013J,01 October 2023,31 October 2023
559645,EEE,2013J,01 October 2023,31 October 2023
559758,EEE,2013J,01 October 2023,31 October 2023
560326,EEE,2013J,01 October 2023,31 October 2023
560502,EEE,2013J,01 October 2023,31 October 2023
560734,EEE,2013J,01 October 2023,31 October 2023
560876,EEE,2013J,01 October 2023,31 October 2023
560924,EEE,2013J,01 October 2023,31 October 2023
560928,EEE,2013J,01 October 2023,31 October 2023
561054,EEE,2013J,01 October 2023,31 October 2023
561192,EEE,2013J,01 October 2023,31 October 2023
561519,EEE,2013J,01 October 2023,31 October 2023
561740,EEE,2013J,01 October 2023,31 October 2023
561787,EEE,2013J,01 October 2023,31 October 2023
562315,EEE,2013J,01 October 2023,31 October 2023
562675,EEE,2013J,01 October 2023,31 October 2023
563418,EEE,2013J,01 October 2023,31 October 2023
563666,EEE,2013J,01 October 2023,31 October 2023
563990,EEE,2013J,01 October 2023,31 October 2023
564894,EEE,2013J,01 October 2023,31 October 2023
565561,EEE,2013J,01 October 2023,31 October 2023
566071,EEE,2013J,01 October 2023,31 October 2023
566201,EEE,2013J,01 October 2023,31 October 2023
566306,EEE,2013J,01 October 2023,31 October 2023
566970,EEE,2013J,01 October 2023,31 October 2023
567752,EEE,2013J,01 October 2023,31 October 2023
567779,EEE,2013J,01 October 2023,31 October 2023
567892,EEE,2013J,01 October 2023,31 October 2023
567950,EEE,2013J,01 October 2023,31 October 2023
568751,EEE,2013J,01 October 2023,31 October 2023
568813,EEE,2013J,01 October 2023,31 October 2023
569358,EEE,2013J,01 October 2023,31 October 2023
569560,EEE,2013J,01 October 2023,31 October 2023
569694,EEE,2013J,01 October 2023,31 October 2023
570414,EEE,2013J,01 October 2023,31 October 2023
570448,EEE,2013J,01 October 2023,31 October 2023
570626,EEE,2013J,01 October 2023,31 October 2023
571186,EEE,2013J,01 October 2023,31 October 2023
571443,EEE,2013J,01 October 2023,31 October 2023
571448,EEE,2013J,01 October 2023,31 October 2023
571617,EEE,2013J,01 October 2023,31 October 2023
571620,EEE,2013J,01 October 2023,31 October 2023
571686,EEE,2013J,01 October 2023,31 October 2023
571710,EEE,2013J,01 October 2023,31 October 2023
571711,EEE,2013J,01 October 2023,31 October 2023
571754,EEE,2013J,01 October 2023,31 October 2023
571818,EEE,2013J,01 October 2023,31 October 2023
571963,EEE,2013J,01 October 2023,31 October 2023
572021,EEE,2013J,01 October 2023,31 October 2023
572024,EEE,2013J,01 October 2023,31 October 2023
572080,EEE,2013J,01 October 2023,31 October 2023
572146,EEE,2013J,01 October 2023,31 October 2023
572168,EEE,2013J,01 October 2023,31 October 2023
572186,EEE,2013J,01 October 2023,31 October 2023
572403,EEE,2013J,01 October 2023,31 October 2023
572515,EEE,2013J,01 October 2023,31 October 2023
572602,EEE,2013J,01 October 2023,31 October 2023
572658,EEE,2013J,01 October 2023,31 October 2023
572944,EEE,2013J,01 October 2023,31 October 2023
573110,EEE,2013J,01 October 2023,31 October 2023
573200,EEE,2013J,01 October 2023,31 October 2023
573214,EEE,2013J,01 October 2023,31 October 2023
573242,EEE,2013J,01 October 2023,31 October 2023
573244,EEE,2013J,01 October 2023,31 October 2023
573292,EEE,2013J,01 October 2023,31 October 2023
573336,EEE,2013J,01 October 2023,31 October 2023
573547,EEE,2013J,01 October 2023,31 October 2023
573550,EEE,2013J,01 October 2023,31 October 2023
573593,EEE,2013J,01 October 2023,31 October 2023
573944,EEE,2013J,01 October 2023,31 October 2023
574038,EEE,2013J,01 October 2023,31 October 2023
574101,EEE,2013J,01 October 2023,31 October 2023
574399,EEE,2013J,01 October 2023,31 October 2023
574608,EEE,2013J,01 October 2023,31 October 2023
574670,EEE,2013J,01 October 2023,31 October 2023
574888,EEE,2013J,01 October 2023,31 October 2023
574983,EEE,2013J,01 October 2023,31 October 2023
575208,EEE,2013J,01 October 2023,31 October 2023
575241,EEE,2013J,01 October 2023,31 October 2023
575318,EEE,2013J,01 October 2023,31 October 2023
575336,EEE,2013J,01 October 2023,31 October 2023
575343,EEE,2013J,01 October 2023,31 October 2023
575401,EEE,2013J,01 October 2023,31 October 2023
575469,EEE,2013J,01 October 2023,31 October 2023
575601,EEE,2013J,01 October 2023,31 October 2023
575762,EEE,2013J,01 October 2023,31 October 2023
575764,EEE,2013J,01 October 2023,31 October 2023
576036,EEE,2013J,01 October 2023,31 October 2023
576202,EEE,2013J,01 October 2023,31 October 2023
576292,EEE,2013J,01 October 2023,31 October 2023
576298,EEE,2013J,01 October 2023,31 October 2023
576301,EEE,2013J,01 October 2023,31 October 2023
576405,EEE,2013J,01 October 2023,31 October 2023
576409,EEE,2013J,01 October 2023,31 October 2023
576481,EEE,2013J,01 October 2023,31 October 2023
576606,EEE,2013J,01 October 2023,31 October 2023
576631,EEE,2013J,01 October 2023,31 October 2023
576750,EEE,2013J,01 October 2023,31 October 2023
576834,EEE,2013J,01 October 2023,31 October 2023
576909,EEE,2013J,01 October 2023,31 October 2023
576962,EEE,2013J,01 October 2023,31 October 2023
577560,EEE,2013J,01 October 2023,31 October 2023
577735,EEE,2013J,01 October 2023,31 October 2023
577784,EEE,2013J,01 October 2023,31 October 2023
577887,EEE,2013J,01 October 2023,31 October 2023
577995,EEE,2013J,01 October 2023,31 October 2023
578056,EEE,2013J,01 October 2023,31 October 2023
578438,EEE,2013J,01 October 2023,31 October 2023
578472,EEE,2013J,01 October 2023,31 October 2023
578623,EEE,2013J,01 October 2023,31 October 2023
578654,EEE,2013J,01 October 2023,31 October 2023
578722,EEE,2013J,01 October 2023,31 October 2023
578725,EEE,2013J,01 October 2023,31 October 2023
578736,EEE,2013J,01 October 2023,31 October 2023
579011,EEE,2013J,01 October 2023,31 October 2023
579098,EEE,2013J,01 October 2023,31 October 2023
579130,EEE,2013J,01 October 2023,31 October 2023
579199,EEE,2013J,01 October 2023,31 October 2023
579206,EEE,2013J,01 October 2023,31 October 2023
579499,EEE,2013J,01 October 2023,31 October 2023
579604,EEE,2013J,01 October 2023,31 October 2023
579723,EEE,2013J,01 October 2023,31 October 2023
580372,EEE,2013J,01 October 2023,31 October 2023
580719,EEE,2013J,01 October 2023,31 October 2023
580774,EEE,2013J,01 October 2023,31 October 2023
580970,EEE,2013J,01 October 2023,31 October 2023
581011,EEE,2013J,01 October 2023,31 October 2023
581047,EEE,2013J,01 October 2023,31 October 2023
581234,EEE,2013J,01 October 2023,31 October 2023
581340,EEE,2013J,01 October 2023,31 October 2023
581438,EEE,2013J,01 October 2023,31 October 2023
581439,EEE,2013J,01 October 2023,31 October 2023
581453,EEE,2013J,01 October 2023,31 October 2023
581533,EEE,2013J,01 October 2023,31 October 2023
581716,EEE,2013J,01 October 2023,31 October 2023
582170,EEE,2013J,01 October 2023,31 October 2023
582768,EEE,2013J,01 October 2023,31 October 2023
582913,EEE,2013J,01 October 2023,31 October 2023
582983,EEE,2013J,01 October 2023,31 October 2023
583186,EEE,2013J,01 October 2023,31 October 2023
583427,EEE,2013J,01 October 2023,31 October 2023
583714,EEE,2013J,01 October 2023,31 October 2023
583833,EEE,2013J,01 October 2023,31 October 2023
583839,EEE,2013J,01 October 2023,31 October 2023
583844,EEE,2013J,01 October 2023,31 October 2023
583855,EEE,2013J,01 October 2023,31 October 2023
583933,EEE,2013J,01 October 2023,31 October 2023
584115,EEE,2013J,01 October 2023,31 October 2023
584444,EEE,2013J,01 October 2023,31 October 2023
584514,EEE,2013J,01 October 2023,31 October 2023
584567,EEE,2013J,01 October 2023,31 October 2023
584923,EEE,2013J,01 October 2023,31 October 2023
585056,EEE,2013J,01 October 2023,31 October 2023
585279,EEE,2013J,01 October 2023,31 October 2023
585471,EEE,2013J,01 October 2023,31 October 2023
585758,EEE,2013J,01 October 2023,31 October 2023
585837,EEE,2013J,01 October 2023,31 October 2023
586137,EEE,2013J,01 October 2023,31 October 2023
586236,EEE,2013J,01 October 2023,31 October 2023
586314,EEE,2013J,01 October 2023,31 October 2023
586587,EEE,2013J,01 October 2023,31 October 2023
586621,EEE,2013J,01 October 2023,31 October 2023
586979,EEE,2013J,01 October 2023,31 October 2023
587014,EEE,2013J,01 October 2023,31 October 2023
587226,EEE,2013J,01 October 2023,31 October 2023
587319,EEE,2013J,01 October 2023,31 October 2023
587346,EEE,2013J,01 October 2023,31 October 2023
587382,EEE,2013J,01 October 2023,31 October 2023
587616,EEE,2013J,01 October 2023,31 October 2023
587677,EEE,2013J,01 October 2023,31 October 2023
587682,EEE,2013J,01 October 2023,31 October 2023
587714,EEE,2013J,01 October 2023,31 October 2023
588231,EEE,2013J,01 October 2023,31 October 2023
588280,EEE,2013J,01 October 2023,31 October 2023
588442,EEE,2013J,01 October 2023,31 October 2023
588502,EEE,2013J,01 October 2023,31 October 2023
588583,EEE,2013J,01 October 2023,31 October 2023
588628,EEE,2013J,01 October 2023,31 October 2023
588706,EEE,2013J,01 October 2023,31 October 2023
588835,EEE,2013J,01 October 2023,31 October 2023
588852,EEE,2013J,01 October 2023,31 October 2023
588942,EEE,2013J,01 October 2023,31 October 2023
588974,EEE,2013J,01 October 2023,31 October 2023
589055,EEE,2013J,01 October 2023,31 October 2023
589211,EEE,2013J,01 October 2023,31 October 2023
589380,EEE,2013J,01 October 2023,31 October 2023
589472,EEE,2013J,01 October 2023,31 October 2023
589484,EEE,2013J,01 October 2023,31 October 2023
589506,EEE,2013J,01 October 2023,31 October 2023
589555,EEE,2013J,01 October 2023,31 October 2023
589799,EEE,2013J,01 October 2023,31 October 2023
589856,EEE,2013J,01 October 2023,31 October 2023
589902,EEE,2013J,01 October 2023,31 October 2023
590017,EEE,2013J,01 October 2023,31 October 2023
590436,EEE,2013J,01 October 2023,31 October 2023
590882,EEE,2013J,01 October 2023,31 October 2023
590942,EEE,2013J,01 October 2023,31 October 2023
591021,EEE,2013J,01 October 2023,31 October 2023
591165,EEE,2013J,01 October 2023,31 October 2023
591178,EEE,2013J,01 October 2023,31 October 2023
591398,EEE,2013J,01 October 2023,31 October 2023
591424,EEE,2013J,01 October 2023,31 October 2023
591942,EEE,2013J,01 October 2023,31 October 2023
591944,EEE,2013J,01 October 2023,31 October 2023
591995,EEE,2013J,01 October 2023,31 October 2023
592003,EEE,2013J,01 October 2023,31 October 2023
592172,EEE,2013J,01 October 2023,31 October 2023
592250,EEE,2013J,01 October 2023,31 October 2023
592581,EEE,2013J,01 October 2023,31 October 2023
592791,EEE,2013J,01 October 2023,31 October 2023
592895,EEE,2013J,01 October 2023,31 October 2023
593348,EEE,2013J,01 October 2023,31 October 2023
593362,EEE,2013J,01 October 2023,31 October 2023
593400,EEE,2013J,01 October 2023,31 October 2023
593487,EEE,2013J,01 October 2023,31 October 2023
593534,EEE,2013J,01 October 2023,31 October 2023
593587,EEE,2013J,01 October 2023,31 October 2023
593845,EEE,2013J,01 October 2023,31 October 2023
593924,EEE,2013J,01 October 2023,31 October 2023
594233,EEE,2013J,01 October 2023,31 October 2023
594431,EEE,2013J,01 October 2023,31 October 2023
594452,EEE,2013J,01 October 2023,31 October 2023
594458,EEE,2013J,01 October 2023,31 October 2023
594517,EEE,2013J,01 October 2023,31 October 2023
594602,EEE,2013J,01 October 2023,31 October 2023
594755,EEE,2013J,01 October 2023,31 October 2023
594864,EEE,2013J,01 October 2023,31 October 2023
594976,EEE,2013J,01 October 2023,31 October 2023
595077,EEE,2013J,01 October 2023,31 October 2023
595100,EEE,2013J,01 October 2023,31 October 2023
595244,EEE,2013J,01 October 2023,31 October 2023
595362,EEE,2013J,01 October 2023,31 October 2023
595453,EEE,2013J,01 October 2023,31 October 2023
595515,EEE,2013J,01 October 2023,31 October 2023
595990,EEE,2013J,01 October 2023,31 October 2023
596002,EEE,2013J,01 October 2023,31 October 2023
596137,EEE,2013J,01 October 2023,31 October 2023
596319,EEE,2013J,01 October 2023,31 October 2023
596361,EEE,2013J,01 October 2023,31 October 2023
596404,EEE,2013J,01 October 2023,31 October 2023
596526,EEE,2013J,01 October 2023,31 October 2023
596614,EEE,2013J,01 October 2023,31 October 2023
596676,EEE,2013J,01 October 2023,31 October 2023
597206,EEE,2013J,01 October 2023,31 October 2023
597335,EEE,2013J,01 October 2023,31 October 2023
597376,EEE,2013J,01 October 2023,31 October 2023
597459,EEE,2013J,01 October 2023,31 October 2023
597573,EEE,2013J,01 October 2023,31 October 2023
598547,EEE,2013J,01 October 2023,31 October 2023
598809,EEE,2013J,01 October 2023,31 October 2023
598819,EEE,2013J,01 October 2023,31 October 2023
598821,EEE,2013J,01 October 2023,31 October 2023
598973,EEE,2013J,01 October 2023,31 October 2023
599284,EEE,2013J,01 October 2023,31 October 2023
599478,EEE,2013J,01 October 2023,31 October 2023
599479,EEE,2013J,01 October 2023,31 October 2023
599520,EEE,2013J,01 October 2023,31 October 2023
599588,EEE,2013J,01 October 2023,31 October 2023
599768,EEE,2013J,01 October 2023,31 October 2023
599982,EEE,2013J,01 October 2023,31 October 2023
600071,EEE,2013J,01 October 2023,31 October 2023
600077,EEE,2013J,01 October 2023,31 October 2023
600127,EEE,2013J,01 October 2023,31 October 2023
600187,EEE,2013J,01 October 2023,31 October 2023
600198,EEE,2013J,01 October 2023,31 October 2023
600623,EEE,2013J,01 October 2023,31 October 2023
600816,EEE,2013J,01 October 2023,31 October 2023
600916,EEE,2013J,01 October 2023,31 October 2023
600978,EEE,2013J,01 October 2023,31 October 2023
601157,EEE,2013J,01 October 2023,31 October 2023
601182,EEE,2013J,01 October 2023,31 October 2023
601223,EEE,2013J,01 October 2023,31 October 2023
601248,EEE,2013J,01 October 2023,31 October 2023
601370,EEE,2013J,01 October 2023,31 October 2023
601407,EEE,2013J,01 October 2023,31 October 2023
601433,EEE,2013J,01 October 2023,31 October 2023
601827,EEE,2013J,01 October 2023,31 October 2023
601873,EEE,2013J,01 October 2023,31 October 2023
602007,EEE,2013J,01 October 2023,31 October 2023
602037,EEE,2013J,01 October 2023,31 October 2023
602233,EEE,2013J,01 October 2023,31 October 2023
602244,EEE,2013J,01 October 2023,31 October 2023
602268,EEE,2013J,01 October 2023,31 October 2023
602275,EEE,2013J,01 October 2023,31 October 2023
602389,EEE,2013J,01 October 2023,31 October 2023
602424,EEE,2013J,01 October 2023,31 October 2023
602659,EEE,2013J,01 October 2023,31 October 2023
602663,EEE,2013J,01 October 2023,31 October 2023
602816,EEE,2013J,01 October 2023,31 October 2023
602944,EEE,2013J,01 October 2023,31 October 2023
603309,EEE,2013J,01 October 2023,31 October 2023
603357,EEE,2013J,01 October 2023,31 October 2023
603455,EEE,2013J,01 October 2023,31 October 2023
603565,EEE,2013J,01 October 2023,31 October 2023
604050,EEE,2013J,01 October 2023,31 October 2023
604378,EEE,2013J,01 October 2023,31 October 2023
604393,EEE,2013J,01 October 2023,31 October 2023
604685,EEE,2013J,01 October 2023,31 October 2023
604875,EEE,2013J,01 October 2023,31 October 2023
605262,EEE,2013J,01 October 2023,31 October 2023
605361,EEE,2013J,01 October 2023,31 October 2023
605480,EEE,2013J,01 October 2023,31 October 2023
605587,EEE,2013J,01 October 2023,31 October 2023
605908,EEE,2013J,01 October 2023,31 October 2023
606047,EEE,2013J,01 October 2023,31 October 2023
606190,EEE,2013J,01 October 2023,31 October 2023
606303,EEE,2013J,01 October 2023,31 October 2023
606373,EEE,2013J,01 October 2023,31 October 2023
606606,EEE,2013J,01 October 2023,31 October 2023
606743,EEE,2013J,01 October 2023,31 October 2023
606918,EEE,2013J,01 October 2023,31 October 2023
607178,EEE,2013J,01 October 2023,31 October 2023
607814,EEE,2013J,01 October 2023,31 October 2023
607883,EEE,2013J,01 October 2023,31 October 2023
608024,EEE,2013J,01 October 2023,31 October 2023
608459,EEE,2013J,01 October 2023,31 October 2023
608591,EEE,2013J,01 October 2023,31 October 2023
608744,EEE,2013J,01 October 2023,31 October 2023
608884,EEE,2013J,01 October 2023,31 October 2023
608967,EEE,2013J,01 October 2023,31 October 2023
609490,EEE,2013J,01 October 2023,31 October 2023
609583,EEE,2013J,01 October 2023,31 October 2023
609682,EEE,2013J,01 October 2023,31 October 2023
609748,EEE,2013J,01 October 2023,31 October 2023
610025,EEE,2013J,01 October 2023,31 October 2023
610143,EEE,2013J,01 October 2023,31 October 2023
610188,EEE,2013J,01 October 2023,31 October 2023
610453,EEE,2013J,01 October 2023,31 October 2023
610503,EEE,2013J,01 October 2023,31 October 2023
610695,EEE,2013J,01 October 2023,31 October 2023
610855,EEE,2013J,01 October 2023,31 October 2023
610873,EEE,2013J,01 October 2023,31 October 2023
610888,EEE,2013J,01 October 2023,31 October 2023
610979,EEE,2013J,01 October 2023,31 October 2023
611049,EEE,2013J,01 October 2023,31 October 2023
611202,EEE,2013J,01 October 2023,31 October 2023
611206,EEE,2013J,01 October 2023,31 October 2023
611344,EEE,2013J,01 October 2023,31 October 2023
611405,EEE,2013J,01 October 2023,31 October 2023
611561,EEE,2013J,01 October 2023,31 October 2023
611564,EEE,2013J,01 October 2023,31 October 2023
611565,EEE,2013J,01 October 2023,31 October 2023
611639,EEE,2013J,01 October 2023,31 October 2023
612048,EEE,2013J,01 October 2023,31 October 2023
612191,EEE,2013J,01 October 2023,31 October 2023
612199,EEE,2013J,01 October 2023,31 October 2023
965763,EEE,2013J,01 October 2023,31 October 2023
991843,EEE,2013J,01 October 2023,31 October 2023
1053702,EEE,2013J,01 October 2023,31 October 2023
1400592,EEE,2013J,01 October 2023,31 October 2023
1487084,EEE,2013J,01 October 2023,31 October 2023
1529371,EEE,2013J,01 October 2023,31 October 2023
1567505,EEE,2013J,01 October 2023,31 October 2023
1622944,EEE,2013J,01 October 2023,31 October 2023
1667346,EEE,2013J,01 October 2023,31 October 2023
1725109,EEE,2013J,01 October 2023,31 October 2023
1762336,EEE,2013J,01 October 2023,31 October 2023
1837015,EEE,2013J,01 October 2023,31 October 2023
1861793,EEE,2013J,01 October 2023,31 October 2023
1915408,EEE,2013J,01 October 2023,31 October 2023
1951925,EEE,2013J,01 October 2023,31 October 2023
1954230,EEE,2013J,01 October 2023,31 October 2023
1991903,EEE,2013J,01 October 2023,31 October 2023
1993955,EEE,2013J,01 October 2023,31 October 2023
1994610,EEE,2013J,01 October 2023,31 October 2023
1995239,EEE,2013J,01 October 2023,31 October 2023
1995532,EEE,2013J,01 October 2023,31 October 2023
2028474,EEE,2013J,01 October 2023,31 October 2023
2033951,EEE,2013J,01 October 2023,31 October 2023
2046324,EEE,2013J,01 October 2023,31 October 2023
2115680,EEE,2013J,01 October 2023,31 October 2023
2128283,EEE,2013J,01 October 2023,31 October 2023
2137413,EEE,2013J,01 October 2023,31 October 2023
2187588,EEE,2013J,01 October 2023,31 October 2023
2199455,EEE,2013J,01 October 2023,31 October 2023
2255516,EEE,2013J,01 October 2023,31 October 2023
2274938,EEE,2013J,01 October 2023,31 October 2023
2326597,EEE,2013J,01 October 2023,31 October 2023
2331750,EEE,2013J,01 October 2023,31 October 2023
2408307,EEE,2013J,01 October 2023,31 October 2023
2435050,EEE,2013J,01 October 2023,31 October 2023
2435726,EEE,2013J,01 October 2023,31 October 2023
2474006,EEE,2013J,01 October 2023,31 October 2023
2474995,EEE,2013J,01 October 2023,31 October 2023
2487990,EEE,2013J,01 October 2023,31 October 2023
2505299,EEE,2013J,01 October 2023,31 October 2023
2513333,EEE,2013J,01 October 2023,31 October 2023
2518880,EEE,2013J,01 October 2023,31 October 2023
2537898,EEE,2013J,01 October 2023,31 October 2023
2541992,EEE,2013J,01 October 2023,31 October 2023
2542645,EEE,2013J,01 October 2023,31 October 2023
2562704,EEE,2013J,01 October 2023,31 October 2023
2590189,EEE,2013J,01 October 2023,31 October 2023
2598509,EEE,2013J,01 October 2023,31 October 2023
2607824,EEE,2013J,01 October 2023,31 October 2023
2608828,EEE,2013J,01 October 2023,31 October 2023
2610857,EEE,2013J,01 October 2023,31 October 2023
2614546,EEE,2013J,01 October 2023,31 October 2023
2623960,EEE,2013J,01 October 2023,31 October 2023
2625693,EEE,2013J,01 October 2023,31 October 2023
2641254,EEE,2013J,01 October 2023,31 October 2023
2641364,EEE,2013J,01 October 2023,31 October 2023
2657915,EEE,2013J,01 October 2023,31 October 2023
2670012,EEE,2013J,01 October 2023,31 October 2023
2681277,EEE,2013J,01 October 2023,31 October 2023
25150,EEE,2014B,01 October 2023,31 October 2023
27780,EEE,2014B,01 October 2023,31 October 2023
35340,EEE,2014B,01 October 2023,31 October 2023
70537,EEE,2014B,01 October 2023,31 October 2023
121574,EEE,2014B,01 October 2023,31 October 2023
128971,EEE,2014B,01 October 2023,31 October 2023
148282,EEE,2014B,01 October 2023,31 October 2023
156594,EEE,2014B,01 October 2023,31 October 2023
158831,EEE,2014B,01 October 2023,31 October 2023
165376,EEE,2014B,01 October 2023,31 October 2023
170936,EEE,2014B,01 October 2023,31 October 2023
171334,EEE,2014B,01 October 2023,31 October 2023
174512,EEE,2014B,01 October 2023,31 October 2023
182400,EEE,2014B,01 October 2023,31 October 2023
186476,EEE,2014B,01 October 2023,31 October 2023
188260,EEE,2014B,01 October 2023,31 October 2023
231019,EEE,2014B,01 October 2023,31 October 2023
234559,EEE,2014B,01 October 2023,31 October 2023
244166,EEE,2014B,01 October 2023,31 October 2023
267961,EEE,2014B,01 October 2023,31 October 2023
274218,EEE,2014B,01 October 2023,31 October 2023
293670,EEE,2014B,01 October 2023,31 October 2023
303774,EEE,2014B,01 October 2023,31 October 2023
335355,EEE,2014B,01 October 2023,31 October 2023
353368,EEE,2014B,01 October 2023,31 October 2023
353953,EEE,2014B,01 October 2023,31 October 2023
359728,EEE,2014B,01 October 2023,31 October 2023
368306,EEE,2014B,01 October 2023,31 October 2023
380921,EEE,2014B,01 October 2023,31 October 2023
382432,EEE,2014B,01 October 2023,31 October 2023
382910,EEE,2014B,01 October 2023,31 October 2023
383239,EEE,2014B,01 October 2023,31 October 2023
393488,EEE,2014B,01 October 2023,31 October 2023
407428,EEE,2014B,01 October 2023,31 October 2023
410810,EEE,2014B,01 October 2023,31 October 2023
413891,EEE,2014B,01 October 2023,31 October 2023
417547,EEE,2014B,01 October 2023,31 October 2023
420333,EEE,2014B,01 October 2023,31 October 2023
422341,EEE,2014B,01 October 2023,31 October 2023
424978,EEE,2014B,01 October 2023,31 October 2023
437971,EEE,2014B,01 October 2023,31 October 2023
441852,EEE,2014B,01 October 2023,31 October 2023
443948,EEE,2014B,01 October 2023,31 October 2023
444197,EEE,2014B,01 October 2023,31 October 2023
444349,EEE,2014B,01 October 2023,31 October 2023
446077,EEE,2014B,01 October 2023,31 October 2023
447235,EEE,2014B,01 October 2023,31 October 2023
469861,EEE,2014B,01 October 2023,31 October 2023
474674,EEE,2014B,01 October 2023,31 October 2023
475497,EEE,2014B,01 October 2023,31 October 2023
478791,EEE,2014B,01 October 2023,31 October 2023
486836,EEE,2014B,01 October 2023,31 October 2023
487239,EEE,2014B,01 October 2023,31 October 2023
488828,EEE,2014B,01 October 2023,31 October 2023
491570,EEE,2014B,01 October 2023,31 October 2023
492403,EEE,2014B,01 October 2023,31 October 2023
494427,EEE,2014B,01 October 2023,31 October 2023
494872,EEE,2014B,01 October 2023,31 October 2023
497361,EEE,2014B,01 October 2023,31 October 2023
497580,EEE,2014B,01 October 2023,31 October 2023
498261,EEE,2014B,01 October 2023,31 October 2023
502640,EEE,2014B,01 October 2023,31 October 2023
504062,EEE,2014B,01 October 2023,31 October 2023
504652,EEE,2014B,01 October 2023,31 October 2023
504728,EEE,2014B,01 October 2023,31 October 2023
505333,EEE,2014B,01 October 2023,31 October 2023
505855,EEE,2014B,01 October 2023,31 October 2023
510545,EEE,2014B,01 October 2023,31 October 2023
511199,EEE,2014B,01 October 2023,31 October 2023
513211,EEE,2014B,01 October 2023,31 October 2023
513672,EEE,2014B,01 October 2023,31 October 2023
516728,EEE,2014B,01 October 2023,31 October 2023
520824,EEE,2014B,01 October 2023,31 October 2023
529304,EEE,2014B,01 October 2023,31 October 2023
531845,EEE,2014B,01 October 2023,31 October 2023
532570,EEE,2014B,01 October 2023,31 October 2023
536996,EEE,2014B,01 October 2023,31 October 2023
538102,EEE,2014B,01 October 2023,31 October 2023
541999,EEE,2014B,01 October 2023,31 October 2023
542524,EEE,2014B,01 October 2023,31 October 2023
544295,EEE,2014B,01 October 2023,31 October 2023
547100,EEE,2014B,01 October 2023,31 October 2023
549401,EEE,2014B,01 October 2023,31 October 2023
550197,EEE,2014B,01 October 2023,31 October 2023
550357,EEE,2014B,01 October 2023,31 October 2023
552067,EEE,2014B,01 October 2023,31 October 2023
553914,EEE,2014B,01 October 2023,31 October 2023
554988,EEE,2014B,01 October 2023,31 October 2023
555022,EEE,2014B,01 October 2023,31 October 2023
555756,EEE,2014B,01 October 2023,31 October 2023
558342,EEE,2014B,01 October 2023,31 October 2023
558492,EEE,2014B,01 October 2023,31 October 2023
561271,EEE,2014B,01 October 2023,31 October 2023
563902,EEE,2014B,01 October 2023,31 October 2023
566337,EEE,2014B,01 October 2023,31 October 2023
566422,EEE,2014B,01 October 2023,31 October 2023
569620,EEE,2014B,01 October 2023,31 October 2023
571789,EEE,2014B,01 October 2023,31 October 2023
571946,EEE,2014B,01 October 2023,31 October 2023
572249,EEE,2014B,01 October 2023,31 October 2023
573072,EEE,2014B,01 October 2023,31 October 2023
575473,EEE,2014B,01 October 2023,31 October 2023
575777,EEE,2014B,01 October 2023,31 October 2023
577562,EEE,2014B,01 October 2023,31 October 2023
581257,EEE,2014B,01 October 2023,31 October 2023
581269,EEE,2014B,01 October 2023,31 October 2023
582094,EEE,2014B,01 October 2023,31 October 2023
583968,EEE,2014B,01 October 2023,31 October 2023
584698,EEE,2014B,01 October 2023,31 October 2023
587323,EEE,2014B,01 October 2023,31 October 2023
589001,EEE,2014B,01 October 2023,31 October 2023
589033,EEE,2014B,01 October 2023,31 October 2023
589083,EEE,2014B,01 October 2023,31 October 2023
589260,EEE,2014B,01 October 2023,31 October 2023
589828,EEE,2014B,01 October 2023,31 October 2023
592080,EEE,2014B,01 October 2023,31 October 2023
592593,EEE,2014B,01 October 2023,31 October 2023
592666,EEE,2014B,01 October 2023,31 October 2023
593733,EEE,2014B,01 October 2023,31 October 2023
593941,EEE,2014B,01 October 2023,31 October 2023
594131,EEE,2014B,01 October 2023,31 October 2023
594684,EEE,2014B,01 October 2023,31 October 2023
595808,EEE,2014B,01 October 2023,31 October 2023
596347,EEE,2014B,01 October 2023,31 October 2023
597909,EEE,2014B,01 October 2023,31 October 2023
599056,EEE,2014B,01 October 2023,31 October 2023
599554,EEE,2014B,01 October 2023,31 October 2023
600801,EEE,2014B,01 October 2023,31 October 2023
601211,EEE,2014B,01 October 2023,31 October 2023
601386,EEE,2014B,01 October 2023,31 October 2023
602721,EEE,2014B,01 October 2023,31 October 2023
603531,EEE,2014B,01 October 2023,31 October 2023
604172,EEE,2014B,01 October 2023,31 October 2023
604270,EEE,2014B,01 October 2023,31 October 2023
604337,EEE,2014B,01 October 2023,31 October 2023
604490,EEE,2014B,01 October 2023,31 October 2023
604502,EEE,2014B,01 October 2023,31 October 2023
604789,EEE,2014B,01 October 2023,31 October 2023
605136,EEE,2014B,01 October 2023,31 October 2023
606290,EEE,2014B,01 October 2023,31 October 2023
607570,EEE,2014B,01 October 2023,31 October 2023
608694,EEE,2014B,01 October 2023,31 October 2023
610927,EEE,2014B,01 October 2023,31 October 2023
611024,EEE,2014B,01 October 2023,31 October 2023
611502,EEE,2014B,01 October 2023,31 October 2023
611971,EEE,2014B,01 October 2023,31 October 2023
611999,EEE,2014B,01 October 2023,31 October 2023
613091,EEE,2014B,01 October 2023,31 October 2023
613213,EEE,2014B,01 October 2023,31 October 2023
613790,EEE,2014B,01 October 2023,31 October 2023
614234,EEE,2014B,01 October 2023,31 October 2023
614245,EEE,2014B,01 October 2023,31 October 2023
614754,EEE,2014B,01 October 2023,31 October 2023
615112,EEE,2014B,01 October 2023,31 October 2023
616700,EEE,2014B,01 October 2023,31 October 2023
616708,EEE,2014B,01 October 2023,31 October 2023
616927,EEE,2014B,01 October 2023,31 October 2023
616976,EEE,2014B,01 October 2023,31 October 2023
617309,EEE,2014B,01 October 2023,31 October 2023
617455,EEE,2014B,01 October 2023,31 October 2023
617531,EEE,2014B,01 October 2023,31 October 2023
618701,EEE,2014B,01 October 2023,31 October 2023
618768,EEE,2014B,01 October 2023,31 October 2023
619292,EEE,2014B,01 October 2023,31 October 2023
619369,EEE,2014B,01 October 2023,31 October 2023
619887,EEE,2014B,01 October 2023,31 October 2023
620260,EEE,2014B,01 October 2023,31 October 2023
620414,EEE,2014B,01 October 2023,31 October 2023
620434,EEE,2014B,01 October 2023,31 October 2023
620916,EEE,2014B,01 October 2023,31 October 2023
621853,EEE,2014B,01 October 2023,31 October 2023
622037,EEE,2014B,01 October 2023,31 October 2023
622280,EEE,2014B,01 October 2023,31 October 2023
622315,EEE,2014B,01 October 2023,31 October 2023
622609,EEE,2014B,01 October 2023,31 October 2023
623105,EEE,2014B,01 October 2023,31 October 2023
623111,EEE,2014B,01 October 2023,31 October 2023
623115,EEE,2014B,01 October 2023,31 October 2023
623184,EEE,2014B,01 October 2023,31 October 2023
623940,EEE,2014B,01 October 2023,31 October 2023
624034,EEE,2014B,01 October 2023,31 October 2023
624050,EEE,2014B,01 October 2023,31 October 2023
624153,EEE,2014B,01 October 2023,31 October 2023
624266,EEE,2014B,01 October 2023,31 October 2023
624384,EEE,2014B,01 October 2023,31 October 2023
625174,EEE,2014B,01 October 2023,31 October 2023
625861,EEE,2014B,01 October 2023,31 October 2023
625901,EEE,2014B,01 October 2023,31 October 2023
626022,EEE,2014B,01 October 2023,31 October 2023
626494,EEE,2014B,01 October 2023,31 October 2023
626749,EEE,2014B,01 October 2023,31 October 2023
626789,EEE,2014B,01 October 2023,31 October 2023
627390,EEE,2014B,01 October 2023,31 October 2023
627461,EEE,2014B,01 October 2023,31 October 2023
627961,EEE,2014B,01 October 2023,31 October 2023
628054,EEE,2014B,01 October 2023,31 October 2023
628686,EEE,2014B,01 October 2023,31 October 2023
628914,EEE,2014B,01 October 2023,31 October 2023
628959,EEE,2014B,01 October 2023,31 October 2023
629089,EEE,2014B,01 October 2023,31 October 2023
629202,EEE,2014B,01 October 2023,31 October 2023
629234,EEE,2014B,01 October 2023,31 October 2023
629283,EEE,2014B,01 October 2023,31 October 2023
629421,EEE,2014B,01 October 2023,31 October 2023
629506,EEE,2014B,01 October 2023,31 October 2023
629627,EEE,2014B,01 October 2023,31 October 2023
629753,EEE,2014B,01 October 2023,31 October 2023
629765,EEE,2014B,01 October 2023,31 October 2023
630120,EEE,2014B,01 October 2023,31 October 2023
630416,EEE,2014B,01 October 2023,31 October 2023
630696,EEE,2014B,01 October 2023,31 October 2023
630722,EEE,2014B,01 October 2023,31 October 2023
630980,EEE,2014B,01 October 2023,31 October 2023
631509,EEE,2014B,01 October 2023,31 October 2023
631807,EEE,2014B,01 October 2023,31 October 2023
632329,EEE,2014B,01 October 2023,31 October 2023
632376,EEE,2014B,01 October 2023,31 October 2023
632800,EEE,2014B,01 October 2023,31 October 2023
632883,EEE,2014B,01 October 2023,31 October 2023
632977,EEE,2014B,01 October 2023,31 October 2023
633107,EEE,2014B,01 October 2023,31 October 2023
633259,EEE,2014B,01 October 2023,31 October 2023
633304,EEE,2014B,01 October 2023,31 October 2023
633530,EEE,2014B,01 October 2023,31 October 2023
633605,EEE,2014B,01 October 2023,31 October 2023
634318,EEE,2014B,01 October 2023,31 October 2023
634869,EEE,2014B,01 October 2023,31 October 2023
996047,EEE,2014B,01 October 2023,31 October 2023
1410398,EEE,2014B,01 October 2023,31 October 2023
1457691,EEE,2014B,01 October 2023,31 October 2023
1500950,EEE,2014B,01 October 2023,31 October 2023
1573624,EEE,2014B,01 October 2023,31 October 2023
1618172,EEE,2014B,01 October 2023,31 October 2023
1661805,EEE,2014B,01 October 2023,31 October 2023
1663815,EEE,2014B,01 October 2023,31 October 2023
1664171,EEE,2014B,01 October 2023,31 October 2023
1683692,EEE,2014B,01 October 2023,31 October 2023
1700371,EEE,2014B,01 October 2023,31 October 2023
1763786,EEE,2014B,01 October 2023,31 October 2023
1789319,EEE,2014B,01 October 2023,31 October 2023
1839181,EEE,2014B,01 October 2023,31 October 2023
1861830,EEE,2014B,01 October 2023,31 October 2023
1863564,EEE,2014B,01 October 2023,31 October 2023
1878160,EEE,2014B,01 October 2023,31 October 2023
2002664,EEE,2014B,01 October 2023,31 October 2023
2198914,EEE,2014B,01 October 2023,31 October 2023
2249143,EEE,2014B,01 October 2023,31 October 2023
2295254,EEE,2014B,01 October 2023,31 October 2023
2359504,EEE,2014B,01 October 2023,31 October 2023
2364637,EEE,2014B,01 October 2023,31 October 2023
2388492,EEE,2014B,01 October 2023,31 October 2023
2434339,EEE,2014B,01 October 2023,31 October 2023
2455893,EEE,2014B,01 October 2023,31 October 2023
2472178,EEE,2014B,01 October 2023,31 October 2023
2492827,EEE,2014B,01 October 2023,31 October 2023
2520067,EEE,2014B,01 October 2023,31 October 2023
2554047,EEE,2014B,01 October 2023,31 October 2023
2577893,EEE,2014B,01 October 2023,31 October 2023
2595665,EEE,2014B,01 October 2023,31 October 2023
2600862,EEE,2014B,01 October 2023,31 October 2023
2613219,EEE,2014B,01 October 2023,31 October 2023
2619011,EEE,2014B,01 October 2023,31 October 2023
2632165,EEE,2014B,01 October 2023,31 October 2023
2642697,EEE,2014B,01 October 2023,31 October 2023
2647314,EEE,2014B,01 October 2023,31 October 2023
2662742,EEE,2014B,01 October 2023,31 October 2023
28770,EEE,2014J,01 October 2023,31 October 2023
46048,EEE,2014J,01 October 2023,31 October 2023
47061,EEE,2014J,01 October 2023,31 October 2023
62034,EEE,2014J,01 October 2023,31 October 2023
67539,EEE,2014J,01 October 2023,31 October 2023
70827,EEE,2014J,01 October 2023,31 October 2023
80358,EEE,2014J,01 October 2023,31 October 2023
89545,EEE,2014J,01 October 2023,31 October 2023
108281,EEE,2014J,01 October 2023,31 October 2023
108497,EEE,2014J,01 October 2023,31 October 2023
110789,EEE,2014J,01 October 2023,31 October 2023
121163,EEE,2014J,01 October 2023,31 October 2023
124304,EEE,2014J,01 October 2023,31 October 2023
126450,EEE,2014J,01 October 2023,31 October 2023
128817,EEE,2014J,01 October 2023,31 October 2023
131776,EEE,2014J,01 October 2023,31 October 2023
134212,EEE,2014J,01 October 2023,31 October 2023
135763,EEE,2014J,01 October 2023,31 October 2023
158708,EEE,2014J,01 October 2023,31 October 2023
159287,EEE,2014J,01 October 2023,31 October 2023
162210,EEE,2014J,01 October 2023,31 October 2023
164708,EEE,2014J,01 October 2023,31 October 2023
171843,EEE,2014J,01 October 2023,31 October 2023
173341,EEE,2014J,01 October 2023,31 October 2023
175940,EEE,2014J,01 October 2023,31 October 2023
177186,EEE,2014J,01 October 2023,31 October 2023
177472,EEE,2014J,01 October 2023,31 October 2023
189117,EEE,2014J,01 October 2023,31 October 2023
195252,EEE,2014J,01 October 2023,31 October 2023
195897,EEE,2014J,01 October 2023,31 October 2023
196132,EEE,2014J,01 October 2023,31 October 2023
202606,EEE,2014J,01 October 2023,31 October 2023
231017,EEE,2014J,01 October 2023,31 October 2023
233335,EEE,2014J,01 October 2023,31 October 2023
233685,EEE,2014J,01 October 2023,31 October 2023
236512,EEE,2014J,01 October 2023,31 October 2023
239908,EEE,2014J,01 October 2023,31 October 2023
241728,EEE,2014J,01 October 2023,31 October 2023
243926,EEE,2014J,01 October 2023,31 October 2023
247653,EEE,2014J,01 October 2023,31 October 2023
250159,EEE,2014J,01 October 2023,31 October 2023
269220,EEE,2014J,01 October 2023,31 October 2023
270764,EEE,2014J,01 October 2023,31 October 2023
270988,EEE,2014J,01 October 2023,31 October 2023
274967,EEE,2014J,01 October 2023,31 October 2023
285934,EEE,2014J,01 October 2023,31 October 2023
298148,EEE,2014J,01 October 2023,31 October 2023
299707,EEE,2014J,01 October 2023,31 October 2023
302363,EEE,2014J,01 October 2023,31 October 2023
307953,EEE,2014J,01 October 2023,31 October 2023
310968,EEE,2014J,01 October 2023,31 October 2023
318769,EEE,2014J,01 October 2023,31 October 2023
318855,EEE,2014J,01 October 2023,31 October 2023
332945,EEE,2014J,01 October 2023,31 October 2023
333637,EEE,2014J,01 October 2023,31 October 2023
337741,EEE,2014J,01 October 2023,31 October 2023
341010,EEE,2014J,01 October 2023,31 October 2023
342187,EEE,2014J,01 October 2023,31 October 2023
345288,EEE,2014J,01 October 2023,31 October 2023
346093,EEE,2014J,01 October 2023,31 October 2023
348288,EEE,2014J,01 October 2023,31 October 2023
355049,EEE,2014J,01 October 2023,31 October 2023
355617,EEE,2014J,01 October 2023,31 October 2023
356735,EEE,2014J,01 October 2023,31 October 2023
360266,EEE,2014J,01 October 2023,31 October 2023
364322,EEE,2014J,01 October 2023,31 October 2023
369713,EEE,2014J,01 October 2023,31 October 2023
369942,EEE,2014J,01 October 2023,31 October 2023
381185,EEE,2014J,01 October 2023,31 October 2023
381586,EEE,2014J,01 October 2023,31 October 2023
381983,EEE,2014J,01 October 2023,31 October 2023
390332,EEE,2014J,01 October 2023,31 October 2023
391301,EEE,2014J,01 October 2023,31 October 2023
391572,EEE,2014J,01 October 2023,31 October 2023
396674,EEE,2014J,01 October 2023,31 October 2023
398019,EEE,2014J,01 October 2023,31 October 2023
398413,EEE,2014J,01 October 2023,31 October 2023
401240,EEE,2014J,01 October 2023,31 October 2023
402295,EEE,2014J,01 October 2023,31 October 2023
402906,EEE,2014J,01 October 2023,31 October 2023
404200,EEE,2014J,01 October 2023,31 October 2023
404695,EEE,2014J,01 October 2023,31 October 2023
407731,EEE,2014J,01 October 2023,31 October 2023
408763,EEE,2014J,01 October 2023,31 October 2023
410587,EEE,2014J,01 October 2023,31 October 2023
410592,EEE,2014J,01 October 2023,31 October 2023
411619,EEE,2014J,01 October 2023,31 October 2023
418035,EEE,2014J,01 October 2023,31 October 2023
418216,EEE,2014J,01 October 2023,31 October 2023
423947,EEE,2014J,01 October 2023,31 October 2023
425858,EEE,2014J,01 October 2023,31 October 2023
432484,EEE,2014J,01 October 2023,31 October 2023
434347,EEE,2014J,01 October 2023,31 October 2023
434503,EEE,2014J,01 October 2023,31 October 2023
436213,EEE,2014J,01 October 2023,31 October 2023
441385,EEE,2014J,01 October 2023,31 October 2023
441895,EEE,2014J,01 October 2023,31 October 2023
442359,EEE,2014J,01 October 2023,31 October 2023
443200,EEE,2014J,01 October 2023,31 October 2023
443498,EEE,2014J,01 October 2023,31 October 2023
443701,EEE,2014J,01 October 2023,31 October 2023
444814,EEE,2014J,01 October 2023,31 October 2023
445049,EEE,2014J,01 October 2023,31 October 2023
447659,EEE,2014J,01 October 2023,31 October 2023
464957,EEE,2014J,01 October 2023,31 October 2023
466508,EEE,2014J,01 October 2023,31 October 2023
466892,EEE,2014J,01 October 2023,31 October 2023
469424,EEE,2014J,01 October 2023,31 October 2023
470461,EEE,2014J,01 October 2023,31 October 2023
472845,EEE,2014J,01 October 2023,31 October 2023
474290,EEE,2014J,01 October 2023,31 October 2023
476438,EEE,2014J,01 October 2023,31 October 2023
476497,EEE,2014J,01 October 2023,31 October 2023
480579,EEE,2014J,01 October 2023,31 October 2023
481787,EEE,2014J,01 October 2023,31 October 2023
481884,EEE,2014J,01 October 2023,31 October 2023
482030,EEE,2014J,01 October 2023,31 October 2023
483131,EEE,2014J,01 October 2023,31 October 2023
491664,EEE,2014J,01 October 2023,31 October 2023
494270,EEE,2014J,01 October 2023,31 October 2023
495429,EEE,2014J,01 October 2023,31 October 2023
501422,EEE,2014J,01 October 2023,31 October 2023
502548,EEE,2014J,01 October 2023,31 October 2023
507967,EEE,2014J,01 October 2023,31 October 2023
509780,EEE,2014J,01 October 2023,31 October 2023
510402,EEE,2014J,01 October 2023,31 October 2023
510435,EEE,2014J,01 October 2023,31 October 2023
515977,EEE,2014J,01 October 2023,31 October 2023
517094,EEE,2014J,01 October 2023,31 October 2023
521350,EEE,2014J,01 October 2023,31 October 2023
521541,EEE,2014J,01 October 2023,31 October 2023
522645,EEE,2014J,01 October 2023,31 October 2023
523804,EEE,2014J,01 October 2023,31 October 2023
525217,EEE,2014J,01 October 2023,31 October 2023
525625,EEE,2014J,01 October 2023,31 October 2023
529287,EEE,2014J,01 October 2023,31 October 2023
530087,EEE,2014J,01 October 2023,31 October 2023
532579,EEE,2014J,01 October 2023,31 October 2023
536984,EEE,2014J,01 October 2023,31 October 2023
540219,EEE,2014J,01 October 2023,31 October 2023
542279,EEE,2014J,01 October 2023,31 October 2023
543931,EEE,2014J,01 October 2023,31 October 2023
548807,EEE,2014J,01 October 2023,31 October 2023
550573,EEE,2014J,01 October 2023,31 October 2023
551117,EEE,2014J,01 October 2023,31 October 2023
553753,EEE,2014J,01 October 2023,31 October 2023
555051,EEE,2014J,01 October 2023,31 October 2023
557229,EEE,2014J,01 October 2023,31 October 2023
558509,EEE,2014J,01 October 2023,31 October 2023
559113,EEE,2014J,01 October 2023,31 October 2023
560707,EEE,2014J,01 October 2023,31 October 2023
560881,EEE,2014J,01 October 2023,31 October 2023
560921,EEE,2014J,01 October 2023,31 October 2023
560953,EEE,2014J,01 October 2023,31 October 2023
561413,EEE,2014J,01 October 2023,31 October 2023
563534,EEE,2014J,01 October 2023,31 October 2023
564445,EEE,2014J,01 October 2023,31 October 2023
564562,EEE,2014J,01 October 2023,31 October 2023
564734,EEE,2014J,01 October 2023,31 October 2023
565952,EEE,2014J,01 October 2023,31 October 2023
566279,EEE,2014J,01 October 2023,31 October 2023
567681,EEE,2014J,01 October 2023,31 October 2023
567926,EEE,2014J,01 October 2023,31 October 2023
569372,EEE,2014J,01 October 2023,31 October 2023
569953,EEE,2014J,01 October 2023,31 October 2023
570045,EEE,2014J,01 October 2023,31 October 2023
570273,EEE,2014J,01 October 2023,31 October 2023
570278,EEE,2014J,01 October 2023,31 October 2023
573503,EEE,2014J,01 October 2023,31 October 2023
573600,EEE,2014J,01 October 2023,31 October 2023
573922,EEE,2014J,01 October 2023,31 October 2023
574565,EEE,2014J,01 October 2023,31 October 2023
575066,EEE,2014J,01 October 2023,31 October 2023
575411,EEE,2014J,01 October 2023,31 October 2023
575623,EEE,2014J,01 October 2023,31 October 2023
578469,EEE,2014J,01 October 2023,31 October 2023
581082,EEE,2014J,01 October 2023,31 October 2023
581238,EEE,2014J,01 October 2023,31 October 2023
581851,EEE,2014J,01 October 2023,31 October 2023
581887,EEE,2014J,01 October 2023,31 October 2023
583719,EEE,2014J,01 October 2023,31 October 2023
584718,EEE,2014J,01 October 2023,31 October 2023
585852,EEE,2014J,01 October 2023,31 October 2023
586474,EEE,2014J,01 October 2023,31 October 2023
588474,EEE,2014J,01 October 2023,31 October 2023
590837,EEE,2014J,01 October 2023,31 October 2023
591523,EEE,2014J,01 October 2023,31 October 2023
591761,EEE,2014J,01 October 2023,31 October 2023
592047,EEE,2014J,01 October 2023,31 October 2023
592843,EEE,2014J,01 October 2023,31 October 2023
593038,EEE,2014J,01 October 2023,31 October 2023
593896,EEE,2014J,01 October 2023,31 October 2023
594629,EEE,2014J,01 October 2023,31 October 2023
596326,EEE,2014J,01 October 2023,31 October 2023
596423,EEE,2014J,01 October 2023,31 October 2023
597252,EEE,2014J,01 October 2023,31 October 2023
597732,EEE,2014J,01 October 2023,31 October 2023
598573,EEE,2014J,01 October 2023,31 October 2023
599059,EEE,2014J,01 October 2023,31 October 2023
599215,EEE,2014J,01 October 2023,31 October 2023
600267,EEE,2014J,01 October 2023,31 October 2023
600766,EEE,2014J,01 October 2023,31 October 2023
601599,EEE,2014J,01 October 2023,31 October 2023
602707,EEE,2014J,01 October 2023,31 October 2023
602745,EEE,2014J,01 October 2023,31 October 2023
602830,EEE,2014J,01 October 2023,31 October 2023
603108,EEE,2014J,01 October 2023,31 October 2023
603700,EEE,2014J,01 October 2023,31 October 2023
605125,EEE,2014J,01 October 2023,31 October 2023
605129,EEE,2014J,01 October 2023,31 October 2023
605294,EEE,2014J,01 October 2023,31 October 2023
605541,EEE,2014J,01 October 2023,31 October 2023
605836,EEE,2014J,01 October 2023,31 October 2023
608488,EEE,2014J,01 October 2023,31 October 2023
608853,EEE,2014J,01 October 2023,31 October 2023
610275,EEE,2014J,01 October 2023,31 October 2023
610373,EEE,2014J,01 October 2023,31 October 2023
610672,EEE,2014J,01 October 2023,31 October 2023
611961,EEE,2014J,01 October 2023,31 October 2023
612157,EEE,2014J,01 October 2023,31 October 2023
613953,EEE,2014J,01 October 2023,31 October 2023
614181,EEE,2014J,01 October 2023,31 October 2023
614737,EEE,2014J,01 October 2023,31 October 2023
615429,EEE,2014J,01 October 2023,31 October 2023
617888,EEE,2014J,01 October 2023,31 October 2023
619168,EEE,2014J,01 October 2023,31 October 2023
620343,EEE,2014J,01 October 2023,31 October 2023
620519,EEE,2014J,01 October 2023,31 October 2023
620536,EEE,2014J,01 October 2023,31 October 2023
622129,EEE,2014J,01 October 2023,31 October 2023
623467,EEE,2014J,01 October 2023,31 October 2023
623757,EEE,2014J,01 October 2023,31 October 2023
623889,EEE,2014J,01 October 2023,31 October 2023
623989,EEE,2014J,01 October 2023,31 October 2023
624222,EEE,2014J,01 October 2023,31 October 2023
625797,EEE,2014J,01 October 2023,31 October 2023
627312,EEE,2014J,01 October 2023,31 October 2023
627457,EEE,2014J,01 October 2023,31 October 2023
627935,EEE,2014J,01 October 2023,31 October 2023
628741,EEE,2014J,01 October 2023,31 October 2023
628766,EEE,2014J,01 October 2023,31 October 2023
629101,EEE,2014J,01 October 2023,31 October 2023
629642,EEE,2014J,01 October 2023,31 October 2023
629852,EEE,2014J,01 October 2023,31 October 2023
630105,EEE,2014J,01 October 2023,31 October 2023
630106,EEE,2014J,01 October 2023,31 October 2023
631113,EEE,2014J,01 October 2023,31 October 2023
631888,EEE,2014J,01 October 2023,31 October 2023
632635,EEE,2014J,01 October 2023,31 October 2023
632950,EEE,2014J,01 October 2023,31 October 2023
633824,EEE,2014J,01 October 2023,31 October 2023
633868,EEE,2014J,01 October 2023,31 October 2023
633995,EEE,2014J,01 October 2023,31 October 2023
634367,EEE,2014J,01 October 2023,31 October 2023
634879,EEE,2014J,01 October 2023,31 October 2023
634940,EEE,2014J,01 October 2023,31 October 2023
634957,EEE,2014J,01 October 2023,31 October 2023
635325,EEE,2014J,01 October 2023,31 October 2023
635552,EEE,2014J,01 October 2023,31 October 2023
635564,EEE,2014J,01 October 2023,31 October 2023
635720,EEE,2014J,01 October 2023,31 October 2023
635953,EEE,2014J,01 October 2023,31 October 2023
636467,EEE,2014J,01 October 2023,31 October 2023
637123,EEE,2014J,01 October 2023,31 October 2023
637292,EEE,2014J,01 October 2023,31 October 2023
637401,EEE,2014J,01 October 2023,31 October 2023
637528,EEE,2014J,01 October 2023,31 October 2023
637601,EEE,2014J,01 October 2023,31 October 2023
637624,EEE,2014J,01 October 2023,31 October 2023
637846,EEE,2014J,01 October 2023,31 October 2023
638257,EEE,2014J,01 October 2023,31 October 2023
638604,EEE,2014J,01 October 2023,31 October 2023
638970,EEE,2014J,01 October 2023,31 October 2023
639194,EEE,2014J,01 October 2023,31 October 2023
639243,EEE,2014J,01 October 2023,31 October 2023
639253,EEE,2014J,01 October 2023,31 October 2023
640307,EEE,2014J,01 October 2023,31 October 2023
640439,EEE,2014J,01 October 2023,31 October 2023
640658,EEE,2014J,01 October 2023,31 October 2023
641116,EEE,2014J,01 October 2023,31 October 2023
641195,EEE,2014J,01 October 2023,31 October 2023
641200,EEE,2014J,01 October 2023,31 October 2023
641566,EEE,2014J,01 October 2023,31 October 2023
641569,EEE,2014J,01 October 2023,31 October 2023
641629,EEE,2014J,01 October 2023,31 October 2023
641716,EEE,2014J,01 October 2023,31 October 2023
641817,EEE,2014J,01 October 2023,31 October 2023
641881,EEE,2014J,01 October 2023,31 October 2023
641899,EEE,2014J,01 October 2023,31 October 2023
642342,EEE,2014J,01 October 2023,31 October 2023
642396,EEE,2014J,01 October 2023,31 October 2023
642512,EEE,2014J,01 October 2023,31 October 2023
642656,EEE,2014J,01 October 2023,31 October 2023
643077,EEE,2014J,01 October 2023,31 October 2023
643118,EEE,2014J,01 October 2023,31 October 2023
643168,EEE,2014J,01 October 2023,31 October 2023
643267,EEE,2014J,01 October 2023,31 October 2023
643270,EEE,2014J,01 October 2023,31 October 2023
643481,EEE,2014J,01 October 2023,31 October 2023
643484,EEE,2014J,01 October 2023,31 October 2023
643510,EEE,2014J,01 October 2023,31 October 2023
643531,EEE,2014J,01 October 2023,31 October 2023
643644,EEE,2014J,01 October 2023,31 October 2023
643705,EEE,2014J,01 October 2023,31 October 2023
643755,EEE,2014J,01 October 2023,31 October 2023
643771,EEE,2014J,01 October 2023,31 October 2023
644064,EEE,2014J,01 October 2023,31 October 2023
644072,EEE,2014J,01 October 2023,31 October 2023
644113,EEE,2014J,01 October 2023,31 October 2023
644163,EEE,2014J,01 October 2023,31 October 2023
644514,EEE,2014J,01 October 2023,31 October 2023
644742,EEE,2014J,01 October 2023,31 October 2023
644794,EEE,2014J,01 October 2023,31 October 2023
645045,EEE,2014J,01 October 2023,31 October 2023
645126,EEE,2014J,01 October 2023,31 October 2023
645151,EEE,2014J,01 October 2023,31 October 2023
645170,EEE,2014J,01 October 2023,31 October 2023
645319,EEE,2014J,01 October 2023,31 October 2023
645451,EEE,2014J,01 October 2023,31 October 2023
645462,EEE,2014J,01 October 2023,31 October 2023
645542,EEE,2014J,01 October 2023,31 October 2023
645557,EEE,2014J,01 October 2023,31 October 2023
645831,EEE,2014J,01 October 2023,31 October 2023
645889,EEE,2014J,01 October 2023,31 October 2023
646005,EEE,2014J,01 October 2023,31 October 2023
646040,EEE,2014J,01 October 2023,31 October 2023
646070,EEE,2014J,01 October 2023,31 October 2023
646097,EEE,2014J,01 October 2023,31 October 2023
646109,EEE,2014J,01 October 2023,31 October 2023
646184,EEE,2014J,01 October 2023,31 October 2023
646197,EEE,2014J,01 October 2023,31 October 2023
646218,EEE,2014J,01 October 2023,31 October 2023
646361,EEE,2014J,01 October 2023,31 October 2023
646520,EEE,2014J,01 October 2023,31 October 2023
646581,EEE,2014J,01 October 2023,31 October 2023
646722,EEE,2014J,01 October 2023,31 October 2023
646815,EEE,2014J,01 October 2023,31 October 2023
646903,EEE,2014J,01 October 2023,31 October 2023
647043,EEE,2014J,01 October 2023,31 October 2023
647179,EEE,2014J,01 October 2023,31 October 2023
647217,EEE,2014J,01 October 2023,31 October 2023
647358,EEE,2014J,01 October 2023,31 October 2023
647405,EEE,2014J,01 October 2023,31 October 2023
647432,EEE,2014J,01 October 2023,31 October 2023
647466,EEE,2014J,01 October 2023,31 October 2023
647791,EEE,2014J,01 October 2023,31 October 2023
647916,EEE,2014J,01 October 2023,31 October 2023
647919,EEE,2014J,01 October 2023,31 October 2023
647983,EEE,2014J,01 October 2023,31 October 2023
647988,EEE,2014J,01 October 2023,31 October 2023
648001,EEE,2014J,01 October 2023,31 October 2023
648058,EEE,2014J,01 October 2023,31 October 2023
648090,EEE,2014J,01 October 2023,31 October 2023
648091,EEE,2014J,01 October 2023,31 October 2023
648136,EEE,2014J,01 October 2023,31 October 2023
648370,EEE,2014J,01 October 2023,31 October 2023
648422,EEE,2014J,01 October 2023,31 October 2023
648429,EEE,2014J,01 October 2023,31 October 2023
648436,EEE,2014J,01 October 2023,31 October 2023
648440,EEE,2014J,01 October 2023,31 October 2023
648469,EEE,2014J,01 October 2023,31 October 2023
648518,EEE,2014J,01 October 2023,31 October 2023
648652,EEE,2014J,01 October 2023,31 October 2023
648687,EEE,2014J,01 October 2023,31 October 2023
648787,EEE,2014J,01 October 2023,31 October 2023
648834,EEE,2014J,01 October 2023,31 October 2023
648843,EEE,2014J,01 October 2023,31 October 2023
648852,EEE,2014J,01 October 2023,31 October 2023
648902,EEE,2014J,01 October 2023,31 October 2023
648942,EEE,2014J,01 October 2023,31 October 2023
649069,EEE,2014J,01 October 2023,31 October 2023
649171,EEE,2014J,01 October 2023,31 October 2023
649200,EEE,2014J,01 October 2023,31 October 2023
649255,EEE,2014J,01 October 2023,31 October 2023
649310,EEE,2014J,01 October 2023,31 October 2023
649332,EEE,2014J,01 October 2023,31 October 2023
649339,EEE,2014J,01 October 2023,31 October 2023
649506,EEE,2014J,01 October 2023,31 October 2023
649637,EEE,2014J,01 October 2023,31 October 2023
649667,EEE,2014J,01 October 2023,31 October 2023
649713,EEE,2014J,01 October 2023,31 October 2023
649718,EEE,2014J,01 October 2023,31 October 2023
649720,EEE,2014J,01 October 2023,31 October 2023
649738,EEE,2014J,01 October 2023,31 October 2023
649755,EEE,2014J,01 October 2023,31 October 2023
649783,EEE,2014J,01 October 2023,31 October 2023
649843,EEE,2014J,01 October 2023,31 October 2023
649861,EEE,2014J,01 October 2023,31 October 2023
649863,EEE,2014J,01 October 2023,31 October 2023
649935,EEE,2014J,01 October 2023,31 October 2023
649943,EEE,2014J,01 October 2023,31 October 2023
650027,EEE,2014J,01 October 2023,31 October 2023
650137,EEE,2014J,01 October 2023,31 October 2023
650164,EEE,2014J,01 October 2023,31 October 2023
650192,EEE,2014J,01 October 2023,31 October 2023
650223,EEE,2014J,01 October 2023,31 October 2023
650330,EEE,2014J,01 October 2023,31 October 2023
650334,EEE,2014J,01 October 2023,31 October 2023
650384,EEE,2014J,01 October 2023,31 October 2023
650471,EEE,2014J,01 October 2023,31 October 2023
650504,EEE,2014J,01 October 2023,31 October 2023
650533,EEE,2014J,01 October 2023,31 October 2023
650575,EEE,2014J,01 October 2023,31 October 2023
650578,EEE,2014J,01 October 2023,31 October 2023
650592,EEE,2014J,01 October 2023,31 October 2023
650666,EEE,2014J,01 October 2023,31 October 2023
650734,EEE,2014J,01 October 2023,31 October 2023
650752,EEE,2014J,01 October 2023,31 October 2023
650770,EEE,2014J,01 October 2023,31 October 2023
650816,EEE,2014J,01 October 2023,31 October 2023
650926,EEE,2014J,01 October 2023,31 October 2023
650950,EEE,2014J,01 October 2023,31 October 2023
650987,EEE,2014J,01 October 2023,31 October 2023
651015,EEE,2014J,01 October 2023,31 October 2023
651086,EEE,2014J,01 October 2023,31 October 2023
651155,EEE,2014J,01 October 2023,31 October 2023
651191,EEE,2014J,01 October 2023,31 October 2023
651245,EEE,2014J,01 October 2023,31 October 2023
651337,EEE,2014J,01 October 2023,31 October 2023
651361,EEE,2014J,01 October 2023,31 October 2023
651384,EEE,2014J,01 October 2023,31 October 2023
651533,EEE,2014J,01 October 2023,31 October 2023
651534,EEE,2014J,01 October 2023,31 October 2023
651635,EEE,2014J,01 October 2023,31 October 2023
651648,EEE,2014J,01 October 2023,31 October 2023
651766,EEE,2014J,01 October 2023,31 October 2023
651828,EEE,2014J,01 October 2023,31 October 2023
651915,EEE,2014J,01 October 2023,31 October 2023
651930,EEE,2014J,01 October 2023,31 October 2023
651933,EEE,2014J,01 October 2023,31 October 2023
651950,EEE,2014J,01 October 2023,31 October 2023
651995,EEE,2014J,01 October 2023,31 October 2023
652054,EEE,2014J,01 October 2023,31 October 2023
652233,EEE,2014J,01 October 2023,31 October 2023
652285,EEE,2014J,01 October 2023,31 October 2023
652287,EEE,2014J,01 October 2023,31 October 2023
652302,EEE,2014J,01 October 2023,31 October 2023
652442,EEE,2014J,01 October 2023,31 October 2023
652460,EEE,2014J,01 October 2023,31 October 2023
652476,EEE,2014J,01 October 2023,31 October 2023
652606,EEE,2014J,01 October 2023,31 October 2023
652667,EEE,2014J,01 October 2023,31 October 2023
652861,EEE,2014J,01 October 2023,31 October 2023
652880,EEE,2014J,01 October 2023,31 October 2023
653090,EEE,2014J,01 October 2023,31 October 2023
653168,EEE,2014J,01 October 2023,31 October 2023
653210,EEE,2014J,01 October 2023,31 October 2023
653248,EEE,2014J,01 October 2023,31 October 2023
653326,EEE,2014J,01 October 2023,31 October 2023
653360,EEE,2014J,01 October 2023,31 October 2023
653440,EEE,2014J,01 October 2023,31 October 2023
653587,EEE,2014J,01 October 2023,31 October 2023
653608,EEE,2014J,01 October 2023,31 October 2023
653661,EEE,2014J,01 October 2023,31 October 2023
653665,EEE,2014J,01 October 2023,31 October 2023
653688,EEE,2014J,01 October 2023,31 October 2023
653718,EEE,2014J,01 October 2023,31 October 2023
653801,EEE,2014J,01 October 2023,31 October 2023
654125,EEE,2014J,01 October 2023,31 October 2023
654198,EEE,2014J,01 October 2023,31 October 2023
654213,EEE,2014J,01 October 2023,31 October 2023
654240,EEE,2014J,01 October 2023,31 October 2023
654325,EEE,2014J,01 October 2023,31 October 2023
654397,EEE,2014J,01 October 2023,31 October 2023
654464,EEE,2014J,01 October 2023,31 October 2023
654485,EEE,2014J,01 October 2023,31 October 2023
654547,EEE,2014J,01 October 2023,31 October 2023
654570,EEE,2014J,01 October 2023,31 October 2023
654579,EEE,2014J,01 October 2023,31 October 2023
654668,EEE,2014J,01 October 2023,31 October 2023
654676,EEE,2014J,01 October 2023,31 October 2023
654801,EEE,2014J,01 October 2023,31 October 2023
654822,EEE,2014J,01 October 2023,31 October 2023
654876,EEE,2014J,01 October 2023,31 October 2023
654891,EEE,2014J,01 October 2023,31 October 2023
654925,EEE,2014J,01 October 2023,31 October 2023
654933,EEE,2014J,01 October 2023,31 October 2023
655242,EEE,2014J,01 October 2023,31 October 2023
655383,EEE,2014J,01 October 2023,31 October 2023
655396,EEE,2014J,01 October 2023,31 October 2023
655468,EEE,2014J,01 October 2023,31 October 2023
655558,EEE,2014J,01 October 2023,31 October 2023
655609,EEE,2014J,01 October 2023,31 October 2023
655634,EEE,2014J,01 October 2023,31 October 2023
655680,EEE,2014J,01 October 2023,31 October 2023
655764,EEE,2014J,01 October 2023,31 October 2023
655794,EEE,2014J,01 October 2023,31 October 2023
655865,EEE,2014J,01 October 2023,31 October 2023
655869,EEE,2014J,01 October 2023,31 October 2023
655924,EEE,2014J,01 October 2023,31 October 2023
656010,EEE,2014J,01 October 2023,31 October 2023
656057,EEE,2014J,01 October 2023,31 October 2023
656134,EEE,2014J,01 October 2023,31 October 2023
656446,EEE,2014J,01 October 2023,31 October 2023
656553,EEE,2014J,01 October 2023,31 October 2023
656578,EEE,2014J,01 October 2023,31 October 2023
656815,EEE,2014J,01 October 2023,31 October 2023
656825,EEE,2014J,01 October 2023,31 October 2023
656854,EEE,2014J,01 October 2023,31 October 2023
656906,EEE,2014J,01 October 2023,31 October 2023
656928,EEE,2014J,01 October 2023,31 October 2023
657002,EEE,2014J,01 October 2023,31 October 2023
657062,EEE,2014J,01 October 2023,31 October 2023
657091,EEE,2014J,01 October 2023,31 October 2023
657128,EEE,2014J,01 October 2023,31 October 2023
657194,EEE,2014J,01 October 2023,31 October 2023
657196,EEE,2014J,01 October 2023,31 October 2023
657209,EEE,2014J,01 October 2023,31 October 2023
657226,EEE,2014J,01 October 2023,31 October 2023
674253,EEE,2014J,01 October 2023,31 October 2023
674296,EEE,2014J,01 October 2023,31 October 2023
674457,EEE,2014J,01 October 2023,31 October 2023
674720,EEE,2014J,01 October 2023,31 October 2023
674747,EEE,2014J,01 October 2023,31 October 2023
674853,EEE,2014J,01 October 2023,31 October 2023
674888,EEE,2014J,01 October 2023,31 October 2023
674889,EEE,2014J,01 October 2023,31 October 2023
674941,EEE,2014J,01 October 2023,31 October 2023
675104,EEE,2014J,01 October 2023,31 October 2023
675162,EEE,2014J,01 October 2023,31 October 2023
675337,EEE,2014J,01 October 2023,31 October 2023
675365,EEE,2014J,01 October 2023,31 October 2023
675391,EEE,2014J,01 October 2023,31 October 2023
675537,EEE,2014J,01 October 2023,31 October 2023
675663,EEE,2014J,01 October 2023,31 October 2023
675773,EEE,2014J,01 October 2023,31 October 2023
675840,EEE,2014J,01 October 2023,31 October 2023
675853,EEE,2014J,01 October 2023,31 October 2023
675972,EEE,2014J,01 October 2023,31 October 2023
676025,EEE,2014J,01 October 2023,31 October 2023
676084,EEE,2014J,01 October 2023,31 October 2023
676181,EEE,2014J,01 October 2023,31 October 2023
676333,EEE,2014J,01 October 2023,31 October 2023
676482,EEE,2014J,01 October 2023,31 October 2023
676611,EEE,2014J,01 October 2023,31 October 2023
676676,EEE,2014J,01 October 2023,31 October 2023
676722,EEE,2014J,01 October 2023,31 October 2023
676724,EEE,2014J,01 October 2023,31 October 2023
676805,EEE,2014J,01 October 2023,31 October 2023
676812,EEE,2014J,01 October 2023,31 October 2023
676834,EEE,2014J,01 October 2023,31 October 2023
677040,EEE,2014J,01 October 2023,31 October 2023
677049,EEE,2014J,01 October 2023,31 October 2023
677189,EEE,2014J,01 October 2023,31 October 2023
677197,EEE,2014J,01 October 2023,31 October 2023
677232,EEE,2014J,01 October 2023,31 October 2023
677250,EEE,2014J,01 October 2023,31 October 2023
677416,EEE,2014J,01 October 2023,31 October 2023
677457,EEE,2014J,01 October 2023,31 October 2023
677507,EEE,2014J,01 October 2023,31 October 2023
677631,EEE,2014J,01 October 2023,31 October 2023
677711,EEE,2014J,01 October 2023,31 October 2023
677772,EEE,2014J,01 October 2023,31 October 2023
677776,EEE,2014J,01 October 2023,31 October 2023
677897,EEE,2014J,01 October 2023,31 October 2023
677900,EEE,2014J,01 October 2023,31 October 2023
677947,EEE,2014J,01 October 2023,31 October 2023
678015,EEE,2014J,01 October 2023,31 October 2023
678026,EEE,2014J,01 October 2023,31 October 2023
678267,EEE,2014J,01 October 2023,31 October 2023
678310,EEE,2014J,01 October 2023,31 October 2023
678341,EEE,2014J,01 October 2023,31 October 2023
678508,EEE,2014J,01 October 2023,31 October 2023
678613,EEE,2014J,01 October 2023,31 October 2023
678701,EEE,2014J,01 October 2023,31 October 2023
678715,EEE,2014J,01 October 2023,31 October 2023
678852,EEE,2014J,01 October 2023,31 October 2023
678929,EEE,2014J,01 October 2023,31 October 2023
678970,EEE,2014J,01 October 2023,31 October 2023
679541,EEE,2014J,01 October 2023,31 October 2023
679631,EEE,2014J,01 October 2023,31 October 2023
679801,EEE,2014J,01 October 2023,31 October 2023
679883,EEE,2014J,01 October 2023,31 October 2023
680074,EEE,2014J,01 October 2023,31 October 2023
680442,EEE,2014J,01 October 2023,31 October 2023
680483,EEE,2014J,01 October 2023,31 October 2023
680563,EEE,2014J,01 October 2023,31 October 2023
680614,EEE,2014J,01 October 2023,31 October 2023
680644,EEE,2014J,01 October 2023,31 October 2023
680678,EEE,2014J,01 October 2023,31 October 2023
680829,EEE,2014J,01 October 2023,31 October 2023
680894,EEE,2014J,01 October 2023,31 October 2023
681001,EEE,2014J,01 October 2023,31 October 2023
681095,EEE,2014J,01 October 2023,31 October 2023
681200,EEE,2014J,01 October 2023,31 October 2023
681327,EEE,2014J,01 October 2023,31 October 2023
681369,EEE,2014J,01 October 2023,31 October 2023
681379,EEE,2014J,01 October 2023,31 October 2023
681416,EEE,2014J,01 October 2023,31 October 2023
681759,EEE,2014J,01 October 2023,31 October 2023
681852,EEE,2014J,01 October 2023,31 October 2023
681861,EEE,2014J,01 October 2023,31 October 2023
682217,EEE,2014J,01 October 2023,31 October 2023
682239,EEE,2014J,01 October 2023,31 October 2023
682319,EEE,2014J,01 October 2023,31 October 2023
682355,EEE,2014J,01 October 2023,31 October 2023
682554,EEE,2014J,01 October 2023,31 October 2023
682575,EEE,2014J,01 October 2023,31 October 2023
682673,EEE,2014J,01 October 2023,31 October 2023
682758,EEE,2014J,01 October 2023,31 October 2023
683079,EEE,2014J,01 October 2023,31 October 2023
683170,EEE,2014J,01 October 2023,31 October 2023
683246,EEE,2014J,01 October 2023,31 October 2023
683270,EEE,2014J,01 October 2023,31 October 2023
683492,EEE,2014J,01 October 2023,31 October 2023
683640,EEE,2014J,01 October 2023,31 October 2023
683728,EEE,2014J,01 October 2023,31 October 2023
684050,EEE,2014J,01 October 2023,31 October 2023
684064,EEE,2014J,01 October 2023,31 October 2023
684225,EEE,2014J,01 October 2023,31 October 2023
684357,EEE,2014J,01 October 2023,31 October 2023
684473,EEE,2014J,01 October 2023,31 October 2023
684504,EEE,2014J,01 October 2023,31 October 2023
684532,EEE,2014J,01 October 2023,31 October 2023
684567,EEE,2014J,01 October 2023,31 October 2023
684610,EEE,2014J,01 October 2023,31 October 2023
684825,EEE,2014J,01 October 2023,31 October 2023
684907,EEE,2014J,01 October 2023,31 October 2023
684967,EEE,2014J,01 October 2023,31 October 2023
685060,EEE,2014J,01 October 2023,31 October 2023
685152,EEE,2014J,01 October 2023,31 October 2023
685176,EEE,2014J,01 October 2023,31 October 2023
685199,EEE,2014J,01 October 2023,31 October 2023
685284,EEE,2014J,01 October 2023,31 October 2023
685292,EEE,2014J,01 October 2023,31 October 2023
685370,EEE,2014J,01 October 2023,31 October 2023
685499,EEE,2014J,01 October 2023,31 October 2023
685517,EEE,2014J,01 October 2023,31 October 2023
685668,EEE,2014J,01 October 2023,31 October 2023
685804,EEE,2014J,01 October 2023,31 October 2023
685913,EEE,2014J,01 October 2023,31 October 2023
685991,EEE,2014J,01 October 2023,31 October 2023
686051,EEE,2014J,01 October 2023,31 October 2023
686287,EEE,2014J,01 October 2023,31 October 2023
686339,EEE,2014J,01 October 2023,31 October 2023
686365,EEE,2014J,01 October 2023,31 October 2023
686447,EEE,2014J,01 October 2023,31 October 2023
686462,EEE,2014J,01 October 2023,31 October 2023
686476,EEE,2014J,01 October 2023,31 October 2023
686525,EEE,2014J,01 October 2023,31 October 2023
686564,EEE,2014J,01 October 2023,31 October 2023
686593,EEE,2014J,01 October 2023,31 October 2023
686708,EEE,2014J,01 October 2023,31 October 2023
686753,EEE,2014J,01 October 2023,31 October 2023
686872,EEE,2014J,01 October 2023,31 October 2023
686913,EEE,2014J,01 October 2023,31 October 2023
687194,EEE,2014J,01 October 2023,31 October 2023
687242,EEE,2014J,01 October 2023,31 October 2023
687367,EEE,2014J,01 October 2023,31 October 2023
687370,EEE,2014J,01 October 2023,31 October 2023
687498,EEE,2014J,01 October 2023,31 October 2023
687563,EEE,2014J,01 October 2023,31 October 2023
687574,EEE,2014J,01 October 2023,31 October 2023
687757,EEE,2014J,01 October 2023,31 October 2023
687766,EEE,2014J,01 October 2023,31 October 2023
687945,EEE,2014J,01 October 2023,31 October 2023
688118,EEE,2014J,01 October 2023,31 October 2023
688133,EEE,2014J,01 October 2023,31 October 2023
688287,EEE,2014J,01 October 2023,31 October 2023
688310,EEE,2014J,01 October 2023,31 October 2023
688404,EEE,2014J,01 October 2023,31 October 2023
688451,EEE,2014J,01 October 2023,31 October 2023
688662,EEE,2014J,01 October 2023,31 October 2023
688742,EEE,2014J,01 October 2023,31 October 2023
688763,EEE,2014J,01 October 2023,31 October 2023
688870,EEE,2014J,01 October 2023,31 October 2023
688924,EEE,2014J,01 October 2023,31 October 2023
688942,EEE,2014J,01 October 2023,31 October 2023
688974,EEE,2014J,01 October 2023,31 October 2023
689161,EEE,2014J,01 October 2023,31 October 2023
689250,EEE,2014J,01 October 2023,31 October 2023
689288,EEE,2014J,01 October 2023,31 October 2023
689309,EEE,2014J,01 October 2023,31 October 2023
689370,EEE,2014J,01 October 2023,31 October 2023
689389,EEE,2014J,01 October 2023,31 October 2023
689618,EEE,2014J,01 October 2023,31 October 2023
689763,EEE,2014J,01 October 2023,31 October 2023
689786,EEE,2014J,01 October 2023,31 October 2023
689840,EEE,2014J,01 October 2023,31 October 2023
689944,EEE,2014J,01 October 2023,31 October 2023
689983,EEE,2014J,01 October 2023,31 October 2023
690016,EEE,2014J,01 October 2023,31 October 2023
690095,EEE,2014J,01 October 2023,31 October 2023
690241,EEE,2014J,01 October 2023,31 October 2023
690370,EEE,2014J,01 October 2023,31 October 2023
690470,EEE,2014J,01 October 2023,31 October 2023
690525,EEE,2014J,01 October 2023,31 October 2023
690553,EEE,2014J,01 October 2023,31 October 2023
690586,EEE,2014J,01 October 2023,31 October 2023
690736,EEE,2014J,01 October 2023,31 October 2023
690917,EEE,2014J,01 October 2023,31 October 2023
691078,EEE,2014J,01 October 2023,31 October 2023
691189,EEE,2014J,01 October 2023,31 October 2023
691248,EEE,2014J,01 October 2023,31 October 2023
691536,EEE,2014J,01 October 2023,31 October 2023
691701,EEE,2014J,01 October 2023,31 October 2023
691790,EEE,2014J,01 October 2023,31 October 2023
691875,EEE,2014J,01 October 2023,31 October 2023
691978,EEE,2014J,01 October 2023,31 October 2023
692012,EEE,2014J,01 October 2023,31 October 2023
692354,EEE,2014J,01 October 2023,31 October 2023
692534,EEE,2014J,01 October 2023,31 October 2023
692646,EEE,2014J,01 October 2023,31 October 2023
692723,EEE,2014J,01 October 2023,31 October 2023
692924,EEE,2014J,01 October 2023,31 October 2023
692991,EEE,2014J,01 October 2023,31 October 2023
693069,EEE,2014J,01 October 2023,31 October 2023
693221,EEE,2014J,01 October 2023,31 October 2023
693235,EEE,2014J,01 October 2023,31 October 2023
693308,EEE,2014J,01 October 2023,31 October 2023
693416,EEE,2014J,01 October 2023,31 October 2023
693478,EEE,2014J,01 October 2023,31 October 2023
693640,EEE,2014J,01 October 2023,31 October 2023
693959,EEE,2014J,01 October 2023,31 October 2023
694081,EEE,2014J,01 October 2023,31 October 2023
694106,EEE,2014J,01 October 2023,31 October 2023
694132,EEE,2014J,01 October 2023,31 October 2023
694152,EEE,2014J,01 October 2023,31 October 2023
694218,EEE,2014J,01 October 2023,31 October 2023
694246,EEE,2014J,01 October 2023,31 October 2023
694304,EEE,2014J,01 October 2023,31 October 2023
694457,EEE,2014J,01 October 2023,31 October 2023
694548,EEE,2014J,01 October 2023,31 October 2023
694571,EEE,2014J,01 October 2023,31 October 2023
694589,EEE,2014J,01 October 2023,31 October 2023
694658,EEE,2014J,01 October 2023,31 October 2023
694684,EEE,2014J,01 October 2023,31 October 2023
694735,EEE,2014J,01 October 2023,31 October 2023
694779,EEE,2014J,01 October 2023,31 October 2023
694854,EEE,2014J,01 October 2023,31 October 2023
695094,EEE,2014J,01 October 2023,31 October 2023
695435,EEE,2014J,01 October 2023,31 October 2023
695638,EEE,2014J,01 October 2023,31 October 2023
695644,EEE,2014J,01 October 2023,31 October 2023
695668,EEE,2014J,01 October 2023,31 October 2023
695855,EEE,2014J,01 October 2023,31 October 2023
695919,EEE,2014J,01 October 2023,31 October 2023
695921,EEE,2014J,01 October 2023,31 October 2023
695932,EEE,2014J,01 October 2023,31 October 2023
695944,EEE,2014J,01 October 2023,31 October 2023
696044,EEE,2014J,01 October 2023,31 October 2023
696128,EEE,2014J,01 October 2023,31 October 2023
696192,EEE,2014J,01 October 2023,31 October 2023
696325,EEE,2014J,01 October 2023,31 October 2023
696361,EEE,2014J,01 October 2023,31 October 2023
696464,EEE,2014J,01 October 2023,31 October 2023
696485,EEE,2014J,01 October 2023,31 October 2023
696577,EEE,2014J,01 October 2023,31 October 2023
696796,EEE,2014J,01 October 2023,31 October 2023
697041,EEE,2014J,01 October 2023,31 October 2023
697113,EEE,2014J,01 October 2023,31 October 2023
697461,EEE,2014J,01 October 2023,31 October 2023
697482,EEE,2014J,01 October 2023,31 October 2023
697658,EEE,2014J,01 October 2023,31 October 2023
697781,EEE,2014J,01 October 2023,31 October 2023
698011,EEE,2014J,01 October 2023,31 October 2023
698092,EEE,2014J,01 October 2023,31 October 2023
698300,EEE,2014J,01 October 2023,31 October 2023
698413,EEE,2014J,01 October 2023,31 October 2023
698417,EEE,2014J,01 October 2023,31 October 2023
698717,EEE,2014J,01 October 2023,31 October 2023
699038,EEE,2014J,01 October 2023,31 October 2023
699049,EEE,2014J,01 October 2023,31 October 2023
699050,EEE,2014J,01 October 2023,31 October 2023
699134,EEE,2014J,01 October 2023,31 October 2023
699135,EEE,2014J,01 October 2023,31 October 2023
699136,EEE,2014J,01 October 2023,31 October 2023
699138,EEE,2014J,01 October 2023,31 October 2023
699140,EEE,2014J,01 October 2023,31 October 2023
699141,EEE,2014J,01 October 2023,31 October 2023
699142,EEE,2014J,01 October 2023,31 October 2023
699170,EEE,2014J,01 October 2023,31 October 2023
699440,EEE,2014J,01 October 2023,31 October 2023
1040037,EEE,2014J,01 October 2023,31 October 2023
1334225,EEE,2014J,01 October 2023,31 October 2023
1354095,EEE,2014J,01 October 2023,31 October 2023
1429504,EEE,2014J,01 October 2023,31 October 2023
1483814,EEE,2014J,01 October 2023,31 October 2023
1497822,EEE,2014J,01 October 2023,31 October 2023
1679610,EEE,2014J,01 October 2023,31 October 2023
1797068,EEE,2014J,01 October 2023,31 October 2023
1878648,EEE,2014J,01 October 2023,31 October 2023
1895288,EEE,2014J,01 October 2023,31 October 2023
1895399,EEE,2014J,01 October 2023,31 October 2023
1910737,EEE,2014J,01 October 2023,31 October 2023
1943214,EEE,2014J,01 October 2023,31 October 2023
1953275,EEE,2014J,01 October 2023,31 October 2023
2004220,EEE,2014J,01 October 2023,31 October 2023
2024200,EEE,2014J,01 October 2023,31 October 2023
2050998,EEE,2014J,01 October 2023,31 October 2023
2065756,EEE,2014J,01 October 2023,31 October 2023
2067969,EEE,2014J,01 October 2023,31 October 2023
2072671,EEE,2014J,01 October 2023,31 October 2023
2137785,EEE,2014J,01 October 2023,31 October 2023
2151019,EEE,2014J,01 October 2023,31 October 2023
2173643,EEE,2014J,01 October 2023,31 October 2023
2192061,EEE,2014J,01 October 2023,31 October 2023
2204389,EEE,2014J,01 October 2023,31 October 2023
2221654,EEE,2014J,01 October 2023,31 October 2023
2229389,EEE,2014J,01 October 2023,31 October 2023
2230251,EEE,2014J,01 October 2023,31 October 2023
2257400,EEE,2014J,01 October 2023,31 October 2023
2258124,EEE,2014J,01 October 2023,31 October 2023
2259662,EEE,2014J,01 October 2023,31 October 2023
2281441,EEE,2014J,01 October 2023,31 October 2023
2286544,EEE,2014J,01 October 2023,31 October 2023
2289071,EEE,2014J,01 October 2023,31 October 2023
2290886,EEE,2014J,01 October 2023,31 October 2023
2297016,EEE,2014J,01 October 2023,31 October 2023
2352407,EEE,2014J,01 October 2023,31 October 2023
2355274,EEE,2014J,01 October 2023,31 October 2023
2372573,EEE,2014J,01 October 2023,31 October 2023
2391303,EEE,2014J,01 October 2023,31 October 2023
2395505,EEE,2014J,01 October 2023,31 October 2023
2410632,EEE,2014J,01 October 2023,31 October 2023
2427886,EEE,2014J,01 October 2023,31 October 2023
2436584,EEE,2014J,01 October 2023,31 October 2023
2442423,EEE,2014J,01 October 2023,31 October 2023
2443165,EEE,2014J,01 October 2023,31 October 2023
2453691,EEE,2014J,01 October 2023,31 October 2023
2484189,EEE,2014J,01 October 2023,31 October 2023
2498614,EEE,2014J,01 October 2023,31 October 2023
2501127,EEE,2014J,01 October 2023,31 October 2023
2533383,EEE,2014J,01 October 2023,31 October 2023
2535666,EEE,2014J,01 October 2023,31 October 2023
2538792,EEE,2014J,01 October 2023,31 October 2023
2542182,EEE,2014J,01 October 2023,31 October 2023
2550960,EEE,2014J,01 October 2023,31 October 2023
2566474,EEE,2014J,01 October 2023,31 October 2023
2579558,EEE,2014J,01 October 2023,31 October 2023
2592973,EEE,2014J,01 October 2023,31 October 2023
2599179,EEE,2014J,01 October 2023,31 October 2023
2626779,EEE,2014J,01 October 2023,31 October 2023
2627992,EEE,2014J,01 October 2023,31 October 2023
2631935,EEE,2014J,01 October 2023,31 October 2023
2639115,EEE,2014J,01 October 2023,31 October 2023
2654928,EEE,2014J,01 October 2023,31 October 2023
2663195,EEE,2014J,01 October 2023,31 October 2023
2686053,EEE,2014J,01 October 2023,31 October 2023
33915,FFF,2013B,01 October 2023,31 October 2023
35544,FFF,2013B,01 October 2023,31 October 2023
35860,FFF,2013B,01 October 2023,31 October 2023
36842,FFF,2013B,01 October 2023,31 October 2023
37298,FFF,2013B,01 October 2023,31 October 2023
42668,FFF,2013B,01 October 2023,31 October 2023
43011,FFF,2013B,01 October 2023,31 October 2023
43273,FFF,2013B,01 October 2023,31 October 2023
43430,FFF,2013B,01 October 2023,31 October 2023
49095,FFF,2013B,01 October 2023,31 October 2023
53197,FFF,2013B,01 October 2023,31 October 2023
53709,FFF,2013B,01 October 2023,31 October 2023
55450,FFF,2013B,01 October 2023,31 October 2023
58549,FFF,2013B,01 October 2023,31 October 2023
60519,FFF,2013B,01 October 2023,31 October 2023
65656,FFF,2013B,01 October 2023,31 October 2023
68208,FFF,2013B,01 October 2023,31 October 2023
71275,FFF,2013B,01 October 2023,31 October 2023
71578,FFF,2013B,01 October 2023,31 October 2023
72693,FFF,2013B,01 October 2023,31 October 2023
74113,FFF,2013B,01 October 2023,31 October 2023
77998,FFF,2013B,01 October 2023,31 October 2023
80745,FFF,2013B,01 October 2023,31 October 2023
80886,FFF,2013B,01 October 2023,31 October 2023
82556,FFF,2013B,01 October 2023,31 October 2023
82817,FFF,2013B,01 October 2023,31 October 2023
84051,FFF,2013B,01 October 2023,31 October 2023
86538,FFF,2013B,01 October 2023,31 October 2023
87152,FFF,2013B,01 October 2023,31 October 2023
88957,FFF,2013B,01 October 2023,31 October 2023
89895,FFF,2013B,01 October 2023,31 October 2023
91164,FFF,2013B,01 October 2023,31 October 2023
96729,FFF,2013B,01 October 2023,31 October 2023
99993,FFF,2013B,01 October 2023,31 October 2023
101306,FFF,2013B,01 October 2023,31 October 2023
107162,FFF,2013B,01 October 2023,31 October 2023
107955,FFF,2013B,01 October 2023,31 October 2023
108330,FFF,2013B,01 October 2023,31 October 2023
110085,FFF,2013B,01 October 2023,31 October 2023
110116,FFF,2013B,01 October 2023,31 October 2023
111775,FFF,2013B,01 October 2023,31 October 2023
112010,FFF,2013B,01 October 2023,31 October 2023
115373,FFF,2013B,01 October 2023,31 October 2023
118532,FFF,2013B,01 October 2023,31 October 2023
118668,FFF,2013B,01 October 2023,31 October 2023
125996,FFF,2013B,01 October 2023,31 October 2023
126088,FFF,2013B,01 October 2023,31 October 2023
128142,FFF,2013B,01 October 2023,31 October 2023
128791,FFF,2013B,01 October 2023,31 October 2023
130403,FFF,2013B,01 October 2023,31 October 2023
131272,FFF,2013B,01 October 2023,31 October 2023
134260,FFF,2013B,01 October 2023,31 October 2023
134578,FFF,2013B,01 October 2023,31 October 2023
135075,FFF,2013B,01 October 2023,31 October 2023
139949,FFF,2013B,01 October 2023,31 October 2023
140866,FFF,2013B,01 October 2023,31 October 2023
140907,FFF,2013B,01 October 2023,31 October 2023
142339,FFF,2013B,01 October 2023,31 October 2023
143350,FFF,2013B,01 October 2023,31 October 2023
144747,FFF,2013B,01 October 2023,31 October 2023
146455,FFF,2013B,01 October 2023,31 October 2023
146679,FFF,2013B,01 October 2023,31 October 2023
147168,FFF,2013B,01 October 2023,31 October 2023
149567,FFF,2013B,01 October 2023,31 October 2023
149680,FFF,2013B,01 October 2023,31 October 2023
149693,FFF,2013B,01 October 2023,31 October 2023
150763,FFF,2013B,01 October 2023,31 October 2023
151465,FFF,2013B,01 October 2023,31 October 2023
153110,FFF,2013B,01 October 2023,31 October 2023
153785,FFF,2013B,01 October 2023,31 October 2023
155511,FFF,2013B,01 October 2023,31 October 2023
157308,FFF,2013B,01 October 2023,31 October 2023
160193,FFF,2013B,01 October 2023,31 October 2023
161658,FFF,2013B,01 October 2023,31 October 2023
165617,FFF,2013B,01 October 2023,31 October 2023
165806,FFF,2013B,01 October 2023,31 October 2023
166327,FFF,2013B,01 October 2023,31 October 2023
166421,FFF,2013B,01 October 2023,31 October 2023
167557,FFF,2013B,01 October 2023,31 October 2023
167759,FFF,2013B,01 October 2023,31 October 2023
169490,FFF,2013B,01 October 2023,31 October 2023
169555,FFF,2013B,01 October 2023,31 October 2023
169858,FFF,2013B,01 October 2023,31 October 2023
170165,FFF,2013B,01 October 2023,31 October 2023
174436,FFF,2013B,01 October 2023,31 October 2023
174805,FFF,2013B,01 October 2023,31 October 2023
180974,FFF,2013B,01 October 2023,31 October 2023
181508,FFF,2013B,01 October 2023,31 October 2023
181992,FFF,2013B,01 October 2023,31 October 2023
182468,FFF,2013B,01 October 2023,31 October 2023
184129,FFF,2013B,01 October 2023,31 October 2023
185496,FFF,2013B,01 October 2023,31 October 2023
186380,FFF,2013B,01 October 2023,31 October 2023
189720,FFF,2013B,01 October 2023,31 October 2023
190653,FFF,2013B,01 October 2023,31 October 2023
191998,FFF,2013B,01 October 2023,31 October 2023
193193,FFF,2013B,01 October 2023,31 October 2023
193803,FFF,2013B,01 October 2023,31 October 2023
193834,FFF,2013B,01 October 2023,31 October 2023
198257,FFF,2013B,01 October 2023,31 October 2023
199244,FFF,2013B,01 October 2023,31 October 2023
199446,FFF,2013B,01 October 2023,31 October 2023
200773,FFF,2013B,01 October 2023,31 October 2023
202487,FFF,2013B,01 October 2023,31 October 2023
203050,FFF,2013B,01 October 2023,31 October 2023
203442,FFF,2013B,01 October 2023,31 October 2023
227401,FFF,2013B,01 October 2023,31 October 2023
228635,FFF,2013B,01 October 2023,31 October 2023
228703,FFF,2013B,01 October 2023,31 October 2023
230279,FFF,2013B,01 October 2023,31 October 2023
230684,FFF,2013B,01 October 2023,31 October 2023
232675,FFF,2013B,01 October 2023,31 October 2023
232764,FFF,2013B,01 October 2023,31 October 2023
234196,FFF,2013B,01 October 2023,31 October 2023
234609,FFF,2013B,01 October 2023,31 October 2023
234661,FFF,2013B,01 October 2023,31 October 2023
234727,FFF,2013B,01 October 2023,31 October 2023
236844,FFF,2013B,01 October 2023,31 October 2023
237401,FFF,2013B,01 October 2023,31 October 2023
237953,FFF,2013B,01 October 2023,31 October 2023
238901,FFF,2013B,01 October 2023,31 October 2023
239540,FFF,2013B,01 October 2023,31 October 2023
239748,FFF,2013B,01 October 2023,31 October 2023
240024,FFF,2013B,01 October 2023,31 October 2023
241166,FFF,2013B,01 October 2023,31 October 2023
241700,FFF,2013B,01 October 2023,31 October 2023
243600,FFF,2013B,01 October 2023,31 October 2023
243657,FFF,2013B,01 October 2023,31 October 2023
244114,FFF,2013B,01 October 2023,31 October 2023
244816,FFF,2013B,01 October 2023,31 October 2023
244918,FFF,2013B,01 October 2023,31 October 2023
246112,FFF,2013B,01 October 2023,31 October 2023
247666,FFF,2013B,01 October 2023,31 October 2023
247856,FFF,2013B,01 October 2023,31 October 2023
247940,FFF,2013B,01 October 2023,31 October 2023
249362,FFF,2013B,01 October 2023,31 October 2023
249570,FFF,2013B,01 October 2023,31 October 2023
252041,FFF,2013B,01 October 2023,31 October 2023
252095,FFF,2013B,01 October 2023,31 October 2023
254044,FFF,2013B,01 October 2023,31 October 2023
254162,FFF,2013B,01 October 2023,31 October 2023
254325,FFF,2013B,01 October 2023,31 October 2023
254463,FFF,2013B,01 October 2023,31 October 2023
255344,FFF,2013B,01 October 2023,31 October 2023
261335,FFF,2013B,01 October 2023,31 October 2023
263697,FFF,2013B,01 October 2023,31 October 2023
265112,FFF,2013B,01 October 2023,31 October 2023
265855,FFF,2013B,01 October 2023,31 October 2023
266559,FFF,2013B,01 October 2023,31 October 2023
266858,FFF,2013B,01 October 2023,31 October 2023
267602,FFF,2013B,01 October 2023,31 October 2023
269243,FFF,2013B,01 October 2023,31 October 2023
269593,FFF,2013B,01 October 2023,31 October 2023
269677,FFF,2013B,01 October 2023,31 October 2023
271168,FFF,2013B,01 October 2023,31 October 2023
273605,FFF,2013B,01 October 2023,31 October 2023
274237,FFF,2013B,01 October 2023,31 October 2023
275151,FFF,2013B,01 October 2023,31 October 2023
276314,FFF,2013B,01 October 2023,31 October 2023
276846,FFF,2013B,01 October 2023,31 October 2023
277044,FFF,2013B,01 October 2023,31 October 2023
278282,FFF,2013B,01 October 2023,31 October 2023
281651,FFF,2013B,01 October 2023,31 October 2023
281785,FFF,2013B,01 October 2023,31 October 2023
282879,FFF,2013B,01 October 2023,31 October 2023
283050,FFF,2013B,01 October 2023,31 October 2023
283055,FFF,2013B,01 October 2023,31 October 2023
283230,FFF,2013B,01 October 2023,31 October 2023
283348,FFF,2013B,01 October 2023,31 October 2023
284395,FFF,2013B,01 October 2023,31 October 2023
285391,FFF,2013B,01 October 2023,31 October 2023
285996,FFF,2013B,01 October 2023,31 October 2023
286067,FFF,2013B,01 October 2023,31 October 2023
286422,FFF,2013B,01 October 2023,31 October 2023
287099,FFF,2013B,01 October 2023,31 October 2023
289618,FFF,2013B,01 October 2023,31 October 2023
290252,FFF,2013B,01 October 2023,31 October 2023
291159,FFF,2013B,01 October 2023,31 October 2023
291960,FFF,2013B,01 October 2023,31 October 2023
294679,FFF,2013B,01 October 2023,31 October 2023
296911,FFF,2013B,01 October 2023,31 October 2023
299237,FFF,2013B,01 October 2023,31 October 2023
300264,FFF,2013B,01 October 2023,31 October 2023
301298,FFF,2013B,01 October 2023,31 October 2023
302924,FFF,2013B,01 October 2023,31 October 2023
303288,FFF,2013B,01 October 2023,31 October 2023
303595,FFF,2013B,01 October 2023,31 October 2023
307689,FFF,2013B,01 October 2023,31 October 2023
308363,FFF,2013B,01 October 2023,31 October 2023
309048,FFF,2013B,01 October 2023,31 October 2023
311401,FFF,2013B,01 October 2023,31 October 2023
313975,FFF,2013B,01 October 2023,31 October 2023
314507,FFF,2013B,01 October 2023,31 October 2023
314548,FFF,2013B,01 October 2023,31 October 2023
315945,FFF,2013B,01 October 2023,31 October 2023
318241,FFF,2013B,01 October 2023,31 October 2023
319563,FFF,2013B,01 October 2023,31 October 2023
319884,FFF,2013B,01 October 2023,31 October 2023
320251,FFF,2013B,01 October 2023,31 October 2023
320764,FFF,2013B,01 October 2023,31 October 2023
322106,FFF,2013B,01 October 2023,31 October 2023
322985,FFF,2013B,01 October 2023,31 October 2023
323809,FFF,2013B,01 October 2023,31 October 2023
324305,FFF,2013B,01 October 2023,31 October 2023
324447,FFF,2013B,01 October 2023,31 October 2023
327650,FFF,2013B,01 October 2023,31 October 2023
327797,FFF,2013B,01 October 2023,31 October 2023
328476,FFF,2013B,01 October 2023,31 October 2023
331104,FFF,2013B,01 October 2023,31 October 2023
331318,FFF,2013B,01 October 2023,31 October 2023
331883,FFF,2013B,01 October 2023,31 October 2023
332668,FFF,2013B,01 October 2023,31 October 2023
333346,FFF,2013B,01 October 2023,31 October 2023
333832,FFF,2013B,01 October 2023,31 October 2023
334134,FFF,2013B,01 October 2023,31 October 2023
334224,FFF,2013B,01 October 2023,31 October 2023
335242,FFF,2013B,01 October 2023,31 October 2023
336258,FFF,2013B,01 October 2023,31 October 2023
336362,FFF,2013B,01 October 2023,31 October 2023
337189,FFF,2013B,01 October 2023,31 October 2023
338089,FFF,2013B,01 October 2023,31 October 2023
338373,FFF,2013B,01 October 2023,31 October 2023
340496,FFF,2013B,01 October 2023,31 October 2023
340850,FFF,2013B,01 October 2023,31 October 2023
342125,FFF,2013B,01 October 2023,31 October 2023
342208,FFF,2013B,01 October 2023,31 October 2023
342475,FFF,2013B,01 October 2023,31 October 2023
343053,FFF,2013B,01 October 2023,31 October 2023
343913,FFF,2013B,01 October 2023,31 October 2023
345064,FFF,2013B,01 October 2023,31 October 2023
346207,FFF,2013B,01 October 2023,31 October 2023
346853,FFF,2013B,01 October 2023,31 October 2023
347410,FFF,2013B,01 October 2023,31 October 2023
348986,FFF,2013B,01 October 2023,31 October 2023
349359,FFF,2013B,01 October 2023,31 October 2023
349908,FFF,2013B,01 October 2023,31 October 2023
350660,FFF,2013B,01 October 2023,31 October 2023
351034,FFF,2013B,01 October 2023,31 October 2023
351378,FFF,2013B,01 October 2023,31 October 2023
351500,FFF,2013B,01 October 2023,31 October 2023
352152,FFF,2013B,01 October 2023,31 October 2023
353018,FFF,2013B,01 October 2023,31 October 2023
353221,FFF,2013B,01 October 2023,31 October 2023
354171,FFF,2013B,01 October 2023,31 October 2023
354173,FFF,2013B,01 October 2023,31 October 2023
354992,FFF,2013B,01 October 2023,31 October 2023
355149,FFF,2013B,01 October 2023,31 October 2023
355663,FFF,2013B,01 October 2023,31 October 2023
355738,FFF,2013B,01 October 2023,31 October 2023
357219,FFF,2013B,01 October 2023,31 October 2023
357297,FFF,2013B,01 October 2023,31 October 2023
358808,FFF,2013B,01 October 2023,31 October 2023
359156,FFF,2013B,01 October 2023,31 October 2023
359417,FFF,2013B,01 October 2023,31 October 2023
359640,FFF,2013B,01 October 2023,31 October 2023
359883,FFF,2013B,01 October 2023,31 October 2023
360024,FFF,2013B,01 October 2023,31 October 2023
360726,FFF,2013B,01 October 2023,31 October 2023
361837,FFF,2013B,01 October 2023,31 October 2023
362356,FFF,2013B,01 October 2023,31 October 2023
362668,FFF,2013B,01 October 2023,31 October 2023
363749,FFF,2013B,01 October 2023,31 October 2023
366492,FFF,2013B,01 October 2023,31 October 2023
366649,FFF,2013B,01 October 2023,31 October 2023
366836,FFF,2013B,01 October 2023,31 October 2023
367696,FFF,2013B,01 October 2023,31 October 2023
368507,FFF,2013B,01 October 2023,31 October 2023
368886,FFF,2013B,01 October 2023,31 October 2023
369811,FFF,2013B,01 October 2023,31 October 2023
370312,FFF,2013B,01 October 2023,31 October 2023
371169,FFF,2013B,01 October 2023,31 October 2023
371787,FFF,2013B,01 October 2023,31 October 2023
371810,FFF,2013B,01 October 2023,31 October 2023
373135,FFF,2013B,01 October 2023,31 October 2023
373613,FFF,2013B,01 October 2023,31 October 2023
376109,FFF,2013B,01 October 2023,31 October 2023
377046,FFF,2013B,01 October 2023,31 October 2023
377244,FFF,2013B,01 October 2023,31 October 2023
377274,FFF,2013B,01 October 2023,31 October 2023
378884,FFF,2013B,01 October 2023,31 October 2023
378950,FFF,2013B,01 October 2023,31 October 2023
379234,FFF,2013B,01 October 2023,31 October 2023
379558,FFF,2013B,01 October 2023,31 October 2023
381365,FFF,2013B,01 October 2023,31 October 2023
382086,FFF,2013B,01 October 2023,31 October 2023
382160,FFF,2013B,01 October 2023,31 October 2023
383018,FFF,2013B,01 October 2023,31 October 2023
383316,FFF,2013B,01 October 2023,31 October 2023
383388,FFF,2013B,01 October 2023,31 October 2023
383541,FFF,2013B,01 October 2023,31 October 2023
383558,FFF,2013B,01 October 2023,31 October 2023
383748,FFF,2013B,01 October 2023,31 October 2023
383907,FFF,2013B,01 October 2023,31 October 2023
383946,FFF,2013B,01 October 2023,31 October 2023
384866,FFF,2013B,01 October 2023,31 October 2023
385578,FFF,2013B,01 October 2023,31 October 2023
385681,FFF,2013B,01 October 2023,31 October 2023
386985,FFF,2013B,01 October 2023,31 October 2023
387174,FFF,2013B,01 October 2023,31 October 2023
387447,FFF,2013B,01 October 2023,31 October 2023
387635,FFF,2013B,01 October 2023,31 October 2023
388323,FFF,2013B,01 October 2023,31 October 2023
389759,FFF,2013B,01 October 2023,31 October 2023
389773,FFF,2013B,01 October 2023,31 October 2023
390400,FFF,2013B,01 October 2023,31 October 2023
390440,FFF,2013B,01 October 2023,31 October 2023
391613,FFF,2013B,01 October 2023,31 October 2023
391630,FFF,2013B,01 October 2023,31 October 2023
391822,FFF,2013B,01 October 2023,31 October 2023
391891,FFF,2013B,01 October 2023,31 October 2023
392217,FFF,2013B,01 October 2023,31 October 2023
392691,FFF,2013B,01 October 2023,31 October 2023
393918,FFF,2013B,01 October 2023,31 October 2023
393934,FFF,2013B,01 October 2023,31 October 2023
394347,FFF,2013B,01 October 2023,31 October 2023
394937,FFF,2013B,01 October 2023,31 October 2023
395010,FFF,2013B,01 October 2023,31 October 2023
395367,FFF,2013B,01 October 2023,31 October 2023
395463,FFF,2013B,01 October 2023,31 October 2023
395588,FFF,2013B,01 October 2023,31 October 2023
396679,FFF,2013B,01 October 2023,31 October 2023
396739,FFF,2013B,01 October 2023,31 October 2023
397297,FFF,2013B,01 October 2023,31 October 2023
397310,FFF,2013B,01 October 2023,31 October 2023
398040,FFF,2013B,01 October 2023,31 October 2023
398118,FFF,2013B,01 October 2023,31 October 2023
398656,FFF,2013B,01 October 2023,31 October 2023
398862,FFF,2013B,01 October 2023,31 October 2023
399895,FFF,2013B,01 October 2023,31 October 2023
400004,FFF,2013B,01 October 2023,31 October 2023
400010,FFF,2013B,01 October 2023,31 October 2023
400087,FFF,2013B,01 October 2023,31 October 2023
400632,FFF,2013B,01 October 2023,31 October 2023
401812,FFF,2013B,01 October 2023,31 October 2023
402531,FFF,2013B,01 October 2023,31 October 2023
403158,FFF,2013B,01 October 2023,31 October 2023
404135,FFF,2013B,01 October 2023,31 October 2023
404147,FFF,2013B,01 October 2023,31 October 2023
404170,FFF,2013B,01 October 2023,31 October 2023
404559,FFF,2013B,01 October 2023,31 October 2023
405219,FFF,2013B,01 October 2023,31 October 2023
405314,FFF,2013B,01 October 2023,31 October 2023
405889,FFF,2013B,01 October 2023,31 October 2023
407371,FFF,2013B,01 October 2023,31 October 2023
407670,FFF,2013B,01 October 2023,31 October 2023
407681,FFF,2013B,01 October 2023,31 October 2023
407968,FFF,2013B,01 October 2023,31 October 2023
408372,FFF,2013B,01 October 2023,31 October 2023
408651,FFF,2013B,01 October 2023,31 October 2023
408753,FFF,2013B,01 October 2023,31 October 2023
408762,FFF,2013B,01 October 2023,31 October 2023
409663,FFF,2013B,01 October 2023,31 October 2023
410874,FFF,2013B,01 October 2023,31 October 2023
411013,FFF,2013B,01 October 2023,31 October 2023
411553,FFF,2013B,01 October 2023,31 October 2023
412025,FFF,2013B,01 October 2023,31 October 2023
412102,FFF,2013B,01 October 2023,31 October 2023
412263,FFF,2013B,01 October 2023,31 October 2023
412307,FFF,2013B,01 October 2023,31 October 2023
413705,FFF,2013B,01 October 2023,31 October 2023
414258,FFF,2013B,01 October 2023,31 October 2023
415952,FFF,2013B,01 October 2023,31 October 2023
415988,FFF,2013B,01 October 2023,31 October 2023
416229,FFF,2013B,01 October 2023,31 October 2023
416696,FFF,2013B,01 October 2023,31 October 2023
416725,FFF,2013B,01 October 2023,31 October 2023
417863,FFF,2013B,01 October 2023,31 October 2023
418634,FFF,2013B,01 October 2023,31 October 2023
418998,FFF,2013B,01 October 2023,31 October 2023
419228,FFF,2013B,01 October 2023,31 October 2023
419565,FFF,2013B,01 October 2023,31 October 2023
419791,FFF,2013B,01 October 2023,31 October 2023
419946,FFF,2013B,01 October 2023,31 October 2023
420096,FFF,2013B,01 October 2023,31 October 2023
420673,FFF,2013B,01 October 2023,31 October 2023
420699,FFF,2013B,01 October 2023,31 October 2023
420720,FFF,2013B,01 October 2023,31 October 2023
420894,FFF,2013B,01 October 2023,31 October 2023
422061,FFF,2013B,01 October 2023,31 October 2023
422087,FFF,2013B,01 October 2023,31 October 2023
422280,FFF,2013B,01 October 2023,31 October 2023
422340,FFF,2013B,01 October 2023,31 October 2023
423601,FFF,2013B,01 October 2023,31 October 2023
423985,FFF,2013B,01 October 2023,31 October 2023
424544,FFF,2013B,01 October 2023,31 October 2023
425748,FFF,2013B,01 October 2023,31 October 2023
425755,FFF,2013B,01 October 2023,31 October 2023
425997,FFF,2013B,01 October 2023,31 October 2023
426074,FFF,2013B,01 October 2023,31 October 2023
426465,FFF,2013B,01 October 2023,31 October 2023
427228,FFF,2013B,01 October 2023,31 October 2023
427348,FFF,2013B,01 October 2023,31 October 2023
428142,FFF,2013B,01 October 2023,31 October 2023
428641,FFF,2013B,01 October 2023,31 October 2023
428932,FFF,2013B,01 October 2023,31 October 2023
428979,FFF,2013B,01 October 2023,31 October 2023
429162,FFF,2013B,01 October 2023,31 October 2023
430554,FFF,2013B,01 October 2023,31 October 2023
430870,FFF,2013B,01 October 2023,31 October 2023
431251,FFF,2013B,01 October 2023,31 October 2023
431268,FFF,2013B,01 October 2023,31 October 2023
432222,FFF,2013B,01 October 2023,31 October 2023
432532,FFF,2013B,01 October 2023,31 October 2023
434298,FFF,2013B,01 October 2023,31 October 2023
434476,FFF,2013B,01 October 2023,31 October 2023
435043,FFF,2013B,01 October 2023,31 October 2023
435258,FFF,2013B,01 October 2023,31 October 2023
437246,FFF,2013B,01 October 2023,31 October 2023
437752,FFF,2013B,01 October 2023,31 October 2023
437872,FFF,2013B,01 October 2023,31 October 2023
438323,FFF,2013B,01 October 2023,31 October 2023
438452,FFF,2013B,01 October 2023,31 October 2023
439002,FFF,2013B,01 October 2023,31 October 2023
440288,FFF,2013B,01 October 2023,31 October 2023
440632,FFF,2013B,01 October 2023,31 October 2023
440825,FFF,2013B,01 October 2023,31 October 2023
440851,FFF,2013B,01 October 2023,31 October 2023
440911,FFF,2013B,01 October 2023,31 October 2023
441421,FFF,2013B,01 October 2023,31 October 2023
441954,FFF,2013B,01 October 2023,31 October 2023
442436,FFF,2013B,01 October 2023,31 October 2023
443563,FFF,2013B,01 October 2023,31 October 2023
443696,FFF,2013B,01 October 2023,31 October 2023
443950,FFF,2013B,01 October 2023,31 October 2023
443989,FFF,2013B,01 October 2023,31 October 2023
446440,FFF,2013B,01 October 2023,31 October 2023
446825,FFF,2013B,01 October 2023,31 October 2023
447036,FFF,2013B,01 October 2023,31 October 2023
447127,FFF,2013B,01 October 2023,31 October 2023
464616,FFF,2013B,01 October 2023,31 October 2023
464755,FFF,2013B,01 October 2023,31 October 2023
464785,FFF,2013B,01 October 2023,31 October 2023
465175,FFF,2013B,01 October 2023,31 October 2023
465312,FFF,2013B,01 October 2023,31 October 2023
465430,FFF,2013B,01 October 2023,31 October 2023
466203,FFF,2013B,01 October 2023,31 October 2023
466329,FFF,2013B,01 October 2023,31 October 2023
466582,FFF,2013B,01 October 2023,31 October 2023
466599,FFF,2013B,01 October 2023,31 October 2023
466828,FFF,2013B,01 October 2023,31 October 2023
467416,FFF,2013B,01 October 2023,31 October 2023
467506,FFF,2013B,01 October 2023,31 October 2023
467700,FFF,2013B,01 October 2023,31 October 2023
467725,FFF,2013B,01 October 2023,31 October 2023
467854,FFF,2013B,01 October 2023,31 October 2023
468497,FFF,2013B,01 October 2023,31 October 2023
468908,FFF,2013B,01 October 2023,31 October 2023
469154,FFF,2013B,01 October 2023,31 October 2023
469743,FFF,2013B,01 October 2023,31 October 2023
470786,FFF,2013B,01 October 2023,31 October 2023
472602,FFF,2013B,01 October 2023,31 October 2023
472810,FFF,2013B,01 October 2023,31 October 2023
472981,FFF,2013B,01 October 2023,31 October 2023
473081,FFF,2013B,01 October 2023,31 October 2023
473102,FFF,2013B,01 October 2023,31 October 2023
473162,FFF,2013B,01 October 2023,31 October 2023
473789,FFF,2013B,01 October 2023,31 October 2023
474256,FFF,2013B,01 October 2023,31 October 2023
474677,FFF,2013B,01 October 2023,31 October 2023
475681,FFF,2013B,01 October 2023,31 October 2023
476194,FFF,2013B,01 October 2023,31 October 2023
476845,FFF,2013B,01 October 2023,31 October 2023
476946,FFF,2013B,01 October 2023,31 October 2023
477812,FFF,2013B,01 October 2023,31 October 2023
478279,FFF,2013B,01 October 2023,31 October 2023
478337,FFF,2013B,01 October 2023,31 October 2023
478432,FFF,2013B,01 October 2023,31 October 2023
478660,FFF,2013B,01 October 2023,31 October 2023
478685,FFF,2013B,01 October 2023,31 October 2023
479057,FFF,2013B,01 October 2023,31 October 2023
479356,FFF,2013B,01 October 2023,31 October 2023
479764,FFF,2013B,01 October 2023,31 October 2023
479828,FFF,2013B,01 October 2023,31 October 2023
479860,FFF,2013B,01 October 2023,31 October 2023
479892,FFF,2013B,01 October 2023,31 October 2023
479922,FFF,2013B,01 October 2023,31 October 2023
480014,FFF,2013B,01 October 2023,31 October 2023
480181,FFF,2013B,01 October 2023,31 October 2023
480199,FFF,2013B,01 October 2023,31 October 2023
480937,FFF,2013B,01 October 2023,31 October 2023
480960,FFF,2013B,01 October 2023,31 October 2023
480981,FFF,2013B,01 October 2023,31 October 2023
480984,FFF,2013B,01 October 2023,31 October 2023
481227,FFF,2013B,01 October 2023,31 October 2023
481367,FFF,2013B,01 October 2023,31 October 2023
481453,FFF,2013B,01 October 2023,31 October 2023
482071,FFF,2013B,01 October 2023,31 October 2023
482187,FFF,2013B,01 October 2023,31 October 2023
482264,FFF,2013B,01 October 2023,31 October 2023
482268,FFF,2013B,01 October 2023,31 October 2023
482275,FFF,2013B,01 October 2023,31 October 2023
482513,FFF,2013B,01 October 2023,31 October 2023
483117,FFF,2013B,01 October 2023,31 October 2023
483179,FFF,2013B,01 October 2023,31 October 2023
483620,FFF,2013B,01 October 2023,31 October 2023
483743,FFF,2013B,01 October 2023,31 October 2023
483872,FFF,2013B,01 October 2023,31 October 2023
483997,FFF,2013B,01 October 2023,31 October 2023
484165,FFF,2013B,01 October 2023,31 October 2023
484242,FFF,2013B,01 October 2023,31 October 2023
484458,FFF,2013B,01 October 2023,31 October 2023
484556,FFF,2013B,01 October 2023,31 October 2023
484780,FFF,2013B,01 October 2023,31 October 2023
484790,FFF,2013B,01 October 2023,31 October 2023
484947,FFF,2013B,01 October 2023,31 October 2023
485412,FFF,2013B,01 October 2023,31 October 2023
485528,FFF,2013B,01 October 2023,31 October 2023
485544,FFF,2013B,01 October 2023,31 October 2023
485768,FFF,2013B,01 October 2023,31 October 2023
486007,FFF,2013B,01 October 2023,31 October 2023
486145,FFF,2013B,01 October 2023,31 October 2023
487168,FFF,2013B,01 October 2023,31 October 2023
487271,FFF,2013B,01 October 2023,31 October 2023
487636,FFF,2013B,01 October 2023,31 October 2023
488386,FFF,2013B,01 October 2023,31 October 2023
488675,FFF,2013B,01 October 2023,31 October 2023
488968,FFF,2013B,01 October 2023,31 October 2023
489443,FFF,2013B,01 October 2023,31 October 2023
490082,FFF,2013B,01 October 2023,31 October 2023
490156,FFF,2013B,01 October 2023,31 October 2023
490195,FFF,2013B,01 October 2023,31 October 2023
490284,FFF,2013B,01 October 2023,31 October 2023
491004,FFF,2013B,01 October 2023,31 October 2023
491011,FFF,2013B,01 October 2023,31 October 2023
491503,FFF,2013B,01 October 2023,31 October 2023
491636,FFF,2013B,01 October 2023,31 October 2023
492111,FFF,2013B,01 October 2023,31 October 2023
494164,FFF,2013B,01 October 2023,31 October 2023
494165,FFF,2013B,01 October 2023,31 October 2023
494340,FFF,2013B,01 October 2023,31 October 2023
494443,FFF,2013B,01 October 2023,31 October 2023
494622,FFF,2013B,01 October 2023,31 October 2023
494866,FFF,2013B,01 October 2023,31 October 2023
494903,FFF,2013B,01 October 2023,31 October 2023
495318,FFF,2013B,01 October 2023,31 October 2023
495621,FFF,2013B,01 October 2023,31 October 2023
495776,FFF,2013B,01 October 2023,31 October 2023
496470,FFF,2013B,01 October 2023,31 October 2023
496491,FFF,2013B,01 October 2023,31 October 2023
496561,FFF,2013B,01 October 2023,31 October 2023
496657,FFF,2013B,01 October 2023,31 October 2023
496671,FFF,2013B,01 October 2023,31 October 2023
497102,FFF,2013B,01 October 2023,31 October 2023
497139,FFF,2013B,01 October 2023,31 October 2023
497180,FFF,2013B,01 October 2023,31 October 2023
497211,FFF,2013B,01 October 2023,31 October 2023
497226,FFF,2013B,01 October 2023,31 October 2023
497410,FFF,2013B,01 October 2023,31 October 2023
497855,FFF,2013B,01 October 2023,31 October 2023
497891,FFF,2013B,01 October 2023,31 October 2023
497897,FFF,2013B,01 October 2023,31 October 2023
498269,FFF,2013B,01 October 2023,31 October 2023
498554,FFF,2013B,01 October 2023,31 October 2023
498578,FFF,2013B,01 October 2023,31 October 2023
498636,FFF,2013B,01 October 2023,31 October 2023
499244,FFF,2013B,01 October 2023,31 October 2023
499354,FFF,2013B,01 October 2023,31 October 2023
499372,FFF,2013B,01 October 2023,31 October 2023
499419,FFF,2013B,01 October 2023,31 October 2023
499993,FFF,2013B,01 October 2023,31 October 2023
500230,FFF,2013B,01 October 2023,31 October 2023
500652,FFF,2013B,01 October 2023,31 October 2023
501302,FFF,2013B,01 October 2023,31 October 2023
501411,FFF,2013B,01 October 2023,31 October 2023
501493,FFF,2013B,01 October 2023,31 October 2023
501755,FFF,2013B,01 October 2023,31 October 2023
501869,FFF,2013B,01 October 2023,31 October 2023
502361,FFF,2013B,01 October 2023,31 October 2023
502512,FFF,2013B,01 October 2023,31 October 2023
502517,FFF,2013B,01 October 2023,31 October 2023
502531,FFF,2013B,01 October 2023,31 October 2023
502900,FFF,2013B,01 October 2023,31 October 2023
502973,FFF,2013B,01 October 2023,31 October 2023
503134,FFF,2013B,01 October 2023,31 October 2023
503544,FFF,2013B,01 October 2023,31 October 2023
503668,FFF,2013B,01 October 2023,31 October 2023
504157,FFF,2013B,01 October 2023,31 October 2023
504162,FFF,2013B,01 October 2023,31 October 2023
504190,FFF,2013B,01 October 2023,31 October 2023
504200,FFF,2013B,01 October 2023,31 October 2023
504231,FFF,2013B,01 October 2023,31 October 2023
504243,FFF,2013B,01 October 2023,31 October 2023
504533,FFF,2013B,01 October 2023,31 October 2023
504737,FFF,2013B,01 October 2023,31 October 2023
504741,FFF,2013B,01 October 2023,31 October 2023
504824,FFF,2013B,01 October 2023,31 October 2023
504956,FFF,2013B,01 October 2023,31 October 2023
505002,FFF,2013B,01 October 2023,31 October 2023
505199,FFF,2013B,01 October 2023,31 October 2023
505244,FFF,2013B,01 October 2023,31 October 2023
505315,FFF,2013B,01 October 2023,31 October 2023
505488,FFF,2013B,01 October 2023,31 October 2023
505501,FFF,2013B,01 October 2023,31 October 2023
505508,FFF,2013B,01 October 2023,31 October 2023
506092,FFF,2013B,01 October 2023,31 October 2023
506321,FFF,2013B,01 October 2023,31 October 2023
506412,FFF,2013B,01 October 2023,31 October 2023
506930,FFF,2013B,01 October 2023,31 October 2023
508068,FFF,2013B,01 October 2023,31 October 2023
508288,FFF,2013B,01 October 2023,31 October 2023
508572,FFF,2013B,01 October 2023,31 October 2023
508749,FFF,2013B,01 October 2023,31 October 2023
508830,FFF,2013B,01 October 2023,31 October 2023
508927,FFF,2013B,01 October 2023,31 October 2023
509535,FFF,2013B,01 October 2023,31 October 2023
510027,FFF,2013B,01 October 2023,31 October 2023
510186,FFF,2013B,01 October 2023,31 October 2023
510335,FFF,2013B,01 October 2023,31 October 2023
510693,FFF,2013B,01 October 2023,31 October 2023
510759,FFF,2013B,01 October 2023,31 October 2023
510883,FFF,2013B,01 October 2023,31 October 2023
511005,FFF,2013B,01 October 2023,31 October 2023
511340,FFF,2013B,01 October 2023,31 October 2023
511762,FFF,2013B,01 October 2023,31 October 2023
511990,FFF,2013B,01 October 2023,31 October 2023
512305,FFF,2013B,01 October 2023,31 October 2023
512961,FFF,2013B,01 October 2023,31 October 2023
513172,FFF,2013B,01 October 2023,31 October 2023
513266,FFF,2013B,01 October 2023,31 October 2023
513268,FFF,2013B,01 October 2023,31 October 2023
513428,FFF,2013B,01 October 2023,31 October 2023
514096,FFF,2013B,01 October 2023,31 October 2023
514580,FFF,2013B,01 October 2023,31 October 2023
514605,FFF,2013B,01 October 2023,31 October 2023
514675,FFF,2013B,01 October 2023,31 October 2023
514756,FFF,2013B,01 October 2023,31 October 2023
514903,FFF,2013B,01 October 2023,31 October 2023
514913,FFF,2013B,01 October 2023,31 October 2023
514969,FFF,2013B,01 October 2023,31 October 2023
515070,FFF,2013B,01 October 2023,31 October 2023
515370,FFF,2013B,01 October 2023,31 October 2023
515844,FFF,2013B,01 October 2023,31 October 2023
515938,FFF,2013B,01 October 2023,31 October 2023
516222,FFF,2013B,01 October 2023,31 October 2023
516435,FFF,2013B,01 October 2023,31 October 2023
516519,FFF,2013B,01 October 2023,31 October 2023
517062,FFF,2013B,01 October 2023,31 October 2023
517195,FFF,2013B,01 October 2023,31 October 2023
517269,FFF,2013B,01 October 2023,31 October 2023
517349,FFF,2013B,01 October 2023,31 October 2023
517362,FFF,2013B,01 October 2023,31 October 2023
517486,FFF,2013B,01 October 2023,31 October 2023
517569,FFF,2013B,01 October 2023,31 October 2023
517850,FFF,2013B,01 October 2023,31 October 2023
518288,FFF,2013B,01 October 2023,31 October 2023
518385,FFF,2013B,01 October 2023,31 October 2023
518412,FFF,2013B,01 October 2023,31 October 2023
518771,FFF,2013B,01 October 2023,31 October 2023
518831,FFF,2013B,01 October 2023,31 October 2023
519155,FFF,2013B,01 October 2023,31 October 2023
519472,FFF,2013B,01 October 2023,31 October 2023
519500,FFF,2013B,01 October 2023,31 October 2023
519510,FFF,2013B,01 October 2023,31 October 2023
519540,FFF,2013B,01 October 2023,31 October 2023
519600,FFF,2013B,01 October 2023,31 October 2023
519715,FFF,2013B,01 October 2023,31 October 2023
519936,FFF,2013B,01 October 2023,31 October 2023
519969,FFF,2013B,01 October 2023,31 October 2023
520061,FFF,2013B,01 October 2023,31 October 2023
520073,FFF,2013B,01 October 2023,31 October 2023
520082,FFF,2013B,01 October 2023,31 October 2023
520097,FFF,2013B,01 October 2023,31 October 2023
520187,FFF,2013B,01 October 2023,31 October 2023
520307,FFF,2013B,01 October 2023,31 October 2023
520360,FFF,2013B,01 October 2023,31 October 2023
520525,FFF,2013B,01 October 2023,31 October 2023
520544,FFF,2013B,01 October 2023,31 October 2023
520711,FFF,2013B,01 October 2023,31 October 2023
520857,FFF,2013B,01 October 2023,31 October 2023
520873,FFF,2013B,01 October 2023,31 October 2023
521109,FFF,2013B,01 October 2023,31 October 2023
521377,FFF,2013B,01 October 2023,31 October 2023
521526,FFF,2013B,01 October 2023,31 October 2023
522023,FFF,2013B,01 October 2023,31 October 2023
522433,FFF,2013B,01 October 2023,31 October 2023
522479,FFF,2013B,01 October 2023,31 October 2023
522718,FFF,2013B,01 October 2023,31 October 2023
522743,FFF,2013B,01 October 2023,31 October 2023
522850,FFF,2013B,01 October 2023,31 October 2023
522859,FFF,2013B,01 October 2023,31 October 2023
522862,FFF,2013B,01 October 2023,31 October 2023
522923,FFF,2013B,01 October 2023,31 October 2023
523142,FFF,2013B,01 October 2023,31 October 2023
523700,FFF,2013B,01 October 2023,31 October 2023
523833,FFF,2013B,01 October 2023,31 October 2023
523841,FFF,2013B,01 October 2023,31 October 2023
523940,FFF,2013B,01 October 2023,31 October 2023
524227,FFF,2013B,01 October 2023,31 October 2023
524361,FFF,2013B,01 October 2023,31 October 2023
524377,FFF,2013B,01 October 2023,31 October 2023
524466,FFF,2013B,01 October 2023,31 October 2023
524609,FFF,2013B,01 October 2023,31 October 2023
524825,FFF,2013B,01 October 2023,31 October 2023
524984,FFF,2013B,01 October 2023,31 October 2023
525353,FFF,2013B,01 October 2023,31 October 2023
525469,FFF,2013B,01 October 2023,31 October 2023
525490,FFF,2013B,01 October 2023,31 October 2023
525512,FFF,2013B,01 October 2023,31 October 2023
525557,FFF,2013B,01 October 2023,31 October 2023
525624,FFF,2013B,01 October 2023,31 October 2023
525632,FFF,2013B,01 October 2023,31 October 2023
525700,FFF,2013B,01 October 2023,31 October 2023
526060,FFF,2013B,01 October 2023,31 October 2023
526151,FFF,2013B,01 October 2023,31 October 2023
526303,FFF,2013B,01 October 2023,31 October 2023
526356,FFF,2013B,01 October 2023,31 October 2023
526417,FFF,2013B,01 October 2023,31 October 2023
526420,FFF,2013B,01 October 2023,31 October 2023
526527,FFF,2013B,01 October 2023,31 October 2023
526549,FFF,2013B,01 October 2023,31 October 2023
526551,FFF,2013B,01 October 2023,31 October 2023
526559,FFF,2013B,01 October 2023,31 October 2023
526589,FFF,2013B,01 October 2023,31 October 2023
526761,FFF,2013B,01 October 2023,31 October 2023
526818,FFF,2013B,01 October 2023,31 October 2023
526819,FFF,2013B,01 October 2023,31 October 2023
526896,FFF,2013B,01 October 2023,31 October 2023
526980,FFF,2013B,01 October 2023,31 October 2023
527225,FFF,2013B,01 October 2023,31 October 2023
527505,FFF,2013B,01 October 2023,31 October 2023
527601,FFF,2013B,01 October 2023,31 October 2023
527622,FFF,2013B,01 October 2023,31 October 2023
527685,FFF,2013B,01 October 2023,31 October 2023
527744,FFF,2013B,01 October 2023,31 October 2023
527927,FFF,2013B,01 October 2023,31 October 2023
527991,FFF,2013B,01 October 2023,31 October 2023
528071,FFF,2013B,01 October 2023,31 October 2023
528075,FFF,2013B,01 October 2023,31 October 2023
528264,FFF,2013B,01 October 2023,31 October 2023
528302,FFF,2013B,01 October 2023,31 October 2023
528351,FFF,2013B,01 October 2023,31 October 2023
528424,FFF,2013B,01 October 2023,31 October 2023
528509,FFF,2013B,01 October 2023,31 October 2023
528517,FFF,2013B,01 October 2023,31 October 2023
528662,FFF,2013B,01 October 2023,31 October 2023
528713,FFF,2013B,01 October 2023,31 October 2023
528734,FFF,2013B,01 October 2023,31 October 2023
528782,FFF,2013B,01 October 2023,31 October 2023
528879,FFF,2013B,01 October 2023,31 October 2023
528992,FFF,2013B,01 October 2023,31 October 2023
528996,FFF,2013B,01 October 2023,31 October 2023
529030,FFF,2013B,01 October 2023,31 October 2023
529097,FFF,2013B,01 October 2023,31 October 2023
529175,FFF,2013B,01 October 2023,31 October 2023
529240,FFF,2013B,01 October 2023,31 October 2023
529277,FFF,2013B,01 October 2023,31 October 2023
529297,FFF,2013B,01 October 2023,31 October 2023
529349,FFF,2013B,01 October 2023,31 October 2023
529366,FFF,2013B,01 October 2023,31 October 2023
529381,FFF,2013B,01 October 2023,31 October 2023
529412,FFF,2013B,01 October 2023,31 October 2023
529486,FFF,2013B,01 October 2023,31 October 2023
529493,FFF,2013B,01 October 2023,31 October 2023
529561,FFF,2013B,01 October 2023,31 October 2023
529563,FFF,2013B,01 October 2023,31 October 2023
529565,FFF,2013B,01 October 2023,31 October 2023
529566,FFF,2013B,01 October 2023,31 October 2023
529567,FFF,2013B,01 October 2023,31 October 2023
529569,FFF,2013B,01 October 2023,31 October 2023
529572,FFF,2013B,01 October 2023,31 October 2023
529644,FFF,2013B,01 October 2023,31 October 2023
529689,FFF,2013B,01 October 2023,31 October 2023
529762,FFF,2013B,01 October 2023,31 October 2023
529834,FFF,2013B,01 October 2023,31 October 2023
529864,FFF,2013B,01 October 2023,31 October 2023
529870,FFF,2013B,01 October 2023,31 October 2023
529871,FFF,2013B,01 October 2023,31 October 2023
529991,FFF,2013B,01 October 2023,31 October 2023
530057,FFF,2013B,01 October 2023,31 October 2023
530296,FFF,2013B,01 October 2023,31 October 2023
530344,FFF,2013B,01 October 2023,31 October 2023
530445,FFF,2013B,01 October 2023,31 October 2023
530558,FFF,2013B,01 October 2023,31 October 2023
530567,FFF,2013B,01 October 2023,31 October 2023
530676,FFF,2013B,01 October 2023,31 October 2023
530736,FFF,2013B,01 October 2023,31 October 2023
530802,FFF,2013B,01 October 2023,31 October 2023
530852,FFF,2013B,01 October 2023,31 October 2023
530853,FFF,2013B,01 October 2023,31 October 2023
530862,FFF,2013B,01 October 2023,31 October 2023
530944,FFF,2013B,01 October 2023,31 October 2023
531077,FFF,2013B,01 October 2023,31 October 2023
531124,FFF,2013B,01 October 2023,31 October 2023
531182,FFF,2013B,01 October 2023,31 October 2023
531190,FFF,2013B,01 October 2023,31 October 2023
531251,FFF,2013B,01 October 2023,31 October 2023
531270,FFF,2013B,01 October 2023,31 October 2023
531294,FFF,2013B,01 October 2023,31 October 2023
531397,FFF,2013B,01 October 2023,31 October 2023
531448,FFF,2013B,01 October 2023,31 October 2023
531629,FFF,2013B,01 October 2023,31 October 2023
531667,FFF,2013B,01 October 2023,31 October 2023
531709,FFF,2013B,01 October 2023,31 October 2023
531791,FFF,2013B,01 October 2023,31 October 2023
531866,FFF,2013B,01 October 2023,31 October 2023
531894,FFF,2013B,01 October 2023,31 October 2023
531905,FFF,2013B,01 October 2023,31 October 2023
532049,FFF,2013B,01 October 2023,31 October 2023
532050,FFF,2013B,01 October 2023,31 October 2023
532062,FFF,2013B,01 October 2023,31 October 2023
532428,FFF,2013B,01 October 2023,31 October 2023
532436,FFF,2013B,01 October 2023,31 October 2023
532464,FFF,2013B,01 October 2023,31 October 2023
532476,FFF,2013B,01 October 2023,31 October 2023
532575,FFF,2013B,01 October 2023,31 October 2023
532578,FFF,2013B,01 October 2023,31 October 2023
532589,FFF,2013B,01 October 2023,31 October 2023
532608,FFF,2013B,01 October 2023,31 October 2023
532627,FFF,2013B,01 October 2023,31 October 2023
532703,FFF,2013B,01 October 2023,31 October 2023
532715,FFF,2013B,01 October 2023,31 October 2023
532968,FFF,2013B,01 October 2023,31 October 2023
533016,FFF,2013B,01 October 2023,31 October 2023
533044,FFF,2013B,01 October 2023,31 October 2023
533134,FFF,2013B,01 October 2023,31 October 2023
533172,FFF,2013B,01 October 2023,31 October 2023
533198,FFF,2013B,01 October 2023,31 October 2023
533201,FFF,2013B,01 October 2023,31 October 2023
533321,FFF,2013B,01 October 2023,31 October 2023
533348,FFF,2013B,01 October 2023,31 October 2023
533458,FFF,2013B,01 October 2023,31 October 2023
533485,FFF,2013B,01 October 2023,31 October 2023
533535,FFF,2013B,01 October 2023,31 October 2023
533614,FFF,2013B,01 October 2023,31 October 2023
533709,FFF,2013B,01 October 2023,31 October 2023
533874,FFF,2013B,01 October 2023,31 October 2023
533929,FFF,2013B,01 October 2023,31 October 2023
533944,FFF,2013B,01 October 2023,31 October 2023
533997,FFF,2013B,01 October 2023,31 October 2023
534014,FFF,2013B,01 October 2023,31 October 2023
534037,FFF,2013B,01 October 2023,31 October 2023
534064,FFF,2013B,01 October 2023,31 October 2023
534234,FFF,2013B,01 October 2023,31 October 2023
534346,FFF,2013B,01 October 2023,31 October 2023
534431,FFF,2013B,01 October 2023,31 October 2023
534602,FFF,2013B,01 October 2023,31 October 2023
534609,FFF,2013B,01 October 2023,31 October 2023
534750,FFF,2013B,01 October 2023,31 October 2023
534784,FFF,2013B,01 October 2023,31 October 2023
534792,FFF,2013B,01 October 2023,31 October 2023
534854,FFF,2013B,01 October 2023,31 October 2023
534856,FFF,2013B,01 October 2023,31 October 2023
534892,FFF,2013B,01 October 2023,31 October 2023
534913,FFF,2013B,01 October 2023,31 October 2023
534944,FFF,2013B,01 October 2023,31 October 2023
534952,FFF,2013B,01 October 2023,31 October 2023
534958,FFF,2013B,01 October 2023,31 October 2023
534962,FFF,2013B,01 October 2023,31 October 2023
534989,FFF,2013B,01 October 2023,31 October 2023
535037,FFF,2013B,01 October 2023,31 October 2023
535052,FFF,2013B,01 October 2023,31 October 2023
535228,FFF,2013B,01 October 2023,31 October 2023
535276,FFF,2013B,01 October 2023,31 October 2023
535324,FFF,2013B,01 October 2023,31 October 2023
535390,FFF,2013B,01 October 2023,31 October 2023
535460,FFF,2013B,01 October 2023,31 October 2023
535628,FFF,2013B,01 October 2023,31 October 2023
535662,FFF,2013B,01 October 2023,31 October 2023
535761,FFF,2013B,01 October 2023,31 October 2023
535804,FFF,2013B,01 October 2023,31 October 2023
535981,FFF,2013B,01 October 2023,31 October 2023
536038,FFF,2013B,01 October 2023,31 October 2023
536046,FFF,2013B,01 October 2023,31 October 2023
536103,FFF,2013B,01 October 2023,31 October 2023
536125,FFF,2013B,01 October 2023,31 October 2023
536147,FFF,2013B,01 October 2023,31 October 2023
536178,FFF,2013B,01 October 2023,31 October 2023
536214,FFF,2013B,01 October 2023,31 October 2023
536454,FFF,2013B,01 October 2023,31 October 2023
536455,FFF,2013B,01 October 2023,31 October 2023
536503,FFF,2013B,01 October 2023,31 October 2023
536556,FFF,2013B,01 October 2023,31 October 2023
536591,FFF,2013B,01 October 2023,31 October 2023
536593,FFF,2013B,01 October 2023,31 October 2023
536681,FFF,2013B,01 October 2023,31 October 2023
536698,FFF,2013B,01 October 2023,31 October 2023
536843,FFF,2013B,01 October 2023,31 October 2023
536906,FFF,2013B,01 October 2023,31 October 2023
536930,FFF,2013B,01 October 2023,31 October 2023
536950,FFF,2013B,01 October 2023,31 October 2023
537000,FFF,2013B,01 October 2023,31 October 2023
537028,FFF,2013B,01 October 2023,31 October 2023
537133,FFF,2013B,01 October 2023,31 October 2023
537151,FFF,2013B,01 October 2023,31 October 2023
537335,FFF,2013B,01 October 2023,31 October 2023
537394,FFF,2013B,01 October 2023,31 October 2023
537515,FFF,2013B,01 October 2023,31 October 2023
537645,FFF,2013B,01 October 2023,31 October 2023
537656,FFF,2013B,01 October 2023,31 October 2023
537672,FFF,2013B,01 October 2023,31 October 2023
537674,FFF,2013B,01 October 2023,31 October 2023
537683,FFF,2013B,01 October 2023,31 October 2023
537687,FFF,2013B,01 October 2023,31 October 2023
537700,FFF,2013B,01 October 2023,31 October 2023
537728,FFF,2013B,01 October 2023,31 October 2023
537955,FFF,2013B,01 October 2023,31 October 2023
537980,FFF,2013B,01 October 2023,31 October 2023
537995,FFF,2013B,01 October 2023,31 October 2023
538045,FFF,2013B,01 October 2023,31 October 2023
538051,FFF,2013B,01 October 2023,31 October 2023
538202,FFF,2013B,01 October 2023,31 October 2023
538916,FFF,2013B,01 October 2023,31 October 2023
538941,FFF,2013B,01 October 2023,31 October 2023
538949,FFF,2013B,01 October 2023,31 October 2023
539117,FFF,2013B,01 October 2023,31 October 2023
539128,FFF,2013B,01 October 2023,31 October 2023
539219,FFF,2013B,01 October 2023,31 October 2023
539241,FFF,2013B,01 October 2023,31 October 2023
539308,FFF,2013B,01 October 2023,31 October 2023
539332,FFF,2013B,01 October 2023,31 October 2023
539359,FFF,2013B,01 October 2023,31 October 2023
539364,FFF,2013B,01 October 2023,31 October 2023
539401,FFF,2013B,01 October 2023,31 October 2023
539440,FFF,2013B,01 October 2023,31 October 2023
539468,FFF,2013B,01 October 2023,31 October 2023
539497,FFF,2013B,01 October 2023,31 October 2023
539668,FFF,2013B,01 October 2023,31 October 2023
539759,FFF,2013B,01 October 2023,31 October 2023
539774,FFF,2013B,01 October 2023,31 October 2023
539886,FFF,2013B,01 October 2023,31 October 2023
539896,FFF,2013B,01 October 2023,31 October 2023
539922,FFF,2013B,01 October 2023,31 October 2023
539953,FFF,2013B,01 October 2023,31 October 2023
539963,FFF,2013B,01 October 2023,31 October 2023
539994,FFF,2013B,01 October 2023,31 October 2023
540054,FFF,2013B,01 October 2023,31 October 2023
540147,FFF,2013B,01 October 2023,31 October 2023
540155,FFF,2013B,01 October 2023,31 October 2023
540160,FFF,2013B,01 October 2023,31 October 2023
540209,FFF,2013B,01 October 2023,31 October 2023
540224,FFF,2013B,01 October 2023,31 October 2023
540549,FFF,2013B,01 October 2023,31 October 2023
540577,FFF,2013B,01 October 2023,31 October 2023
540581,FFF,2013B,01 October 2023,31 October 2023
540637,FFF,2013B,01 October 2023,31 October 2023
540713,FFF,2013B,01 October 2023,31 October 2023
540727,FFF,2013B,01 October 2023,31 October 2023
540800,FFF,2013B,01 October 2023,31 October 2023
540801,FFF,2013B,01 October 2023,31 October 2023
540997,FFF,2013B,01 October 2023,31 October 2023
541101,FFF,2013B,01 October 2023,31 October 2023
541327,FFF,2013B,01 October 2023,31 October 2023
541349,FFF,2013B,01 October 2023,31 October 2023
541369,FFF,2013B,01 October 2023,31 October 2023
541418,FFF,2013B,01 October 2023,31 October 2023
541521,FFF,2013B,01 October 2023,31 October 2023
541579,FFF,2013B,01 October 2023,31 October 2023
541753,FFF,2013B,01 October 2023,31 October 2023
541781,FFF,2013B,01 October 2023,31 October 2023
541923,FFF,2013B,01 October 2023,31 October 2023
542003,FFF,2013B,01 October 2023,31 October 2023
542020,FFF,2013B,01 October 2023,31 October 2023
542026,FFF,2013B,01 October 2023,31 October 2023
542062,FFF,2013B,01 October 2023,31 October 2023
542100,FFF,2013B,01 October 2023,31 October 2023
542356,FFF,2013B,01 October 2023,31 October 2023
542386,FFF,2013B,01 October 2023,31 October 2023
542506,FFF,2013B,01 October 2023,31 October 2023
542536,FFF,2013B,01 October 2023,31 October 2023
542550,FFF,2013B,01 October 2023,31 October 2023
542635,FFF,2013B,01 October 2023,31 October 2023
542646,FFF,2013B,01 October 2023,31 October 2023
542653,FFF,2013B,01 October 2023,31 October 2023
542657,FFF,2013B,01 October 2023,31 October 2023
542987,FFF,2013B,01 October 2023,31 October 2023
543010,FFF,2013B,01 October 2023,31 October 2023
543019,FFF,2013B,01 October 2023,31 October 2023
543054,FFF,2013B,01 October 2023,31 October 2023
543095,FFF,2013B,01 October 2023,31 October 2023
543113,FFF,2013B,01 October 2023,31 October 2023
543155,FFF,2013B,01 October 2023,31 October 2023
543295,FFF,2013B,01 October 2023,31 October 2023
543384,FFF,2013B,01 October 2023,31 October 2023
543415,FFF,2013B,01 October 2023,31 October 2023
543436,FFF,2013B,01 October 2023,31 October 2023
543447,FFF,2013B,01 October 2023,31 October 2023
543536,FFF,2013B,01 October 2023,31 October 2023
543599,FFF,2013B,01 October 2023,31 October 2023
543604,FFF,2013B,01 October 2023,31 October 2023
543643,FFF,2013B,01 October 2023,31 October 2023
543785,FFF,2013B,01 October 2023,31 October 2023
543798,FFF,2013B,01 October 2023,31 October 2023
543818,FFF,2013B,01 October 2023,31 October 2023
544021,FFF,2013B,01 October 2023,31 October 2023
544055,FFF,2013B,01 October 2023,31 October 2023
544098,FFF,2013B,01 October 2023,31 October 2023
544173,FFF,2013B,01 October 2023,31 October 2023
544195,FFF,2013B,01 October 2023,31 October 2023
544212,FFF,2013B,01 October 2023,31 October 2023
544249,FFF,2013B,01 October 2023,31 October 2023
544279,FFF,2013B,01 October 2023,31 October 2023
544313,FFF,2013B,01 October 2023,31 October 2023
544479,FFF,2013B,01 October 2023,31 October 2023
544530,FFF,2013B,01 October 2023,31 October 2023
544543,FFF,2013B,01 October 2023,31 October 2023
544651,FFF,2013B,01 October 2023,31 October 2023
544697,FFF,2013B,01 October 2023,31 October 2023
544802,FFF,2013B,01 October 2023,31 October 2023
544847,FFF,2013B,01 October 2023,31 October 2023
544850,FFF,2013B,01 October 2023,31 October 2023
544880,FFF,2013B,01 October 2023,31 October 2023
544894,FFF,2013B,01 October 2023,31 October 2023
544930,FFF,2013B,01 October 2023,31 October 2023
544955,FFF,2013B,01 October 2023,31 October 2023
544963,FFF,2013B,01 October 2023,31 October 2023
544991,FFF,2013B,01 October 2023,31 October 2023
545048,FFF,2013B,01 October 2023,31 October 2023
545080,FFF,2013B,01 October 2023,31 October 2023
545229,FFF,2013B,01 October 2023,31 October 2023
545377,FFF,2013B,01 October 2023,31 October 2023
545379,FFF,2013B,01 October 2023,31 October 2023
545384,FFF,2013B,01 October 2023,31 October 2023
545485,FFF,2013B,01 October 2023,31 October 2023
545522,FFF,2013B,01 October 2023,31 October 2023
545565,FFF,2013B,01 October 2023,31 October 2023
545600,FFF,2013B,01 October 2023,31 October 2023
545604,FFF,2013B,01 October 2023,31 October 2023
545693,FFF,2013B,01 October 2023,31 October 2023
545720,FFF,2013B,01 October 2023,31 October 2023
545751,FFF,2013B,01 October 2023,31 October 2023
545791,FFF,2013B,01 October 2023,31 October 2023
545909,FFF,2013B,01 October 2023,31 October 2023
545918,FFF,2013B,01 October 2023,31 October 2023
545944,FFF,2013B,01 October 2023,31 October 2023
545951,FFF,2013B,01 October 2023,31 October 2023
546048,FFF,2013B,01 October 2023,31 October 2023
546141,FFF,2013B,01 October 2023,31 October 2023
546164,FFF,2013B,01 October 2023,31 October 2023
546215,FFF,2013B,01 October 2023,31 October 2023
546243,FFF,2013B,01 October 2023,31 October 2023
546262,FFF,2013B,01 October 2023,31 October 2023
546329,FFF,2013B,01 October 2023,31 October 2023
546348,FFF,2013B,01 October 2023,31 October 2023
546396,FFF,2013B,01 October 2023,31 October 2023
546408,FFF,2013B,01 October 2023,31 October 2023
546412,FFF,2013B,01 October 2023,31 October 2023
546431,FFF,2013B,01 October 2023,31 October 2023
546439,FFF,2013B,01 October 2023,31 October 2023
546464,FFF,2013B,01 October 2023,31 October 2023
546563,FFF,2013B,01 October 2023,31 October 2023
546583,FFF,2013B,01 October 2023,31 October 2023
546682,FFF,2013B,01 October 2023,31 October 2023
546780,FFF,2013B,01 October 2023,31 October 2023
546863,FFF,2013B,01 October 2023,31 October 2023
546868,FFF,2013B,01 October 2023,31 October 2023
546912,FFF,2013B,01 October 2023,31 October 2023
546925,FFF,2013B,01 October 2023,31 October 2023
546932,FFF,2013B,01 October 2023,31 October 2023
547014,FFF,2013B,01 October 2023,31 October 2023
547228,FFF,2013B,01 October 2023,31 October 2023
547302,FFF,2013B,01 October 2023,31 October 2023
547399,FFF,2013B,01 October 2023,31 October 2023
547400,FFF,2013B,01 October 2023,31 October 2023
547534,FFF,2013B,01 October 2023,31 October 2023
547581,FFF,2013B,01 October 2023,31 October 2023
547609,FFF,2013B,01 October 2023,31 October 2023
547666,FFF,2013B,01 October 2023,31 October 2023
547667,FFF,2013B,01 October 2023,31 October 2023
547876,FFF,2013B,01 October 2023,31 October 2023
547884,FFF,2013B,01 October 2023,31 October 2023
547953,FFF,2013B,01 October 2023,31 October 2023
548043,FFF,2013B,01 October 2023,31 October 2023
548057,FFF,2013B,01 October 2023,31 October 2023
548087,FFF,2013B,01 October 2023,31 October 2023
548095,FFF,2013B,01 October 2023,31 October 2023
548099,FFF,2013B,01 October 2023,31 October 2023
548180,FFF,2013B,01 October 2023,31 October 2023
548219,FFF,2013B,01 October 2023,31 October 2023
548312,FFF,2013B,01 October 2023,31 October 2023
548331,FFF,2013B,01 October 2023,31 October 2023
548352,FFF,2013B,01 October 2023,31 October 2023
548415,FFF,2013B,01 October 2023,31 October 2023
548459,FFF,2013B,01 October 2023,31 October 2023
548521,FFF,2013B,01 October 2023,31 October 2023
548547,FFF,2013B,01 October 2023,31 October 2023
548573,FFF,2013B,01 October 2023,31 October 2023
548608,FFF,2013B,01 October 2023,31 October 2023
548741,FFF,2013B,01 October 2023,31 October 2023
548759,FFF,2013B,01 October 2023,31 October 2023
548819,FFF,2013B,01 October 2023,31 October 2023
548857,FFF,2013B,01 October 2023,31 October 2023
548893,FFF,2013B,01 October 2023,31 October 2023
548938,FFF,2013B,01 October 2023,31 October 2023
548948,FFF,2013B,01 October 2023,31 October 2023
548969,FFF,2013B,01 October 2023,31 October 2023
549014,FFF,2013B,01 October 2023,31 October 2023
549056,FFF,2013B,01 October 2023,31 October 2023
549065,FFF,2013B,01 October 2023,31 October 2023
549093,FFF,2013B,01 October 2023,31 October 2023
549149,FFF,2013B,01 October 2023,31 October 2023
549239,FFF,2013B,01 October 2023,31 October 2023
549311,FFF,2013B,01 October 2023,31 October 2023
549343,FFF,2013B,01 October 2023,31 October 2023
549369,FFF,2013B,01 October 2023,31 October 2023
549370,FFF,2013B,01 October 2023,31 October 2023
549410,FFF,2013B,01 October 2023,31 October 2023
549420,FFF,2013B,01 October 2023,31 October 2023
549504,FFF,2013B,01 October 2023,31 October 2023
549505,FFF,2013B,01 October 2023,31 October 2023
549513,FFF,2013B,01 October 2023,31 October 2023
549517,FFF,2013B,01 October 2023,31 October 2023
549537,FFF,2013B,01 October 2023,31 October 2023
549596,FFF,2013B,01 October 2023,31 October 2023
549670,FFF,2013B,01 October 2023,31 October 2023
549751,FFF,2013B,01 October 2023,31 October 2023
549790,FFF,2013B,01 October 2023,31 October 2023
549792,FFF,2013B,01 October 2023,31 October 2023
549825,FFF,2013B,01 October 2023,31 October 2023
549898,FFF,2013B,01 October 2023,31 October 2023
549904,FFF,2013B,01 October 2023,31 October 2023
550024,FFF,2013B,01 October 2023,31 October 2023
550026,FFF,2013B,01 October 2023,31 October 2023
550095,FFF,2013B,01 October 2023,31 October 2023
550123,FFF,2013B,01 October 2023,31 October 2023
550246,FFF,2013B,01 October 2023,31 October 2023
550272,FFF,2013B,01 October 2023,31 October 2023
550287,FFF,2013B,01 October 2023,31 October 2023
550377,FFF,2013B,01 October 2023,31 October 2023
550435,FFF,2013B,01 October 2023,31 October 2023
550470,FFF,2013B,01 October 2023,31 October 2023
550495,FFF,2013B,01 October 2023,31 October 2023
550610,FFF,2013B,01 October 2023,31 October 2023
550617,FFF,2013B,01 October 2023,31 October 2023
550651,FFF,2013B,01 October 2023,31 October 2023
550736,FFF,2013B,01 October 2023,31 October 2023
550763,FFF,2013B,01 October 2023,31 October 2023
550787,FFF,2013B,01 October 2023,31 October 2023
550792,FFF,2013B,01 October 2023,31 October 2023
550797,FFF,2013B,01 October 2023,31 October 2023
550802,FFF,2013B,01 October 2023,31 October 2023
550813,FFF,2013B,01 October 2023,31 October 2023
550853,FFF,2013B,01 October 2023,31 October 2023
550866,FFF,2013B,01 October 2023,31 October 2023
550909,FFF,2013B,01 October 2023,31 October 2023
550933,FFF,2013B,01 October 2023,31 October 2023
550961,FFF,2013B,01 October 2023,31 October 2023
551027,FFF,2013B,01 October 2023,31 October 2023
551052,FFF,2013B,01 October 2023,31 October 2023
551058,FFF,2013B,01 October 2023,31 October 2023
551061,FFF,2013B,01 October 2023,31 October 2023
551134,FFF,2013B,01 October 2023,31 October 2023
551137,FFF,2013B,01 October 2023,31 October 2023
551142,FFF,2013B,01 October 2023,31 October 2023
551156,FFF,2013B,01 October 2023,31 October 2023
551190,FFF,2013B,01 October 2023,31 October 2023
551212,FFF,2013B,01 October 2023,31 October 2023
551258,FFF,2013B,01 October 2023,31 October 2023
551287,FFF,2013B,01 October 2023,31 October 2023
551311,FFF,2013B,01 October 2023,31 October 2023
551482,FFF,2013B,01 October 2023,31 October 2023
551492,FFF,2013B,01 October 2023,31 October 2023
551495,FFF,2013B,01 October 2023,31 October 2023
551583,FFF,2013B,01 October 2023,31 October 2023
551602,FFF,2013B,01 October 2023,31 October 2023
551688,FFF,2013B,01 October 2023,31 October 2023
551730,FFF,2013B,01 October 2023,31 October 2023
551764,FFF,2013B,01 October 2023,31 October 2023
551796,FFF,2013B,01 October 2023,31 October 2023
551805,FFF,2013B,01 October 2023,31 October 2023
552041,FFF,2013B,01 October 2023,31 October 2023
552057,FFF,2013B,01 October 2023,31 October 2023
552142,FFF,2013B,01 October 2023,31 October 2023
552228,FFF,2013B,01 October 2023,31 October 2023
552284,FFF,2013B,01 October 2023,31 October 2023
552320,FFF,2013B,01 October 2023,31 October 2023
552374,FFF,2013B,01 October 2023,31 October 2023
552395,FFF,2013B,01 October 2023,31 October 2023
552450,FFF,2013B,01 October 2023,31 October 2023
552491,FFF,2013B,01 October 2023,31 October 2023
552560,FFF,2013B,01 October 2023,31 October 2023
552567,FFF,2013B,01 October 2023,31 October 2023
552580,FFF,2013B,01 October 2023,31 October 2023
552614,FFF,2013B,01 October 2023,31 October 2023
552648,FFF,2013B,01 October 2023,31 October 2023
552708,FFF,2013B,01 October 2023,31 October 2023
552721,FFF,2013B,01 October 2023,31 October 2023
552740,FFF,2013B,01 October 2023,31 October 2023
552834,FFF,2013B,01 October 2023,31 October 2023
552987,FFF,2013B,01 October 2023,31 October 2023
553017,FFF,2013B,01 October 2023,31 October 2023
553100,FFF,2013B,01 October 2023,31 October 2023
553104,FFF,2013B,01 October 2023,31 October 2023
553131,FFF,2013B,01 October 2023,31 October 2023
553155,FFF,2013B,01 October 2023,31 October 2023
553220,FFF,2013B,01 October 2023,31 October 2023
553240,FFF,2013B,01 October 2023,31 October 2023
553262,FFF,2013B,01 October 2023,31 October 2023
553325,FFF,2013B,01 October 2023,31 October 2023
553404,FFF,2013B,01 October 2023,31 October 2023
553425,FFF,2013B,01 October 2023,31 October 2023
553500,FFF,2013B,01 October 2023,31 October 2023
553528,FFF,2013B,01 October 2023,31 October 2023
553631,FFF,2013B,01 October 2023,31 October 2023
553649,FFF,2013B,01 October 2023,31 October 2023
553727,FFF,2013B,01 October 2023,31 October 2023
553781,FFF,2013B,01 October 2023,31 October 2023
553813,FFF,2013B,01 October 2023,31 October 2023
553831,FFF,2013B,01 October 2023,31 October 2023
553834,FFF,2013B,01 October 2023,31 October 2023
553841,FFF,2013B,01 October 2023,31 October 2023
553878,FFF,2013B,01 October 2023,31 October 2023
553963,FFF,2013B,01 October 2023,31 October 2023
554038,FFF,2013B,01 October 2023,31 October 2023
554044,FFF,2013B,01 October 2023,31 October 2023
554045,FFF,2013B,01 October 2023,31 October 2023
554152,FFF,2013B,01 October 2023,31 October 2023
554166,FFF,2013B,01 October 2023,31 October 2023
554236,FFF,2013B,01 October 2023,31 October 2023
554256,FFF,2013B,01 October 2023,31 October 2023
554289,FFF,2013B,01 October 2023,31 October 2023
554331,FFF,2013B,01 October 2023,31 October 2023
554365,FFF,2013B,01 October 2023,31 October 2023
554372,FFF,2013B,01 October 2023,31 October 2023
554435,FFF,2013B,01 October 2023,31 October 2023
554476,FFF,2013B,01 October 2023,31 October 2023
554558,FFF,2013B,01 October 2023,31 October 2023
554592,FFF,2013B,01 October 2023,31 October 2023
554620,FFF,2013B,01 October 2023,31 October 2023
554664,FFF,2013B,01 October 2023,31 October 2023
554748,FFF,2013B,01 October 2023,31 October 2023
554813,FFF,2013B,01 October 2023,31 October 2023
554852,FFF,2013B,01 October 2023,31 October 2023
554888,FFF,2013B,01 October 2023,31 October 2023
554908,FFF,2013B,01 October 2023,31 October 2023
554919,FFF,2013B,01 October 2023,31 October 2023
554923,FFF,2013B,01 October 2023,31 October 2023
554940,FFF,2013B,01 October 2023,31 October 2023
554946,FFF,2013B,01 October 2023,31 October 2023
555110,FFF,2013B,01 October 2023,31 October 2023
555144,FFF,2013B,01 October 2023,31 October 2023
555148,FFF,2013B,01 October 2023,31 October 2023
555168,FFF,2013B,01 October 2023,31 October 2023
555178,FFF,2013B,01 October 2023,31 October 2023
555250,FFF,2013B,01 October 2023,31 October 2023
555349,FFF,2013B,01 October 2023,31 October 2023
555444,FFF,2013B,01 October 2023,31 October 2023
555503,FFF,2013B,01 October 2023,31 October 2023
555539,FFF,2013B,01 October 2023,31 October 2023
555609,FFF,2013B,01 October 2023,31 October 2023
555619,FFF,2013B,01 October 2023,31 October 2023
555653,FFF,2013B,01 October 2023,31 October 2023
555709,FFF,2013B,01 October 2023,31 October 2023
555786,FFF,2013B,01 October 2023,31 October 2023
556004,FFF,2013B,01 October 2023,31 October 2023
556022,FFF,2013B,01 October 2023,31 October 2023
556121,FFF,2013B,01 October 2023,31 October 2023
556126,FFF,2013B,01 October 2023,31 October 2023
556133,FFF,2013B,01 October 2023,31 October 2023
556134,FFF,2013B,01 October 2023,31 October 2023
556153,FFF,2013B,01 October 2023,31 October 2023
556203,FFF,2013B,01 October 2023,31 October 2023
556210,FFF,2013B,01 October 2023,31 October 2023
556302,FFF,2013B,01 October 2023,31 October 2023
556351,FFF,2013B,01 October 2023,31 October 2023
556391,FFF,2013B,01 October 2023,31 October 2023
556404,FFF,2013B,01 October 2023,31 October 2023
556408,FFF,2013B,01 October 2023,31 October 2023
556429,FFF,2013B,01 October 2023,31 October 2023
556489,FFF,2013B,01 October 2023,31 October 2023
556492,FFF,2013B,01 October 2023,31 October 2023
556498,FFF,2013B,01 October 2023,31 October 2023
556540,FFF,2013B,01 October 2023,31 October 2023
556542,FFF,2013B,01 October 2023,31 October 2023
556567,FFF,2013B,01 October 2023,31 October 2023
556659,FFF,2013B,01 October 2023,31 October 2023
556783,FFF,2013B,01 October 2023,31 October 2023
556880,FFF,2013B,01 October 2023,31 October 2023
556911,FFF,2013B,01 October 2023,31 October 2023
556924,FFF,2013B,01 October 2023,31 October 2023
556927,FFF,2013B,01 October 2023,31 October 2023
556931,FFF,2013B,01 October 2023,31 October 2023
556945,FFF,2013B,01 October 2023,31 October 2023
556970,FFF,2013B,01 October 2023,31 October 2023
557053,FFF,2013B,01 October 2023,31 October 2023
557089,FFF,2013B,01 October 2023,31 October 2023
557129,FFF,2013B,01 October 2023,31 October 2023
557177,FFF,2013B,01 October 2023,31 October 2023
557203,FFF,2013B,01 October 2023,31 October 2023
557314,FFF,2013B,01 October 2023,31 October 2023
557345,FFF,2013B,01 October 2023,31 October 2023
557388,FFF,2013B,01 October 2023,31 October 2023
557445,FFF,2013B,01 October 2023,31 October 2023
557469,FFF,2013B,01 October 2023,31 October 2023
557542,FFF,2013B,01 October 2023,31 October 2023
557586,FFF,2013B,01 October 2023,31 October 2023
557588,FFF,2013B,01 October 2023,31 October 2023
557710,FFF,2013B,01 October 2023,31 October 2023
557735,FFF,2013B,01 October 2023,31 October 2023
557773,FFF,2013B,01 October 2023,31 October 2023
557787,FFF,2013B,01 October 2023,31 October 2023
557792,FFF,2013B,01 October 2023,31 October 2023
557811,FFF,2013B,01 October 2023,31 October 2023
557840,FFF,2013B,01 October 2023,31 October 2023
557877,FFF,2013B,01 October 2023,31 October 2023
557891,FFF,2013B,01 October 2023,31 October 2023
557908,FFF,2013B,01 October 2023,31 October 2023
558018,FFF,2013B,01 October 2023,31 October 2023
558098,FFF,2013B,01 October 2023,31 October 2023
558104,FFF,2013B,01 October 2023,31 October 2023
558199,FFF,2013B,01 October 2023,31 October 2023
558208,FFF,2013B,01 October 2023,31 October 2023
558244,FFF,2013B,01 October 2023,31 October 2023
558262,FFF,2013B,01 October 2023,31 October 2023
558280,FFF,2013B,01 October 2023,31 October 2023
558354,FFF,2013B,01 October 2023,31 October 2023
558404,FFF,2013B,01 October 2023,31 October 2023
558489,FFF,2013B,01 October 2023,31 October 2023
558503,FFF,2013B,01 October 2023,31 October 2023
558558,FFF,2013B,01 October 2023,31 October 2023
558597,FFF,2013B,01 October 2023,31 October 2023
558628,FFF,2013B,01 October 2023,31 October 2023
558692,FFF,2013B,01 October 2023,31 October 2023
558760,FFF,2013B,01 October 2023,31 October 2023
558770,FFF,2013B,01 October 2023,31 October 2023
558772,FFF,2013B,01 October 2023,31 October 2023
558776,FFF,2013B,01 October 2023,31 October 2023
558801,FFF,2013B,01 October 2023,31 October 2023
558807,FFF,2013B,01 October 2023,31 October 2023
558851,FFF,2013B,01 October 2023,31 October 2023
558854,FFF,2013B,01 October 2023,31 October 2023
558907,FFF,2013B,01 October 2023,31 October 2023
558915,FFF,2013B,01 October 2023,31 October 2023
558957,FFF,2013B,01 October 2023,31 October 2023
558963,FFF,2013B,01 October 2023,31 October 2023
559004,FFF,2013B,01 October 2023,31 October 2023
559019,FFF,2013B,01 October 2023,31 October 2023
559058,FFF,2013B,01 October 2023,31 October 2023
559062,FFF,2013B,01 October 2023,31 October 2023
559155,FFF,2013B,01 October 2023,31 October 2023
559325,FFF,2013B,01 October 2023,31 October 2023
559335,FFF,2013B,01 October 2023,31 October 2023
559397,FFF,2013B,01 October 2023,31 October 2023
559405,FFF,2013B,01 October 2023,31 October 2023
559423,FFF,2013B,01 October 2023,31 October 2023
559440,FFF,2013B,01 October 2023,31 October 2023
559449,FFF,2013B,01 October 2023,31 October 2023
559451,FFF,2013B,01 October 2023,31 October 2023
559454,FFF,2013B,01 October 2023,31 October 2023
559496,FFF,2013B,01 October 2023,31 October 2023
559589,FFF,2013B,01 October 2023,31 October 2023
559594,FFF,2013B,01 October 2023,31 October 2023
559609,FFF,2013B,01 October 2023,31 October 2023
559642,FFF,2013B,01 October 2023,31 October 2023
559656,FFF,2013B,01 October 2023,31 October 2023
559688,FFF,2013B,01 October 2023,31 October 2023
559760,FFF,2013B,01 October 2023,31 October 2023
559768,FFF,2013B,01 October 2023,31 October 2023
559785,FFF,2013B,01 October 2023,31 October 2023
559856,FFF,2013B,01 October 2023,31 October 2023
559991,FFF,2013B,01 October 2023,31 October 2023
560010,FFF,2013B,01 October 2023,31 October 2023
560022,FFF,2013B,01 October 2023,31 October 2023
560046,FFF,2013B,01 October 2023,31 October 2023
560067,FFF,2013B,01 October 2023,31 October 2023
560072,FFF,2013B,01 October 2023,31 October 2023
560182,FFF,2013B,01 October 2023,31 October 2023
560197,FFF,2013B,01 October 2023,31 October 2023
560199,FFF,2013B,01 October 2023,31 October 2023
560207,FFF,2013B,01 October 2023,31 October 2023
560404,FFF,2013B,01 October 2023,31 October 2023
560410,FFF,2013B,01 October 2023,31 October 2023
560425,FFF,2013B,01 October 2023,31 October 2023
560431,FFF,2013B,01 October 2023,31 October 2023
560443,FFF,2013B,01 October 2023,31 October 2023
560459,FFF,2013B,01 October 2023,31 October 2023
560496,FFF,2013B,01 October 2023,31 October 2023
560585,FFF,2013B,01 October 2023,31 October 2023
928248,FFF,2013B,01 October 2023,31 October 2023
962951,FFF,2013B,01 October 2023,31 October 2023
988019,FFF,2013B,01 October 2023,31 October 2023
999174,FFF,2013B,01 October 2023,31 October 2023
1026777,FFF,2013B,01 October 2023,31 October 2023
1034674,FFF,2013B,01 October 2023,31 October 2023
1054876,FFF,2013B,01 October 2023,31 October 2023
1073767,FFF,2013B,01 October 2023,31 October 2023
1090738,FFF,2013B,01 October 2023,31 October 2023
1097354,FFF,2013B,01 October 2023,31 October 2023
1118284,FFF,2013B,01 October 2023,31 October 2023
1337055,FFF,2013B,01 October 2023,31 October 2023
1347198,FFF,2013B,01 October 2023,31 October 2023
1397662,FFF,2013B,01 October 2023,31 October 2023
1411562,FFF,2013B,01 October 2023,31 October 2023
1436558,FFF,2013B,01 October 2023,31 October 2023
1440072,FFF,2013B,01 October 2023,31 October 2023
1442706,FFF,2013B,01 October 2023,31 October 2023
1444520,FFF,2013B,01 October 2023,31 October 2023
1494901,FFF,2013B,01 October 2023,31 October 2023
1500410,FFF,2013B,01 October 2023,31 October 2023
1510285,FFF,2013B,01 October 2023,31 October 2023
1531287,FFF,2013B,01 October 2023,31 October 2023
1534560,FFF,2013B,01 October 2023,31 October 2023
1536138,FFF,2013B,01 October 2023,31 October 2023
1558539,FFF,2013B,01 October 2023,31 October 2023
1559365,FFF,2013B,01 October 2023,31 October 2023
1562320,FFF,2013B,01 October 2023,31 October 2023
1614181,FFF,2013B,01 October 2023,31 October 2023
1627071,FFF,2013B,01 October 2023,31 October 2023
1651020,FFF,2013B,01 October 2023,31 October 2023
1689730,FFF,2013B,01 October 2023,31 October 2023
1699445,FFF,2013B,01 October 2023,31 October 2023
1720712,FFF,2013B,01 October 2023,31 October 2023
1742834,FFF,2013B,01 October 2023,31 October 2023
1761013,FFF,2013B,01 October 2023,31 October 2023
1766303,FFF,2013B,01 October 2023,31 October 2023
1772429,FFF,2013B,01 October 2023,31 October 2023
1784775,FFF,2013B,01 October 2023,31 October 2023
1788974,FFF,2013B,01 October 2023,31 October 2023
1809578,FFF,2013B,01 October 2023,31 October 2023
1813486,FFF,2013B,01 October 2023,31 October 2023
1813664,FFF,2013B,01 October 2023,31 October 2023
1821249,FFF,2013B,01 October 2023,31 October 2023
1824428,FFF,2013B,01 October 2023,31 October 2023
1833107,FFF,2013B,01 October 2023,31 October 2023
1836988,FFF,2013B,01 October 2023,31 October 2023
1839012,FFF,2013B,01 October 2023,31 October 2023
1839785,FFF,2013B,01 October 2023,31 October 2023
1844150,FFF,2013B,01 October 2023,31 October 2023
1846751,FFF,2013B,01 October 2023,31 October 2023
1855249,FFF,2013B,01 October 2023,31 October 2023
1861445,FFF,2013B,01 October 2023,31 October 2023
1867563,FFF,2013B,01 October 2023,31 October 2023
1870830,FFF,2013B,01 October 2023,31 October 2023
1874403,FFF,2013B,01 October 2023,31 October 2023
1878918,FFF,2013B,01 October 2023,31 October 2023
1882255,FFF,2013B,01 October 2023,31 October 2023
1896915,FFF,2013B,01 October 2023,31 October 2023
1904916,FFF,2013B,01 October 2023,31 October 2023
1905259,FFF,2013B,01 October 2023,31 October 2023
1907755,FFF,2013B,01 October 2023,31 October 2023
1913435,FFF,2013B,01 October 2023,31 October 2023
1917796,FFF,2013B,01 October 2023,31 October 2023
1919940,FFF,2013B,01 October 2023,31 October 2023
1934810,FFF,2013B,01 October 2023,31 October 2023
1936679,FFF,2013B,01 October 2023,31 October 2023
1936935,FFF,2013B,01 October 2023,31 October 2023
1966591,FFF,2013B,01 October 2023,31 October 2023
1974271,FFF,2013B,01 October 2023,31 October 2023
1990127,FFF,2013B,01 October 2023,31 October 2023
2000491,FFF,2013B,01 October 2023,31 October 2023
2001665,FFF,2013B,01 October 2023,31 October 2023
2012900,FFF,2013B,01 October 2023,31 October 2023
2031252,FFF,2013B,01 October 2023,31 October 2023
2034533,FFF,2013B,01 October 2023,31 October 2023
2045440,FFF,2013B,01 October 2023,31 October 2023
2045818,FFF,2013B,01 October 2023,31 October 2023
2051035,FFF,2013B,01 October 2023,31 October 2023
2054019,FFF,2013B,01 October 2023,31 October 2023
2057105,FFF,2013B,01 October 2023,31 October 2023
2060467,FFF,2013B,01 October 2023,31 October 2023
2068918,FFF,2013B,01 October 2023,31 October 2023
2087100,FFF,2013B,01 October 2023,31 October 2023
2090053,FFF,2013B,01 October 2023,31 October 2023
2102658,FFF,2013B,01 October 2023,31 October 2023
2108821,FFF,2013B,01 October 2023,31 October 2023
2140087,FFF,2013B,01 October 2023,31 October 2023
2141085,FFF,2013B,01 October 2023,31 October 2023
2142853,FFF,2013B,01 October 2023,31 October 2023
2143065,FFF,2013B,01 October 2023,31 October 2023
2156733,FFF,2013B,01 October 2023,31 October 2023
2158399,FFF,2013B,01 October 2023,31 October 2023
2182255,FFF,2013B,01 October 2023,31 October 2023
2189002,FFF,2013B,01 October 2023,31 October 2023
2195318,FFF,2013B,01 October 2023,31 October 2023
2195971,FFF,2013B,01 October 2023,31 October 2023
2197511,FFF,2013B,01 October 2023,31 October 2023
2231810,FFF,2013B,01 October 2023,31 October 2023
2245011,FFF,2013B,01 October 2023,31 October 2023
2252905,FFF,2013B,01 October 2023,31 October 2023
2254252,FFF,2013B,01 October 2023,31 October 2023
2272874,FFF,2013B,01 October 2023,31 October 2023
2280739,FFF,2013B,01 October 2023,31 October 2023
2281483,FFF,2013B,01 October 2023,31 October 2023
2288454,FFF,2013B,01 October 2023,31 October 2023
2288493,FFF,2013B,01 October 2023,31 October 2023
2327494,FFF,2013B,01 October 2023,31 October 2023
2338255,FFF,2013B,01 October 2023,31 October 2023
2338422,FFF,2013B,01 October 2023,31 October 2023
2341415,FFF,2013B,01 October 2023,31 October 2023
2343293,FFF,2013B,01 October 2023,31 October 2023
2346679,FFF,2013B,01 October 2023,31 October 2023
2348120,FFF,2013B,01 October 2023,31 October 2023
2352280,FFF,2013B,01 October 2023,31 October 2023
2354732,FFF,2013B,01 October 2023,31 October 2023
2362169,FFF,2013B,01 October 2023,31 October 2023
2364565,FFF,2013B,01 October 2023,31 October 2023
2375526,FFF,2013B,01 October 2023,31 October 2023
2381745,FFF,2013B,01 October 2023,31 October 2023
2383921,FFF,2013B,01 October 2023,31 October 2023
2387054,FFF,2013B,01 October 2023,31 October 2023
2389267,FFF,2013B,01 October 2023,31 October 2023
2392327,FFF,2013B,01 October 2023,31 October 2023
2395804,FFF,2013B,01 October 2023,31 October 2023
2407762,FFF,2013B,01 October 2023,31 October 2023
2413191,FFF,2013B,01 October 2023,31 October 2023
2419926,FFF,2013B,01 October 2023,31 October 2023
2424750,FFF,2013B,01 October 2023,31 October 2023
2434017,FFF,2013B,01 October 2023,31 October 2023
2436089,FFF,2013B,01 October 2023,31 October 2023
2436873,FFF,2013B,01 October 2023,31 October 2023
2441910,FFF,2013B,01 October 2023,31 October 2023
2445410,FFF,2013B,01 October 2023,31 October 2023
2446784,FFF,2013B,01 October 2023,31 October 2023
2457147,FFF,2013B,01 October 2023,31 October 2023
2474925,FFF,2013B,01 October 2023,31 October 2023
2479413,FFF,2013B,01 October 2023,31 October 2023
2481646,FFF,2013B,01 October 2023,31 October 2023
2488251,FFF,2013B,01 October 2023,31 October 2023
2496748,FFF,2013B,01 October 2023,31 October 2023
2507271,FFF,2013B,01 October 2023,31 October 2023
2508403,FFF,2013B,01 October 2023,31 October 2023
2510667,FFF,2013B,01 October 2023,31 October 2023
2514431,FFF,2013B,01 October 2023,31 October 2023
2514949,FFF,2013B,01 October 2023,31 October 2023
2521655,FFF,2013B,01 October 2023,31 October 2023
2522335,FFF,2013B,01 October 2023,31 October 2023
2525062,FFF,2013B,01 October 2023,31 October 2023
2532320,FFF,2013B,01 October 2023,31 October 2023
2532323,FFF,2013B,01 October 2023,31 October 2023
2532652,FFF,2013B,01 October 2023,31 October 2023
2532840,FFF,2013B,01 October 2023,31 October 2023
2533504,FFF,2013B,01 October 2023,31 October 2023
2546095,FFF,2013B,01 October 2023,31 October 2023
2552831,FFF,2013B,01 October 2023,31 October 2023
2553363,FFF,2013B,01 October 2023,31 October 2023
2560595,FFF,2013B,01 October 2023,31 October 2023
2567054,FFF,2013B,01 October 2023,31 October 2023
2567288,FFF,2013B,01 October 2023,31 October 2023
2567561,FFF,2013B,01 October 2023,31 October 2023
2568893,FFF,2013B,01 October 2023,31 October 2023
2578992,FFF,2013B,01 October 2023,31 October 2023
2578996,FFF,2013B,01 October 2023,31 October 2023
2581800,FFF,2013B,01 October 2023,31 October 2023
2586748,FFF,2013B,01 October 2023,31 October 2023
2590999,FFF,2013B,01 October 2023,31 October 2023
2599162,FFF,2013B,01 October 2023,31 October 2023
2600887,FFF,2013B,01 October 2023,31 October 2023
2604212,FFF,2013B,01 October 2023,31 October 2023
2610837,FFF,2013B,01 October 2023,31 October 2023
2613930,FFF,2013B,01 October 2023,31 October 2023
2617541,FFF,2013B,01 October 2023,31 October 2023
2623196,FFF,2013B,01 October 2023,31 October 2023
2628246,FFF,2013B,01 October 2023,31 October 2023
2639410,FFF,2013B,01 October 2023,31 October 2023
2642994,FFF,2013B,01 October 2023,31 October 2023
2643574,FFF,2013B,01 October 2023,31 October 2023
2644664,FFF,2013B,01 October 2023,31 October 2023
2646317,FFF,2013B,01 October 2023,31 October 2023
2647043,FFF,2013B,01 October 2023,31 October 2023
2650929,FFF,2013B,01 October 2023,31 October 2023
2654409,FFF,2013B,01 October 2023,31 October 2023
2657781,FFF,2013B,01 October 2023,31 October 2023
2658271,FFF,2013B,01 October 2023,31 October 2023
2672734,FFF,2013B,01 October 2023,31 October 2023
2676920,FFF,2013B,01 October 2023,31 October 2023
2678429,FFF,2013B,01 October 2023,31 October 2023
2684993,FFF,2013B,01 October 2023,31 October 2023
2685154,FFF,2013B,01 October 2023,31 October 2023
2686866,FFF,2013B,01 October 2023,31 October 2023
2686875,FFF,2013B,01 October 2023,31 October 2023
2687045,FFF,2013B,01 October 2023,31 October 2023
2688202,FFF,2013B,01 October 2023,31 October 2023
2691740,FFF,2013B,01 October 2023,31 October 2023
26247,FFF,2013J,01 October 2023,31 October 2023
29335,FFF,2013J,01 October 2023,31 October 2023
29769,FFF,2013J,01 October 2023,31 October 2023
32221,FFF,2013J,01 October 2023,31 October 2023
33600,FFF,2013J,01 October 2023,31 October 2023
34731,FFF,2013J,01 October 2023,31 October 2023
39882,FFF,2013J,01 October 2023,31 October 2023
42616,FFF,2013J,01 October 2023,31 October 2023
43958,FFF,2013J,01 October 2023,31 October 2023
47924,FFF,2013J,01 October 2023,31 October 2023
49670,FFF,2013J,01 October 2023,31 October 2023
50487,FFF,2013J,01 October 2023,31 October 2023
51485,FFF,2013J,01 October 2023,31 October 2023
53166,FFF,2013J,01 October 2023,31 October 2023
53626,FFF,2013J,01 October 2023,31 October 2023
54739,FFF,2013J,01 October 2023,31 October 2023
54882,FFF,2013J,01 October 2023,31 October 2023
55013,FFF,2013J,01 October 2023,31 October 2023
55419,FFF,2013J,01 October 2023,31 October 2023
57844,FFF,2013J,01 October 2023,31 October 2023
58077,FFF,2013J,01 October 2023,31 October 2023
58640,FFF,2013J,01 October 2023,31 October 2023
63295,FFF,2013J,01 October 2023,31 October 2023
64388,FFF,2013J,01 October 2023,31 October 2023
66451,FFF,2013J,01 October 2023,31 October 2023
68107,FFF,2013J,01 October 2023,31 October 2023
69346,FFF,2013J,01 October 2023,31 October 2023
71252,FFF,2013J,01 October 2023,31 October 2023
71897,FFF,2013J,01 October 2023,31 October 2023
72864,FFF,2013J,01 October 2023,31 October 2023
77744,FFF,2013J,01 October 2023,31 October 2023
77746,FFF,2013J,01 October 2023,31 October 2023
79261,FFF,2013J,01 October 2023,31 October 2023
81536,FFF,2013J,01 October 2023,31 October 2023
86669,FFF,2013J,01 October 2023,31 October 2023
87042,FFF,2013J,01 October 2023,31 October 2023
88781,FFF,2013J,01 October 2023,31 October 2023
90901,FFF,2013J,01 October 2023,31 October 2023
91629,FFF,2013J,01 October 2023,31 October 2023
95746,FFF,2013J,01 October 2023,31 October 2023
100064,FFF,2013J,01 October 2023,31 October 2023
101217,FFF,2013J,01 October 2023,31 October 2023
101420,FFF,2013J,01 October 2023,31 October 2023
102028,FFF,2013J,01 October 2023,31 October 2023
102343,FFF,2013J,01 October 2023,31 October 2023
104213,FFF,2013J,01 October 2023,31 October 2023
105629,FFF,2013J,01 October 2023,31 October 2023
106690,FFF,2013J,01 October 2023,31 October 2023
107084,FFF,2013J,01 October 2023,31 October 2023
111678,FFF,2013J,01 October 2023,31 October 2023
113487,FFF,2013J,01 October 2023,31 October 2023
113565,FFF,2013J,01 October 2023,31 October 2023
114500,FFF,2013J,01 October 2023,31 October 2023
116290,FFF,2013J,01 October 2023,31 October 2023
116499,FFF,2013J,01 October 2023,31 October 2023
116529,FFF,2013J,01 October 2023,31 October 2023
116631,FFF,2013J,01 October 2023,31 October 2023
116808,FFF,2013J,01 October 2023,31 October 2023
118050,FFF,2013J,01 October 2023,31 October 2023
118176,FFF,2013J,01 October 2023,31 October 2023
124379,FFF,2013J,01 October 2023,31 October 2023
126074,FFF,2013J,01 October 2023,31 October 2023
127642,FFF,2013J,01 October 2023,31 October 2023
128723,FFF,2013J,01 October 2023,31 October 2023
130658,FFF,2013J,01 October 2023,31 October 2023
132453,FFF,2013J,01 October 2023,31 October 2023
133019,FFF,2013J,01 October 2023,31 October 2023
133185,FFF,2013J,01 October 2023,31 October 2023
133718,FFF,2013J,01 October 2023,31 October 2023
134847,FFF,2013J,01 October 2023,31 October 2023
136894,FFF,2013J,01 October 2023,31 October 2023
137903,FFF,2013J,01 October 2023,31 October 2023
139278,FFF,2013J,01 October 2023,31 October 2023
139701,FFF,2013J,01 October 2023,31 October 2023
141648,FFF,2013J,01 October 2023,31 October 2023
143752,FFF,2013J,01 October 2023,31 October 2023
144562,FFF,2013J,01 October 2023,31 October 2023
144959,FFF,2013J,01 October 2023,31 October 2023
146738,FFF,2013J,01 October 2023,31 October 2023
148328,FFF,2013J,01 October 2023,31 October 2023
148931,FFF,2013J,01 October 2023,31 October 2023
150121,FFF,2013J,01 October 2023,31 October 2023
152037,FFF,2013J,01 October 2023,31 October 2023
152587,FFF,2013J,01 October 2023,31 October 2023
152887,FFF,2013J,01 October 2023,31 October 2023
154057,FFF,2013J,01 October 2023,31 October 2023
154059,FFF,2013J,01 October 2023,31 October 2023
154191,FFF,2013J,01 October 2023,31 October 2023
156171,FFF,2013J,01 October 2023,31 October 2023
156755,FFF,2013J,01 October 2023,31 October 2023
157647,FFF,2013J,01 October 2023,31 October 2023
160310,FFF,2013J,01 October 2023,31 October 2023
160720,FFF,2013J,01 October 2023,31 October 2023
160934,FFF,2013J,01 October 2023,31 October 2023
160946,FFF,2013J,01 October 2023,31 October 2023
162809,FFF,2013J,01 October 2023,31 October 2023
163120,FFF,2013J,01 October 2023,31 October 2023
168229,FFF,2013J,01 October 2023,31 October 2023
169908,FFF,2013J,01 October 2023,31 October 2023
170943,FFF,2013J,01 October 2023,31 October 2023
171304,FFF,2013J,01 October 2023,31 October 2023
171549,FFF,2013J,01 October 2023,31 October 2023
171692,FFF,2013J,01 October 2023,31 October 2023
173412,FFF,2013J,01 October 2023,31 October 2023
174468,FFF,2013J,01 October 2023,31 October 2023
175453,FFF,2013J,01 October 2023,31 October 2023
177568,FFF,2013J,01 October 2023,31 October 2023
178118,FFF,2013J,01 October 2023,31 October 2023
184473,FFF,2013J,01 October 2023,31 October 2023
184627,FFF,2013J,01 October 2023,31 October 2023
184720,FFF,2013J,01 October 2023,31 October 2023
184925,FFF,2013J,01 October 2023,31 October 2023
187199,FFF,2013J,01 October 2023,31 October 2023
188524,FFF,2013J,01 October 2023,31 October 2023
190910,FFF,2013J,01 October 2023,31 October 2023
192680,FFF,2013J,01 October 2023,31 October 2023
198691,FFF,2013J,01 October 2023,31 October 2023
200278,FFF,2013J,01 October 2023,31 October 2023
202713,FFF,2013J,01 October 2023,31 October 2023
206342,FFF,2013J,01 October 2023,31 October 2023
227254,FFF,2013J,01 October 2023,31 October 2023
229191,FFF,2013J,01 October 2023,31 October 2023
229417,FFF,2013J,01 October 2023,31 October 2023
231024,FFF,2013J,01 October 2023,31 October 2023
231320,FFF,2013J,01 October 2023,31 October 2023
231606,FFF,2013J,01 October 2023,31 October 2023
232347,FFF,2013J,01 October 2023,31 October 2023
232660,FFF,2013J,01 October 2023,31 October 2023
232856,FFF,2013J,01 October 2023,31 October 2023
233087,FFF,2013J,01 October 2023,31 October 2023
234004,FFF,2013J,01 October 2023,31 October 2023
235131,FFF,2013J,01 October 2023,31 October 2023
235670,FFF,2013J,01 October 2023,31 October 2023
235706,FFF,2013J,01 October 2023,31 October 2023
235978,FFF,2013J,01 October 2023,31 October 2023
237387,FFF,2013J,01 October 2023,31 October 2023
238150,FFF,2013J,01 October 2023,31 October 2023
241039,FFF,2013J,01 October 2023,31 October 2023
241792,FFF,2013J,01 October 2023,31 October 2023
242491,FFF,2013J,01 October 2023,31 October 2023
243396,FFF,2013J,01 October 2023,31 October 2023
244205,FFF,2013J,01 October 2023,31 October 2023
245283,FFF,2013J,01 October 2023,31 October 2023
248882,FFF,2013J,01 October 2023,31 October 2023
249750,FFF,2013J,01 October 2023,31 October 2023
251405,FFF,2013J,01 October 2023,31 October 2023
251965,FFF,2013J,01 October 2023,31 October 2023
253516,FFF,2013J,01 October 2023,31 October 2023
253767,FFF,2013J,01 October 2023,31 October 2023
254446,FFF,2013J,01 October 2023,31 October 2023
256905,FFF,2013J,01 October 2023,31 October 2023
257970,FFF,2013J,01 October 2023,31 October 2023
259609,FFF,2013J,01 October 2023,31 October 2023
261205,FFF,2013J,01 October 2023,31 October 2023
261525,FFF,2013J,01 October 2023,31 October 2023
262403,FFF,2013J,01 October 2023,31 October 2023
264164,FFF,2013J,01 October 2023,31 October 2023
264924,FFF,2013J,01 October 2023,31 October 2023
265268,FFF,2013J,01 October 2023,31 October 2023
265978,FFF,2013J,01 October 2023,31 October 2023
268153,FFF,2013J,01 October 2023,31 October 2023
268343,FFF,2013J,01 October 2023,31 October 2023
269245,FFF,2013J,01 October 2023,31 October 2023
269508,FFF,2013J,01 October 2023,31 October 2023
271274,FFF,2013J,01 October 2023,31 October 2023
271702,FFF,2013J,01 October 2023,31 October 2023
272623,FFF,2013J,01 October 2023,31 October 2023
273442,FFF,2013J,01 October 2023,31 October 2023
273782,FFF,2013J,01 October 2023,31 October 2023
274443,FFF,2013J,01 October 2023,31 October 2023
276388,FFF,2013J,01 October 2023,31 October 2023
276808,FFF,2013J,01 October 2023,31 October 2023
278955,FFF,2013J,01 October 2023,31 October 2023
279069,FFF,2013J,01 October 2023,31 October 2023
279085,FFF,2013J,01 October 2023,31 October 2023
279750,FFF,2013J,01 October 2023,31 October 2023
281638,FFF,2013J,01 October 2023,31 October 2023
282385,FFF,2013J,01 October 2023,31 October 2023
282975,FFF,2013J,01 October 2023,31 October 2023
283953,FFF,2013J,01 October 2023,31 October 2023
284036,FFF,2013J,01 October 2023,31 October 2023
284636,FFF,2013J,01 October 2023,31 October 2023
284742,FFF,2013J,01 October 2023,31 October 2023
286442,FFF,2013J,01 October 2023,31 October 2023
287079,FFF,2013J,01 October 2023,31 October 2023
289221,FFF,2013J,01 October 2023,31 October 2023
289304,FFF,2013J,01 October 2023,31 October 2023
289826,FFF,2013J,01 October 2023,31 October 2023
290521,FFF,2013J,01 October 2023,31 October 2023
291237,FFF,2013J,01 October 2023,31 October 2023
291516,FFF,2013J,01 October 2023,31 October 2023
291745,FFF,2013J,01 October 2023,31 October 2023
293317,FFF,2013J,01 October 2023,31 October 2023
295255,FFF,2013J,01 October 2023,31 October 2023
296100,FFF,2013J,01 October 2023,31 October 2023
299281,FFF,2013J,01 October 2023,31 October 2023
299886,FFF,2013J,01 October 2023,31 October 2023
301128,FFF,2013J,01 October 2023,31 October 2023
302071,FFF,2013J,01 October 2023,31 October 2023
302566,FFF,2013J,01 October 2023,31 October 2023
303937,FFF,2013J,01 October 2023,31 October 2023
304240,FFF,2013J,01 October 2023,31 October 2023
304589,FFF,2013J,01 October 2023,31 October 2023
305858,FFF,2013J,01 October 2023,31 October 2023
307245,FFF,2013J,01 October 2023,31 October 2023
307676,FFF,2013J,01 October 2023,31 October 2023
309150,FFF,2013J,01 October 2023,31 October 2023
309893,FFF,2013J,01 October 2023,31 October 2023
310646,FFF,2013J,01 October 2023,31 October 2023
310899,FFF,2013J,01 October 2023,31 October 2023
311151,FFF,2013J,01 October 2023,31 October 2023
312760,FFF,2013J,01 October 2023,31 October 2023
313206,FFF,2013J,01 October 2023,31 October 2023
313700,FFF,2013J,01 October 2023,31 October 2023
314776,FFF,2013J,01 October 2023,31 October 2023
315808,FFF,2013J,01 October 2023,31 October 2023
316098,FFF,2013J,01 October 2023,31 October 2023
316541,FFF,2013J,01 October 2023,31 October 2023
318627,FFF,2013J,01 October 2023,31 October 2023
319578,FFF,2013J,01 October 2023,31 October 2023
320437,FFF,2013J,01 October 2023,31 October 2023
321486,FFF,2013J,01 October 2023,31 October 2023
321969,FFF,2013J,01 October 2023,31 October 2023
323480,FFF,2013J,01 October 2023,31 October 2023
323984,FFF,2013J,01 October 2023,31 October 2023
324331,FFF,2013J,01 October 2023,31 October 2023
324672,FFF,2013J,01 October 2023,31 October 2023
325368,FFF,2013J,01 October 2023,31 October 2023
325750,FFF,2013J,01 October 2023,31 October 2023
326056,FFF,2013J,01 October 2023,31 October 2023
329655,FFF,2013J,01 October 2023,31 October 2023
330192,FFF,2013J,01 October 2023,31 October 2023
330347,FFF,2013J,01 October 2023,31 October 2023
330669,FFF,2013J,01 October 2023,31 October 2023
330723,FFF,2013J,01 October 2023,31 October 2023
331039,FFF,2013J,01 October 2023,31 October 2023
331417,FFF,2013J,01 October 2023,31 October 2023
333710,FFF,2013J,01 October 2023,31 October 2023
334476,FFF,2013J,01 October 2023,31 October 2023
334669,FFF,2013J,01 October 2023,31 October 2023
335476,FFF,2013J,01 October 2023,31 October 2023
335562,FFF,2013J,01 October 2023,31 October 2023
335582,FFF,2013J,01 October 2023,31 October 2023
335644,FFF,2013J,01 October 2023,31 October 2023
335726,FFF,2013J,01 October 2023,31 October 2023
338536,FFF,2013J,01 October 2023,31 October 2023
338806,FFF,2013J,01 October 2023,31 October 2023
338975,FFF,2013J,01 October 2023,31 October 2023
339624,FFF,2013J,01 October 2023,31 October 2023
340647,FFF,2013J,01 October 2023,31 October 2023
340751,FFF,2013J,01 October 2023,31 October 2023
341096,FFF,2013J,01 October 2023,31 October 2023
341470,FFF,2013J,01 October 2023,31 October 2023
341839,FFF,2013J,01 October 2023,31 October 2023
342155,FFF,2013J,01 October 2023,31 October 2023
342953,FFF,2013J,01 October 2023,31 October 2023
343419,FFF,2013J,01 October 2023,31 October 2023
343658,FFF,2013J,01 October 2023,31 October 2023
343828,FFF,2013J,01 October 2023,31 October 2023
344787,FFF,2013J,01 October 2023,31 October 2023
347484,FFF,2013J,01 October 2023,31 October 2023
348717,FFF,2013J,01 October 2023,31 October 2023
349219,FFF,2013J,01 October 2023,31 October 2023
349247,FFF,2013J,01 October 2023,31 October 2023
349676,FFF,2013J,01 October 2023,31 October 2023
351170,FFF,2013J,01 October 2023,31 October 2023
351505,FFF,2013J,01 October 2023,31 October 2023
352083,FFF,2013J,01 October 2023,31 October 2023
352102,FFF,2013J,01 October 2023,31 October 2023
353790,FFF,2013J,01 October 2023,31 October 2023
354550,FFF,2013J,01 October 2023,31 October 2023
355293,FFF,2013J,01 October 2023,31 October 2023
355335,FFF,2013J,01 October 2023,31 October 2023
356397,FFF,2013J,01 October 2023,31 October 2023
359149,FFF,2013J,01 October 2023,31 October 2023
360581,FFF,2013J,01 October 2023,31 October 2023
360747,FFF,2013J,01 October 2023,31 October 2023
360986,FFF,2013J,01 October 2023,31 October 2023
363273,FFF,2013J,01 October 2023,31 October 2023
363738,FFF,2013J,01 October 2023,31 October 2023
364790,FFF,2013J,01 October 2023,31 October 2023
364974,FFF,2013J,01 October 2023,31 October 2023
367605,FFF,2013J,01 October 2023,31 October 2023
368315,FFF,2013J,01 October 2023,31 October 2023
368935,FFF,2013J,01 October 2023,31 October 2023
369826,FFF,2013J,01 October 2023,31 October 2023
370934,FFF,2013J,01 October 2023,31 October 2023
371133,FFF,2013J,01 October 2023,31 October 2023
371247,FFF,2013J,01 October 2023,31 October 2023
371869,FFF,2013J,01 October 2023,31 October 2023
372262,FFF,2013J,01 October 2023,31 October 2023
372619,FFF,2013J,01 October 2023,31 October 2023
377705,FFF,2013J,01 October 2023,31 October 2023
379070,FFF,2013J,01 October 2023,31 October 2023
379843,FFF,2013J,01 October 2023,31 October 2023
380161,FFF,2013J,01 October 2023,31 October 2023
380435,FFF,2013J,01 October 2023,31 October 2023
380710,FFF,2013J,01 October 2023,31 October 2023
381058,FFF,2013J,01 October 2023,31 October 2023
381414,FFF,2013J,01 October 2023,31 October 2023
381959,FFF,2013J,01 October 2023,31 October 2023
382125,FFF,2013J,01 October 2023,31 October 2023
382156,FFF,2013J,01 October 2023,31 October 2023
382738,FFF,2013J,01 October 2023,31 October 2023
383517,FFF,2013J,01 October 2023,31 October 2023
384227,FFF,2013J,01 October 2023,31 October 2023
385195,FFF,2013J,01 October 2023,31 October 2023
385209,FFF,2013J,01 October 2023,31 October 2023
385547,FFF,2013J,01 October 2023,31 October 2023
387507,FFF,2013J,01 October 2023,31 October 2023
387941,FFF,2013J,01 October 2023,31 October 2023
388754,FFF,2013J,01 October 2023,31 October 2023
389208,FFF,2013J,01 October 2023,31 October 2023
391187,FFF,2013J,01 October 2023,31 October 2023
392210,FFF,2013J,01 October 2023,31 October 2023
392427,FFF,2013J,01 October 2023,31 October 2023
392692,FFF,2013J,01 October 2023,31 October 2023
393698,FFF,2013J,01 October 2023,31 October 2023
393827,FFF,2013J,01 October 2023,31 October 2023
394239,FFF,2013J,01 October 2023,31 October 2023
395373,FFF,2013J,01 October 2023,31 October 2023
395696,FFF,2013J,01 October 2023,31 October 2023
395814,FFF,2013J,01 October 2023,31 October 2023
396502,FFF,2013J,01 October 2023,31 October 2023
397292,FFF,2013J,01 October 2023,31 October 2023
397470,FFF,2013J,01 October 2023,31 October 2023
400145,FFF,2013J,01 October 2023,31 October 2023
401824,FFF,2013J,01 October 2023,31 October 2023
401866,FFF,2013J,01 October 2023,31 October 2023
402458,FFF,2013J,01 October 2023,31 October 2023
402662,FFF,2013J,01 October 2023,31 October 2023
404536,FFF,2013J,01 October 2023,31 October 2023
404631,FFF,2013J,01 October 2023,31 October 2023
409040,FFF,2013J,01 October 2023,31 October 2023
409276,FFF,2013J,01 October 2023,31 October 2023
410666,FFF,2013J,01 October 2023,31 October 2023
410838,FFF,2013J,01 October 2023,31 October 2023
411939,FFF,2013J,01 October 2023,31 October 2023
412697,FFF,2013J,01 October 2023,31 October 2023
413137,FFF,2013J,01 October 2023,31 October 2023
413259,FFF,2013J,01 October 2023,31 October 2023
413747,FFF,2013J,01 October 2023,31 October 2023
413950,FFF,2013J,01 October 2023,31 October 2023
415724,FFF,2013J,01 October 2023,31 October 2023
416304,FFF,2013J,01 October 2023,31 October 2023
416426,FFF,2013J,01 October 2023,31 October 2023
417135,FFF,2013J,01 October 2023,31 October 2023
417414,FFF,2013J,01 October 2023,31 October 2023
417663,FFF,2013J,01 October 2023,31 October 2023
418007,FFF,2013J,01 October 2023,31 October 2023
418129,FFF,2013J,01 October 2023,31 October 2023
418340,FFF,2013J,01 October 2023,31 October 2023
419990,FFF,2013J,01 October 2023,31 October 2023
420867,FFF,2013J,01 October 2023,31 October 2023
421070,FFF,2013J,01 October 2023,31 October 2023
422006,FFF,2013J,01 October 2023,31 October 2023
423544,FFF,2013J,01 October 2023,31 October 2023
424069,FFF,2013J,01 October 2023,31 October 2023
424171,FFF,2013J,01 October 2023,31 October 2023
424437,FFF,2013J,01 October 2023,31 October 2023
425218,FFF,2013J,01 October 2023,31 October 2023
426768,FFF,2013J,01 October 2023,31 October 2023
427802,FFF,2013J,01 October 2023,31 October 2023
428195,FFF,2013J,01 October 2023,31 October 2023
429194,FFF,2013J,01 October 2023,31 October 2023
429832,FFF,2013J,01 October 2023,31 October 2023
432336,FFF,2013J,01 October 2023,31 October 2023
432474,FFF,2013J,01 October 2023,31 October 2023
432592,FFF,2013J,01 October 2023,31 October 2023
432703,FFF,2013J,01 October 2023,31 October 2023
434617,FFF,2013J,01 October 2023,31 October 2023
436044,FFF,2013J,01 October 2023,31 October 2023
438063,FFF,2013J,01 October 2023,31 October 2023
438644,FFF,2013J,01 October 2023,31 October 2023
439053,FFF,2013J,01 October 2023,31 October 2023
439203,FFF,2013J,01 October 2023,31 October 2023
442432,FFF,2013J,01 October 2023,31 October 2023
442670,FFF,2013J,01 October 2023,31 October 2023
443300,FFF,2013J,01 October 2023,31 October 2023
443753,FFF,2013J,01 October 2023,31 October 2023
443954,FFF,2013J,01 October 2023,31 October 2023
444266,FFF,2013J,01 October 2023,31 October 2023
444619,FFF,2013J,01 October 2023,31 October 2023
444697,FFF,2013J,01 October 2023,31 October 2023
444856,FFF,2013J,01 October 2023,31 October 2023
445410,FFF,2013J,01 October 2023,31 October 2023
445728,FFF,2013J,01 October 2023,31 October 2023
445776,FFF,2013J,01 October 2023,31 October 2023
446746,FFF,2013J,01 October 2023,31 October 2023
447374,FFF,2013J,01 October 2023,31 October 2023
447459,FFF,2013J,01 October 2023,31 October 2023
464522,FFF,2013J,01 October 2023,31 October 2023
465009,FFF,2013J,01 October 2023,31 October 2023
465893,FFF,2013J,01 October 2023,31 October 2023
466425,FFF,2013J,01 October 2023,31 October 2023
466807,FFF,2013J,01 October 2023,31 October 2023
467243,FFF,2013J,01 October 2023,31 October 2023
467291,FFF,2013J,01 October 2023,31 October 2023
467504,FFF,2013J,01 October 2023,31 October 2023
467524,FFF,2013J,01 October 2023,31 October 2023
467685,FFF,2013J,01 October 2023,31 October 2023
467901,FFF,2013J,01 October 2023,31 October 2023
468947,FFF,2013J,01 October 2023,31 October 2023
470001,FFF,2013J,01 October 2023,31 October 2023
470037,FFF,2013J,01 October 2023,31 October 2023
470870,FFF,2013J,01 October 2023,31 October 2023
471973,FFF,2013J,01 October 2023,31 October 2023
473896,FFF,2013J,01 October 2023,31 October 2023
474126,FFF,2013J,01 October 2023,31 October 2023
474949,FFF,2013J,01 October 2023,31 October 2023
475253,FFF,2013J,01 October 2023,31 October 2023
475699,FFF,2013J,01 October 2023,31 October 2023
476520,FFF,2013J,01 October 2023,31 October 2023
478332,FFF,2013J,01 October 2023,31 October 2023
478583,FFF,2013J,01 October 2023,31 October 2023
479845,FFF,2013J,01 October 2023,31 October 2023
480025,FFF,2013J,01 October 2023,31 October 2023
480910,FFF,2013J,01 October 2023,31 October 2023
481092,FFF,2013J,01 October 2023,31 October 2023
482554,FFF,2013J,01 October 2023,31 October 2023
482580,FFF,2013J,01 October 2023,31 October 2023
483626,FFF,2013J,01 October 2023,31 October 2023
483724,FFF,2013J,01 October 2023,31 October 2023
484125,FFF,2013J,01 October 2023,31 October 2023
484312,FFF,2013J,01 October 2023,31 October 2023
484475,FFF,2013J,01 October 2023,31 October 2023
484574,FFF,2013J,01 October 2023,31 October 2023
485671,FFF,2013J,01 October 2023,31 October 2023
485885,FFF,2013J,01 October 2023,31 October 2023
486473,FFF,2013J,01 October 2023,31 October 2023
486511,FFF,2013J,01 October 2023,31 October 2023
486551,FFF,2013J,01 October 2023,31 October 2023
486948,FFF,2013J,01 October 2023,31 October 2023
488136,FFF,2013J,01 October 2023,31 October 2023
488324,FFF,2013J,01 October 2023,31 October 2023
488394,FFF,2013J,01 October 2023,31 October 2023
489087,FFF,2013J,01 October 2023,31 October 2023
489146,FFF,2013J,01 October 2023,31 October 2023
489560,FFF,2013J,01 October 2023,31 October 2023
490449,FFF,2013J,01 October 2023,31 October 2023
490505,FFF,2013J,01 October 2023,31 October 2023
491606,FFF,2013J,01 October 2023,31 October 2023
491756,FFF,2013J,01 October 2023,31 October 2023
492557,FFF,2013J,01 October 2023,31 October 2023
492851,FFF,2013J,01 October 2023,31 October 2023
493067,FFF,2013J,01 October 2023,31 October 2023
493539,FFF,2013J,01 October 2023,31 October 2023
494046,FFF,2013J,01 October 2023,31 October 2023
494143,FFF,2013J,01 October 2023,31 October 2023
494191,FFF,2013J,01 October 2023,31 October 2023
494335,FFF,2013J,01 October 2023,31 October 2023
494414,FFF,2013J,01 October 2023,31 October 2023
494495,FFF,2013J,01 October 2023,31 October 2023
494975,FFF,2013J,01 October 2023,31 October 2023
495948,FFF,2013J,01 October 2023,31 October 2023
496801,FFF,2013J,01 October 2023,31 October 2023
496981,FFF,2013J,01 October 2023,31 October 2023
497349,FFF,2013J,01 October 2023,31 October 2023
498031,FFF,2013J,01 October 2023,31 October 2023
498898,FFF,2013J,01 October 2023,31 October 2023
498972,FFF,2013J,01 October 2023,31 October 2023
499386,FFF,2013J,01 October 2023,31 October 2023
499564,FFF,2013J,01 October 2023,31 October 2023
499768,FFF,2013J,01 October 2023,31 October 2023
500067,FFF,2013J,01 October 2023,31 October 2023
500099,FFF,2013J,01 October 2023,31 October 2023
500137,FFF,2013J,01 October 2023,31 October 2023
500772,FFF,2013J,01 October 2023,31 October 2023
501336,FFF,2013J,01 October 2023,31 October 2023
501425,FFF,2013J,01 October 2023,31 October 2023
501871,FFF,2013J,01 October 2023,31 October 2023
501922,FFF,2013J,01 October 2023,31 October 2023
502249,FFF,2013J,01 October 2023,31 October 2023
502696,FFF,2013J,01 October 2023,31 October 2023
502779,FFF,2013J,01 October 2023,31 October 2023
503352,FFF,2013J,01 October 2023,31 October 2023
503401,FFF,2013J,01 October 2023,31 October 2023
503477,FFF,2013J,01 October 2023,31 October 2023
503684,FFF,2013J,01 October 2023,31 October 2023
503764,FFF,2013J,01 October 2023,31 October 2023
504076,FFF,2013J,01 October 2023,31 October 2023
504105,FFF,2013J,01 October 2023,31 October 2023
504300,FFF,2013J,01 October 2023,31 October 2023
504321,FFF,2013J,01 October 2023,31 October 2023
504700,FFF,2013J,01 October 2023,31 October 2023
504834,FFF,2013J,01 October 2023,31 October 2023
504899,FFF,2013J,01 October 2023,31 October 2023
505047,FFF,2013J,01 October 2023,31 October 2023
505153,FFF,2013J,01 October 2023,31 October 2023
505410,FFF,2013J,01 October 2023,31 October 2023
506288,FFF,2013J,01 October 2023,31 October 2023
506289,FFF,2013J,01 October 2023,31 October 2023
506309,FFF,2013J,01 October 2023,31 October 2023
506498,FFF,2013J,01 October 2023,31 October 2023
506550,FFF,2013J,01 October 2023,31 October 2023
506783,FFF,2013J,01 October 2023,31 October 2023
507010,FFF,2013J,01 October 2023,31 October 2023
507084,FFF,2013J,01 October 2023,31 October 2023
507941,FFF,2013J,01 October 2023,31 October 2023
508059,FFF,2013J,01 October 2023,31 October 2023
508210,FFF,2013J,01 October 2023,31 October 2023
508232,FFF,2013J,01 October 2023,31 October 2023
508274,FFF,2013J,01 October 2023,31 October 2023
508326,FFF,2013J,01 October 2023,31 October 2023
508388,FFF,2013J,01 October 2023,31 October 2023
508469,FFF,2013J,01 October 2023,31 October 2023
508627,FFF,2013J,01 October 2023,31 October 2023
508630,FFF,2013J,01 October 2023,31 October 2023
508713,FFF,2013J,01 October 2023,31 October 2023
508804,FFF,2013J,01 October 2023,31 October 2023
508942,FFF,2013J,01 October 2023,31 October 2023
509407,FFF,2013J,01 October 2023,31 October 2023
509940,FFF,2013J,01 October 2023,31 October 2023
510112,FFF,2013J,01 October 2023,31 October 2023
510534,FFF,2013J,01 October 2023,31 October 2023
511432,FFF,2013J,01 October 2023,31 October 2023
512123,FFF,2013J,01 October 2023,31 October 2023
512335,FFF,2013J,01 October 2023,31 October 2023
512725,FFF,2013J,01 October 2023,31 October 2023
512859,FFF,2013J,01 October 2023,31 October 2023
513228,FFF,2013J,01 October 2023,31 October 2023
513796,FFF,2013J,01 October 2023,31 October 2023
514558,FFF,2013J,01 October 2023,31 October 2023
515285,FFF,2013J,01 October 2023,31 October 2023
515536,FFF,2013J,01 October 2023,31 October 2023
515574,FFF,2013J,01 October 2023,31 October 2023
515833,FFF,2013J,01 October 2023,31 October 2023
515859,FFF,2013J,01 October 2023,31 October 2023
515888,FFF,2013J,01 October 2023,31 October 2023
516095,FFF,2013J,01 October 2023,31 October 2023
516620,FFF,2013J,01 October 2023,31 October 2023
516673,FFF,2013J,01 October 2023,31 October 2023
516770,FFF,2013J,01 October 2023,31 October 2023
517481,FFF,2013J,01 October 2023,31 October 2023
517571,FFF,2013J,01 October 2023,31 October 2023
517731,FFF,2013J,01 October 2023,31 October 2023
518364,FFF,2013J,01 October 2023,31 October 2023
518544,FFF,2013J,01 October 2023,31 October 2023
518930,FFF,2013J,01 October 2023,31 October 2023
518937,FFF,2013J,01 October 2023,31 October 2023
520249,FFF,2013J,01 October 2023,31 October 2023
521255,FFF,2013J,01 October 2023,31 October 2023
521329,FFF,2013J,01 October 2023,31 October 2023
521788,FFF,2013J,01 October 2023,31 October 2023
522007,FFF,2013J,01 October 2023,31 October 2023
522082,FFF,2013J,01 October 2023,31 October 2023
522428,FFF,2013J,01 October 2023,31 October 2023
522740,FFF,2013J,01 October 2023,31 October 2023
522881,FFF,2013J,01 October 2023,31 October 2023
523599,FFF,2013J,01 October 2023,31 October 2023
523680,FFF,2013J,01 October 2023,31 October 2023
523777,FFF,2013J,01 October 2023,31 October 2023
523971,FFF,2013J,01 October 2023,31 October 2023
524232,FFF,2013J,01 October 2023,31 October 2023
524379,FFF,2013J,01 October 2023,31 October 2023
524384,FFF,2013J,01 October 2023,31 October 2023
524407,FFF,2013J,01 October 2023,31 October 2023
524845,FFF,2013J,01 October 2023,31 October 2023
524938,FFF,2013J,01 October 2023,31 October 2023
524974,FFF,2013J,01 October 2023,31 October 2023
524996,FFF,2013J,01 October 2023,31 October 2023
525596,FFF,2013J,01 October 2023,31 October 2023
525694,FFF,2013J,01 October 2023,31 October 2023
525781,FFF,2013J,01 October 2023,31 October 2023
527148,FFF,2013J,01 October 2023,31 October 2023
527494,FFF,2013J,01 October 2023,31 October 2023
527565,FFF,2013J,01 October 2023,31 October 2023
527713,FFF,2013J,01 October 2023,31 October 2023
527775,FFF,2013J,01 October 2023,31 October 2023
528559,FFF,2013J,01 October 2023,31 October 2023
529197,FFF,2013J,01 October 2023,31 October 2023
529201,FFF,2013J,01 October 2023,31 October 2023
529211,FFF,2013J,01 October 2023,31 October 2023
529490,FFF,2013J,01 October 2023,31 October 2023
529684,FFF,2013J,01 October 2023,31 October 2023
529862,FFF,2013J,01 October 2023,31 October 2023
530043,FFF,2013J,01 October 2023,31 October 2023
530159,FFF,2013J,01 October 2023,31 October 2023
530940,FFF,2013J,01 October 2023,31 October 2023
531344,FFF,2013J,01 October 2023,31 October 2023
531953,FFF,2013J,01 October 2023,31 October 2023
532121,FFF,2013J,01 October 2023,31 October 2023
532741,FFF,2013J,01 October 2023,31 October 2023
532895,FFF,2013J,01 October 2023,31 October 2023
533523,FFF,2013J,01 October 2023,31 October 2023
533975,FFF,2013J,01 October 2023,31 October 2023
535131,FFF,2013J,01 October 2023,31 October 2023
535529,FFF,2013J,01 October 2023,31 October 2023
535671,FFF,2013J,01 October 2023,31 October 2023
536331,FFF,2013J,01 October 2023,31 October 2023
536711,FFF,2013J,01 October 2023,31 October 2023
537328,FFF,2013J,01 October 2023,31 October 2023
537942,FFF,2013J,01 October 2023,31 October 2023
539945,FFF,2013J,01 October 2023,31 October 2023
540503,FFF,2013J,01 October 2023,31 October 2023
540909,FFF,2013J,01 October 2023,31 October 2023
541768,FFF,2013J,01 October 2023,31 October 2023
541783,FFF,2013J,01 October 2023,31 October 2023
542423,FFF,2013J,01 October 2023,31 October 2023
543607,FFF,2013J,01 October 2023,31 October 2023
543763,FFF,2013J,01 October 2023,31 October 2023
544092,FFF,2013J,01 October 2023,31 October 2023
544207,FFF,2013J,01 October 2023,31 October 2023
544289,FFF,2013J,01 October 2023,31 October 2023
544745,FFF,2013J,01 October 2023,31 October 2023
545119,FFF,2013J,01 October 2023,31 October 2023
545916,FFF,2013J,01 October 2023,31 October 2023
546065,FFF,2013J,01 October 2023,31 October 2023
546480,FFF,2013J,01 October 2023,31 October 2023
546547,FFF,2013J,01 October 2023,31 October 2023
546643,FFF,2013J,01 October 2023,31 October 2023
547154,FFF,2013J,01 October 2023,31 October 2023
547393,FFF,2013J,01 October 2023,31 October 2023
547442,FFF,2013J,01 October 2023,31 October 2023
547593,FFF,2013J,01 October 2023,31 October 2023
547773,FFF,2013J,01 October 2023,31 October 2023
548080,FFF,2013J,01 October 2023,31 October 2023
548508,FFF,2013J,01 October 2023,31 October 2023
548666,FFF,2013J,01 October 2023,31 October 2023
548693,FFF,2013J,01 October 2023,31 October 2023
548722,FFF,2013J,01 October 2023,31 October 2023
549300,FFF,2013J,01 October 2023,31 October 2023
549397,FFF,2013J,01 October 2023,31 October 2023
549523,FFF,2013J,01 October 2023,31 October 2023
549648,FFF,2013J,01 October 2023,31 October 2023
550359,FFF,2013J,01 October 2023,31 October 2023
550477,FFF,2013J,01 October 2023,31 October 2023
550556,FFF,2013J,01 October 2023,31 October 2023
551245,FFF,2013J,01 October 2023,31 October 2023
551277,FFF,2013J,01 October 2023,31 October 2023
551299,FFF,2013J,01 October 2023,31 October 2023
551354,FFF,2013J,01 October 2023,31 October 2023
551373,FFF,2013J,01 October 2023,31 October 2023
551399,FFF,2013J,01 October 2023,31 October 2023
551500,FFF,2013J,01 October 2023,31 October 2023
551557,FFF,2013J,01 October 2023,31 October 2023
551745,FFF,2013J,01 October 2023,31 October 2023
551812,FFF,2013J,01 October 2023,31 October 2023
551823,FFF,2013J,01 October 2023,31 October 2023
552104,FFF,2013J,01 October 2023,31 October 2023
553187,FFF,2013J,01 October 2023,31 October 2023
553283,FFF,2013J,01 October 2023,31 October 2023
553364,FFF,2013J,01 October 2023,31 October 2023
553427,FFF,2013J,01 October 2023,31 October 2023
554257,FFF,2013J,01 October 2023,31 October 2023
554276,FFF,2013J,01 October 2023,31 October 2023
554586,FFF,2013J,01 October 2023,31 October 2023
554846,FFF,2013J,01 October 2023,31 October 2023
555440,FFF,2013J,01 October 2023,31 October 2023
555691,FFF,2013J,01 October 2023,31 October 2023
555855,FFF,2013J,01 October 2023,31 October 2023
555895,FFF,2013J,01 October 2023,31 October 2023
556275,FFF,2013J,01 October 2023,31 October 2023
556639,FFF,2013J,01 October 2023,31 October 2023
556646,FFF,2013J,01 October 2023,31 October 2023
557012,FFF,2013J,01 October 2023,31 October 2023
557020,FFF,2013J,01 October 2023,31 October 2023
557040,FFF,2013J,01 October 2023,31 October 2023
557044,FFF,2013J,01 October 2023,31 October 2023
557054,FFF,2013J,01 October 2023,31 October 2023
557232,FFF,2013J,01 October 2023,31 October 2023
557385,FFF,2013J,01 October 2023,31 October 2023
557395,FFF,2013J,01 October 2023,31 October 2023
557481,FFF,2013J,01 October 2023,31 October 2023
557545,FFF,2013J,01 October 2023,31 October 2023
557655,FFF,2013J,01 October 2023,31 October 2023
557661,FFF,2013J,01 October 2023,31 October 2023
557766,FFF,2013J,01 October 2023,31 October 2023
558090,FFF,2013J,01 October 2023,31 October 2023
558205,FFF,2013J,01 October 2023,31 October 2023
558284,FFF,2013J,01 October 2023,31 October 2023
558301,FFF,2013J,01 October 2023,31 October 2023
558309,FFF,2013J,01 October 2023,31 October 2023
558345,FFF,2013J,01 October 2023,31 October 2023
558484,FFF,2013J,01 October 2023,31 October 2023
558635,FFF,2013J,01 October 2023,31 October 2023
558893,FFF,2013J,01 October 2023,31 October 2023
558909,FFF,2013J,01 October 2023,31 October 2023
558970,FFF,2013J,01 October 2023,31 October 2023
559067,FFF,2013J,01 October 2023,31 October 2023
559428,FFF,2013J,01 October 2023,31 October 2023
559599,FFF,2013J,01 October 2023,31 October 2023
559754,FFF,2013J,01 October 2023,31 October 2023
559813,FFF,2013J,01 October 2023,31 October 2023
559902,FFF,2013J,01 October 2023,31 October 2023
559979,FFF,2013J,01 October 2023,31 October 2023
559999,FFF,2013J,01 October 2023,31 October 2023
560329,FFF,2013J,01 October 2023,31 October 2023
560401,FFF,2013J,01 October 2023,31 October 2023
560592,FFF,2013J,01 October 2023,31 October 2023
560659,FFF,2013J,01 October 2023,31 October 2023
560670,FFF,2013J,01 October 2023,31 October 2023
560703,FFF,2013J,01 October 2023,31 October 2023
560727,FFF,2013J,01 October 2023,31 October 2023
560772,FFF,2013J,01 October 2023,31 October 2023
560934,FFF,2013J,01 October 2023,31 October 2023
560946,FFF,2013J,01 October 2023,31 October 2023
560949,FFF,2013J,01 October 2023,31 October 2023
561031,FFF,2013J,01 October 2023,31 October 2023
561068,FFF,2013J,01 October 2023,31 October 2023
561268,FFF,2013J,01 October 2023,31 October 2023
561386,FFF,2013J,01 October 2023,31 October 2023
561542,FFF,2013J,01 October 2023,31 October 2023
561714,FFF,2013J,01 October 2023,31 October 2023
561865,FFF,2013J,01 October 2023,31 October 2023
561867,FFF,2013J,01 October 2023,31 October 2023
561868,FFF,2013J,01 October 2023,31 October 2023
561873,FFF,2013J,01 October 2023,31 October 2023
561874,FFF,2013J,01 October 2023,31 October 2023
561878,FFF,2013J,01 October 2023,31 October 2023
561879,FFF,2013J,01 October 2023,31 October 2023
561880,FFF,2013J,01 October 2023,31 October 2023
561889,FFF,2013J,01 October 2023,31 October 2023
561929,FFF,2013J,01 October 2023,31 October 2023
561930,FFF,2013J,01 October 2023,31 October 2023
561976,FFF,2013J,01 October 2023,31 October 2023
562377,FFF,2013J,01 October 2023,31 October 2023
562428,FFF,2013J,01 October 2023,31 October 2023
562448,FFF,2013J,01 October 2023,31 October 2023
562460,FFF,2013J,01 October 2023,31 October 2023
562763,FFF,2013J,01 October 2023,31 October 2023
562920,FFF,2013J,01 October 2023,31 October 2023
563014,FFF,2013J,01 October 2023,31 October 2023
563019,FFF,2013J,01 October 2023,31 October 2023
563020,FFF,2013J,01 October 2023,31 October 2023
563196,FFF,2013J,01 October 2023,31 October 2023
563239,FFF,2013J,01 October 2023,31 October 2023
563299,FFF,2013J,01 October 2023,31 October 2023
563636,FFF,2013J,01 October 2023,31 October 2023
563742,FFF,2013J,01 October 2023,31 October 2023
563783,FFF,2013J,01 October 2023,31 October 2023
563787,FFF,2013J,01 October 2023,31 October 2023
564119,FFF,2013J,01 October 2023,31 October 2023
564262,FFF,2013J,01 October 2023,31 October 2023
564437,FFF,2013J,01 October 2023,31 October 2023
564702,FFF,2013J,01 October 2023,31 October 2023
564770,FFF,2013J,01 October 2023,31 October 2023
564821,FFF,2013J,01 October 2023,31 October 2023
564981,FFF,2013J,01 October 2023,31 October 2023
565469,FFF,2013J,01 October 2023,31 October 2023
565587,FFF,2013J,01 October 2023,31 October 2023
565608,FFF,2013J,01 October 2023,31 October 2023
565653,FFF,2013J,01 October 2023,31 October 2023
565698,FFF,2013J,01 October 2023,31 October 2023
565849,FFF,2013J,01 October 2023,31 October 2023
565977,FFF,2013J,01 October 2023,31 October 2023
565990,FFF,2013J,01 October 2023,31 October 2023
565997,FFF,2013J,01 October 2023,31 October 2023
566009,FFF,2013J,01 October 2023,31 October 2023
566172,FFF,2013J,01 October 2023,31 October 2023
566270,FFF,2013J,01 October 2023,31 October 2023
566465,FFF,2013J,01 October 2023,31 October 2023
566675,FFF,2013J,01 October 2023,31 October 2023
566817,FFF,2013J,01 October 2023,31 October 2023
566823,FFF,2013J,01 October 2023,31 October 2023
566863,FFF,2013J,01 October 2023,31 October 2023
566973,FFF,2013J,01 October 2023,31 October 2023
567165,FFF,2013J,01 October 2023,31 October 2023
567222,FFF,2013J,01 October 2023,31 October 2023
567223,FFF,2013J,01 October 2023,31 October 2023
567312,FFF,2013J,01 October 2023,31 October 2023
567676,FFF,2013J,01 October 2023,31 October 2023
567880,FFF,2013J,01 October 2023,31 October 2023
567901,FFF,2013J,01 October 2023,31 October 2023
568132,FFF,2013J,01 October 2023,31 October 2023
568153,FFF,2013J,01 October 2023,31 October 2023
568184,FFF,2013J,01 October 2023,31 October 2023
568204,FFF,2013J,01 October 2023,31 October 2023
568207,FFF,2013J,01 October 2023,31 October 2023
568234,FFF,2013J,01 October 2023,31 October 2023
568333,FFF,2013J,01 October 2023,31 October 2023
568381,FFF,2013J,01 October 2023,31 October 2023
568444,FFF,2013J,01 October 2023,31 October 2023
568450,FFF,2013J,01 October 2023,31 October 2023
568551,FFF,2013J,01 October 2023,31 October 2023
568592,FFF,2013J,01 October 2023,31 October 2023
568602,FFF,2013J,01 October 2023,31 October 2023
568644,FFF,2013J,01 October 2023,31 October 2023
568763,FFF,2013J,01 October 2023,31 October 2023
568767,FFF,2013J,01 October 2023,31 October 2023
568774,FFF,2013J,01 October 2023,31 October 2023
568857,FFF,2013J,01 October 2023,31 October 2023
568910,FFF,2013J,01 October 2023,31 October 2023
568987,FFF,2013J,01 October 2023,31 October 2023
568998,FFF,2013J,01 October 2023,31 October 2023
569016,FFF,2013J,01 October 2023,31 October 2023
569070,FFF,2013J,01 October 2023,31 October 2023
569107,FFF,2013J,01 October 2023,31 October 2023
569167,FFF,2013J,01 October 2023,31 October 2023
569474,FFF,2013J,01 October 2023,31 October 2023
569507,FFF,2013J,01 October 2023,31 October 2023
569566,FFF,2013J,01 October 2023,31 October 2023
569807,FFF,2013J,01 October 2023,31 October 2023
569994,FFF,2013J,01 October 2023,31 October 2023
570004,FFF,2013J,01 October 2023,31 October 2023
570023,FFF,2013J,01 October 2023,31 October 2023
570061,FFF,2013J,01 October 2023,31 October 2023
570213,FFF,2013J,01 October 2023,31 October 2023
570280,FFF,2013J,01 October 2023,31 October 2023
570428,FFF,2013J,01 October 2023,31 October 2023
570455,FFF,2013J,01 October 2023,31 October 2023
570515,FFF,2013J,01 October 2023,31 October 2023
570517,FFF,2013J,01 October 2023,31 October 2023
570550,FFF,2013J,01 October 2023,31 October 2023
570689,FFF,2013J,01 October 2023,31 October 2023
570807,FFF,2013J,01 October 2023,31 October 2023
570878,FFF,2013J,01 October 2023,31 October 2023
570978,FFF,2013J,01 October 2023,31 October 2023
571019,FFF,2013J,01 October 2023,31 October 2023
571022,FFF,2013J,01 October 2023,31 October 2023
571044,FFF,2013J,01 October 2023,31 October 2023
571079,FFF,2013J,01 October 2023,31 October 2023
571117,FFF,2013J,01 October 2023,31 October 2023
571355,FFF,2013J,01 October 2023,31 October 2023
571363,FFF,2013J,01 October 2023,31 October 2023
571490,FFF,2013J,01 October 2023,31 October 2023
571575,FFF,2013J,01 October 2023,31 October 2023
571612,FFF,2013J,01 October 2023,31 October 2023
571622,FFF,2013J,01 October 2023,31 October 2023
571630,FFF,2013J,01 October 2023,31 October 2023
571638,FFF,2013J,01 October 2023,31 October 2023
571650,FFF,2013J,01 October 2023,31 October 2023
571757,FFF,2013J,01 October 2023,31 October 2023
571800,FFF,2013J,01 October 2023,31 October 2023
571802,FFF,2013J,01 October 2023,31 October 2023
571828,FFF,2013J,01 October 2023,31 October 2023
571831,FFF,2013J,01 October 2023,31 October 2023
571844,FFF,2013J,01 October 2023,31 October 2023
571859,FFF,2013J,01 October 2023,31 October 2023
571862,FFF,2013J,01 October 2023,31 October 2023
571893,FFF,2013J,01 October 2023,31 October 2023
571926,FFF,2013J,01 October 2023,31 October 2023
571927,FFF,2013J,01 October 2023,31 October 2023
571935,FFF,2013J,01 October 2023,31 October 2023
571973,FFF,2013J,01 October 2023,31 October 2023
571994,FFF,2013J,01 October 2023,31 October 2023
572003,FFF,2013J,01 October 2023,31 October 2023
572047,FFF,2013J,01 October 2023,31 October 2023
572053,FFF,2013J,01 October 2023,31 October 2023
572071,FFF,2013J,01 October 2023,31 October 2023
572076,FFF,2013J,01 October 2023,31 October 2023
572116,FFF,2013J,01 October 2023,31 October 2023
572124,FFF,2013J,01 October 2023,31 October 2023
572125,FFF,2013J,01 October 2023,31 October 2023
572128,FFF,2013J,01 October 2023,31 October 2023
572179,FFF,2013J,01 October 2023,31 October 2023
572199,FFF,2013J,01 October 2023,31 October 2023
572209,FFF,2013J,01 October 2023,31 October 2023
572213,FFF,2013J,01 October 2023,31 October 2023
572265,FFF,2013J,01 October 2023,31 October 2023
572270,FFF,2013J,01 October 2023,31 October 2023
572274,FFF,2013J,01 October 2023,31 October 2023
572304,FFF,2013J,01 October 2023,31 October 2023
572346,FFF,2013J,01 October 2023,31 October 2023
572397,FFF,2013J,01 October 2023,31 October 2023
572410,FFF,2013J,01 October 2023,31 October 2023
572493,FFF,2013J,01 October 2023,31 October 2023
572505,FFF,2013J,01 October 2023,31 October 2023
572532,FFF,2013J,01 October 2023,31 October 2023
572554,FFF,2013J,01 October 2023,31 October 2023
572560,FFF,2013J,01 October 2023,31 October 2023
572634,FFF,2013J,01 October 2023,31 October 2023
572702,FFF,2013J,01 October 2023,31 October 2023
572718,FFF,2013J,01 October 2023,31 October 2023
572769,FFF,2013J,01 October 2023,31 October 2023
572845,FFF,2013J,01 October 2023,31 October 2023
572860,FFF,2013J,01 October 2023,31 October 2023
572871,FFF,2013J,01 October 2023,31 October 2023
572910,FFF,2013J,01 October 2023,31 October 2023
572981,FFF,2013J,01 October 2023,31 October 2023
573007,FFF,2013J,01 October 2023,31 October 2023
573150,FFF,2013J,01 October 2023,31 October 2023
573152,FFF,2013J,01 October 2023,31 October 2023
573173,FFF,2013J,01 October 2023,31 October 2023
573199,FFF,2013J,01 October 2023,31 October 2023
573224,FFF,2013J,01 October 2023,31 October 2023
573245,FFF,2013J,01 October 2023,31 October 2023
573280,FFF,2013J,01 October 2023,31 October 2023
573291,FFF,2013J,01 October 2023,31 October 2023
573317,FFF,2013J,01 October 2023,31 October 2023
573434,FFF,2013J,01 October 2023,31 October 2023
573467,FFF,2013J,01 October 2023,31 October 2023
573639,FFF,2013J,01 October 2023,31 October 2023
573674,FFF,2013J,01 October 2023,31 October 2023
573678,FFF,2013J,01 October 2023,31 October 2023
573704,FFF,2013J,01 October 2023,31 October 2023
573766,FFF,2013J,01 October 2023,31 October 2023
573860,FFF,2013J,01 October 2023,31 October 2023
573864,FFF,2013J,01 October 2023,31 October 2023
573900,FFF,2013J,01 October 2023,31 October 2023
573901,FFF,2013J,01 October 2023,31 October 2023
573951,FFF,2013J,01 October 2023,31 October 2023
574070,FFF,2013J,01 October 2023,31 October 2023
574078,FFF,2013J,01 October 2023,31 October 2023
574207,FFF,2013J,01 October 2023,31 October 2023
574232,FFF,2013J,01 October 2023,31 October 2023
574237,FFF,2013J,01 October 2023,31 October 2023
574245,FFF,2013J,01 October 2023,31 October 2023
574282,FFF,2013J,01 October 2023,31 October 2023
574305,FFF,2013J,01 October 2023,31 October 2023
574315,FFF,2013J,01 October 2023,31 October 2023
574382,FFF,2013J,01 October 2023,31 October 2023
574418,FFF,2013J,01 October 2023,31 October 2023
574446,FFF,2013J,01 October 2023,31 October 2023
574470,FFF,2013J,01 October 2023,31 October 2023
574534,FFF,2013J,01 October 2023,31 October 2023
574570,FFF,2013J,01 October 2023,31 October 2023
574664,FFF,2013J,01 October 2023,31 October 2023
574681,FFF,2013J,01 October 2023,31 October 2023
574683,FFF,2013J,01 October 2023,31 October 2023
574695,FFF,2013J,01 October 2023,31 October 2023
574722,FFF,2013J,01 October 2023,31 October 2023
574732,FFF,2013J,01 October 2023,31 October 2023
574735,FFF,2013J,01 October 2023,31 October 2023
574737,FFF,2013J,01 October 2023,31 October 2023
574815,FFF,2013J,01 October 2023,31 October 2023
574820,FFF,2013J,01 October 2023,31 October 2023
574845,FFF,2013J,01 October 2023,31 October 2023
574856,FFF,2013J,01 October 2023,31 October 2023
574871,FFF,2013J,01 October 2023,31 October 2023
574874,FFF,2013J,01 October 2023,31 October 2023
574919,FFF,2013J,01 October 2023,31 October 2023
574950,FFF,2013J,01 October 2023,31 October 2023
574955,FFF,2013J,01 October 2023,31 October 2023
575003,FFF,2013J,01 October 2023,31 October 2023
575019,FFF,2013J,01 October 2023,31 October 2023
575186,FFF,2013J,01 October 2023,31 October 2023
575282,FFF,2013J,01 October 2023,31 October 2023
575372,FFF,2013J,01 October 2023,31 October 2023
575459,FFF,2013J,01 October 2023,31 October 2023
575476,FFF,2013J,01 October 2023,31 October 2023
575512,FFF,2013J,01 October 2023,31 October 2023
575533,FFF,2013J,01 October 2023,31 October 2023
575655,FFF,2013J,01 October 2023,31 October 2023
575678,FFF,2013J,01 October 2023,31 October 2023
575797,FFF,2013J,01 October 2023,31 October 2023
575822,FFF,2013J,01 October 2023,31 October 2023
575875,FFF,2013J,01 October 2023,31 October 2023
575919,FFF,2013J,01 October 2023,31 October 2023
575941,FFF,2013J,01 October 2023,31 October 2023
575956,FFF,2013J,01 October 2023,31 October 2023
576032,FFF,2013J,01 October 2023,31 October 2023
576088,FFF,2013J,01 October 2023,31 October 2023
576097,FFF,2013J,01 October 2023,31 October 2023
576107,FFF,2013J,01 October 2023,31 October 2023
576205,FFF,2013J,01 October 2023,31 October 2023
576229,FFF,2013J,01 October 2023,31 October 2023
576281,FFF,2013J,01 October 2023,31 October 2023
576390,FFF,2013J,01 October 2023,31 October 2023
576399,FFF,2013J,01 October 2023,31 October 2023
576417,FFF,2013J,01 October 2023,31 October 2023
576423,FFF,2013J,01 October 2023,31 October 2023
576431,FFF,2013J,01 October 2023,31 October 2023
576466,FFF,2013J,01 October 2023,31 October 2023
576512,FFF,2013J,01 October 2023,31 October 2023
576518,FFF,2013J,01 October 2023,31 October 2023
576670,FFF,2013J,01 October 2023,31 October 2023
576672,FFF,2013J,01 October 2023,31 October 2023
576681,FFF,2013J,01 October 2023,31 October 2023
576704,FFF,2013J,01 October 2023,31 October 2023
576765,FFF,2013J,01 October 2023,31 October 2023
576789,FFF,2013J,01 October 2023,31 October 2023
576813,FFF,2013J,01 October 2023,31 October 2023
576856,FFF,2013J,01 October 2023,31 October 2023
576888,FFF,2013J,01 October 2023,31 October 2023
576921,FFF,2013J,01 October 2023,31 October 2023
576943,FFF,2013J,01 October 2023,31 October 2023
576972,FFF,2013J,01 October 2023,31 October 2023
577042,FFF,2013J,01 October 2023,31 October 2023
577222,FFF,2013J,01 October 2023,31 October 2023
577371,FFF,2013J,01 October 2023,31 October 2023
577389,FFF,2013J,01 October 2023,31 October 2023
577396,FFF,2013J,01 October 2023,31 October 2023
577404,FFF,2013J,01 October 2023,31 October 2023
577454,FFF,2013J,01 October 2023,31 October 2023
577476,FFF,2013J,01 October 2023,31 October 2023
577533,FFF,2013J,01 October 2023,31 October 2023
577605,FFF,2013J,01 October 2023,31 October 2023
577607,FFF,2013J,01 October 2023,31 October 2023
577640,FFF,2013J,01 October 2023,31 October 2023
577673,FFF,2013J,01 October 2023,31 October 2023
577721,FFF,2013J,01 October 2023,31 October 2023
577763,FFF,2013J,01 October 2023,31 October 2023
577764,FFF,2013J,01 October 2023,31 October 2023
577797,FFF,2013J,01 October 2023,31 October 2023
577867,FFF,2013J,01 October 2023,31 October 2023
577922,FFF,2013J,01 October 2023,31 October 2023
577959,FFF,2013J,01 October 2023,31 October 2023
577999,FFF,2013J,01 October 2023,31 October 2023
578050,FFF,2013J,01 October 2023,31 October 2023
578152,FFF,2013J,01 October 2023,31 October 2023
578199,FFF,2013J,01 October 2023,31 October 2023
578208,FFF,2013J,01 October 2023,31 October 2023
578258,FFF,2013J,01 October 2023,31 October 2023
578259,FFF,2013J,01 October 2023,31 October 2023
578276,FFF,2013J,01 October 2023,31 October 2023
578281,FFF,2013J,01 October 2023,31 October 2023
578492,FFF,2013J,01 October 2023,31 October 2023
578497,FFF,2013J,01 October 2023,31 October 2023
578519,FFF,2013J,01 October 2023,31 October 2023
578547,FFF,2013J,01 October 2023,31 October 2023
578550,FFF,2013J,01 October 2023,31 October 2023
578561,FFF,2013J,01 October 2023,31 October 2023
578599,FFF,2013J,01 October 2023,31 October 2023
578649,FFF,2013J,01 October 2023,31 October 2023
578744,FFF,2013J,01 October 2023,31 October 2023
579038,FFF,2013J,01 October 2023,31 October 2023
579064,FFF,2013J,01 October 2023,31 October 2023
579069,FFF,2013J,01 October 2023,31 October 2023
579115,FFF,2013J,01 October 2023,31 October 2023
579257,FFF,2013J,01 October 2023,31 October 2023
579307,FFF,2013J,01 October 2023,31 October 2023
579354,FFF,2013J,01 October 2023,31 October 2023
579361,FFF,2013J,01 October 2023,31 October 2023
579415,FFF,2013J,01 October 2023,31 October 2023
579416,FFF,2013J,01 October 2023,31 October 2023
579482,FFF,2013J,01 October 2023,31 October 2023
579506,FFF,2013J,01 October 2023,31 October 2023
579526,FFF,2013J,01 October 2023,31 October 2023
579557,FFF,2013J,01 October 2023,31 October 2023
579685,FFF,2013J,01 October 2023,31 October 2023
579737,FFF,2013J,01 October 2023,31 October 2023
580317,FFF,2013J,01 October 2023,31 October 2023
580358,FFF,2013J,01 October 2023,31 October 2023
580380,FFF,2013J,01 October 2023,31 October 2023
580484,FFF,2013J,01 October 2023,31 October 2023
580533,FFF,2013J,01 October 2023,31 October 2023
580555,FFF,2013J,01 October 2023,31 October 2023
580658,FFF,2013J,01 October 2023,31 October 2023
580702,FFF,2013J,01 October 2023,31 October 2023
580743,FFF,2013J,01 October 2023,31 October 2023
580755,FFF,2013J,01 October 2023,31 October 2023
580771,FFF,2013J,01 October 2023,31 October 2023
580824,FFF,2013J,01 October 2023,31 October 2023
580842,FFF,2013J,01 October 2023,31 October 2023
580867,FFF,2013J,01 October 2023,31 October 2023
581034,FFF,2013J,01 October 2023,31 October 2023
581135,FFF,2013J,01 October 2023,31 October 2023
581219,FFF,2013J,01 October 2023,31 October 2023
581253,FFF,2013J,01 October 2023,31 October 2023
581261,FFF,2013J,01 October 2023,31 October 2023
581307,FFF,2013J,01 October 2023,31 October 2023
581332,FFF,2013J,01 October 2023,31 October 2023
581341,FFF,2013J,01 October 2023,31 October 2023
581342,FFF,2013J,01 October 2023,31 October 2023
581412,FFF,2013J,01 October 2023,31 October 2023
581486,FFF,2013J,01 October 2023,31 October 2023
581490,FFF,2013J,01 October 2023,31 October 2023
581523,FFF,2013J,01 October 2023,31 October 2023
581532,FFF,2013J,01 October 2023,31 October 2023
581563,FFF,2013J,01 October 2023,31 October 2023
581574,FFF,2013J,01 October 2023,31 October 2023
581616,FFF,2013J,01 October 2023,31 October 2023
581700,FFF,2013J,01 October 2023,31 October 2023
581769,FFF,2013J,01 October 2023,31 October 2023
581787,FFF,2013J,01 October 2023,31 October 2023
581796,FFF,2013J,01 October 2023,31 October 2023
581810,FFF,2013J,01 October 2023,31 October 2023
581836,FFF,2013J,01 October 2023,31 October 2023
581838,FFF,2013J,01 October 2023,31 October 2023
581897,FFF,2013J,01 October 2023,31 October 2023
582003,FFF,2013J,01 October 2023,31 October 2023
582063,FFF,2013J,01 October 2023,31 October 2023
582080,FFF,2013J,01 October 2023,31 October 2023
582125,FFF,2013J,01 October 2023,31 October 2023
582154,FFF,2013J,01 October 2023,31 October 2023
582181,FFF,2013J,01 October 2023,31 October 2023
582235,FFF,2013J,01 October 2023,31 October 2023
582251,FFF,2013J,01 October 2023,31 October 2023
582275,FFF,2013J,01 October 2023,31 October 2023
582282,FFF,2013J,01 October 2023,31 October 2023
582311,FFF,2013J,01 October 2023,31 October 2023
582364,FFF,2013J,01 October 2023,31 October 2023
582392,FFF,2013J,01 October 2023,31 October 2023
582494,FFF,2013J,01 October 2023,31 October 2023
582510,FFF,2013J,01 October 2023,31 October 2023
582562,FFF,2013J,01 October 2023,31 October 2023
582629,FFF,2013J,01 October 2023,31 October 2023
582665,FFF,2013J,01 October 2023,31 October 2023
582677,FFF,2013J,01 October 2023,31 October 2023
582679,FFF,2013J,01 October 2023,31 October 2023
582690,FFF,2013J,01 October 2023,31 October 2023
582705,FFF,2013J,01 October 2023,31 October 2023
582790,FFF,2013J,01 October 2023,31 October 2023
582842,FFF,2013J,01 October 2023,31 October 2023
582992,FFF,2013J,01 October 2023,31 October 2023
583033,FFF,2013J,01 October 2023,31 October 2023
583070,FFF,2013J,01 October 2023,31 October 2023
583081,FFF,2013J,01 October 2023,31 October 2023
583121,FFF,2013J,01 October 2023,31 October 2023
583128,FFF,2013J,01 October 2023,31 October 2023
583131,FFF,2013J,01 October 2023,31 October 2023
583149,FFF,2013J,01 October 2023,31 October 2023
583202,FFF,2013J,01 October 2023,31 October 2023
583232,FFF,2013J,01 October 2023,31 October 2023
583236,FFF,2013J,01 October 2023,31 October 2023
583286,FFF,2013J,01 October 2023,31 October 2023
583381,FFF,2013J,01 October 2023,31 October 2023
583526,FFF,2013J,01 October 2023,31 October 2023
583591,FFF,2013J,01 October 2023,31 October 2023
583599,FFF,2013J,01 October 2023,31 October 2023
583741,FFF,2013J,01 October 2023,31 October 2023
583824,FFF,2013J,01 October 2023,31 October 2023
583826,FFF,2013J,01 October 2023,31 October 2023
583840,FFF,2013J,01 October 2023,31 October 2023
583867,FFF,2013J,01 October 2023,31 October 2023
583966,FFF,2013J,01 October 2023,31 October 2023
584040,FFF,2013J,01 October 2023,31 October 2023
584078,FFF,2013J,01 October 2023,31 October 2023
584111,FFF,2013J,01 October 2023,31 October 2023
584210,FFF,2013J,01 October 2023,31 October 2023
584214,FFF,2013J,01 October 2023,31 October 2023
584225,FFF,2013J,01 October 2023,31 October 2023
584362,FFF,2013J,01 October 2023,31 October 2023
584546,FFF,2013J,01 October 2023,31 October 2023
584550,FFF,2013J,01 October 2023,31 October 2023
584594,FFF,2013J,01 October 2023,31 October 2023
584601,FFF,2013J,01 October 2023,31 October 2023
584673,FFF,2013J,01 October 2023,31 October 2023
584687,FFF,2013J,01 October 2023,31 October 2023
584792,FFF,2013J,01 October 2023,31 October 2023
584806,FFF,2013J,01 October 2023,31 October 2023
585033,FFF,2013J,01 October 2023,31 October 2023
585050,FFF,2013J,01 October 2023,31 October 2023
585128,FFF,2013J,01 October 2023,31 October 2023
585149,FFF,2013J,01 October 2023,31 October 2023
585162,FFF,2013J,01 October 2023,31 October 2023
585166,FFF,2013J,01 October 2023,31 October 2023
585230,FFF,2013J,01 October 2023,31 October 2023
585290,FFF,2013J,01 October 2023,31 October 2023
585301,FFF,2013J,01 October 2023,31 October 2023
585305,FFF,2013J,01 October 2023,31 October 2023
585389,FFF,2013J,01 October 2023,31 October 2023
585409,FFF,2013J,01 October 2023,31 October 2023
585449,FFF,2013J,01 October 2023,31 October 2023
585454,FFF,2013J,01 October 2023,31 October 2023
585466,FFF,2013J,01 October 2023,31 October 2023
585484,FFF,2013J,01 October 2023,31 October 2023
585574,FFF,2013J,01 October 2023,31 October 2023
585615,FFF,2013J,01 October 2023,31 October 2023
585659,FFF,2013J,01 October 2023,31 October 2023
585724,FFF,2013J,01 October 2023,31 October 2023
585731,FFF,2013J,01 October 2023,31 October 2023
585825,FFF,2013J,01 October 2023,31 October 2023
585942,FFF,2013J,01 October 2023,31 October 2023
585965,FFF,2013J,01 October 2023,31 October 2023
586011,FFF,2013J,01 October 2023,31 October 2023
586034,FFF,2013J,01 October 2023,31 October 2023
586080,FFF,2013J,01 October 2023,31 October 2023
586112,FFF,2013J,01 October 2023,31 October 2023
586224,FFF,2013J,01 October 2023,31 October 2023
586246,FFF,2013J,01 October 2023,31 October 2023
586249,FFF,2013J,01 October 2023,31 October 2023
586251,FFF,2013J,01 October 2023,31 October 2023
586259,FFF,2013J,01 October 2023,31 October 2023
586281,FFF,2013J,01 October 2023,31 October 2023
586428,FFF,2013J,01 October 2023,31 October 2023
586445,FFF,2013J,01 October 2023,31 October 2023
586446,FFF,2013J,01 October 2023,31 October 2023
586468,FFF,2013J,01 October 2023,31 October 2023
586477,FFF,2013J,01 October 2023,31 October 2023
586483,FFF,2013J,01 October 2023,31 October 2023
586510,FFF,2013J,01 October 2023,31 October 2023
586518,FFF,2013J,01 October 2023,31 October 2023
586543,FFF,2013J,01 October 2023,31 October 2023
586620,FFF,2013J,01 October 2023,31 October 2023
586642,FFF,2013J,01 October 2023,31 October 2023
586705,FFF,2013J,01 October 2023,31 October 2023
586719,FFF,2013J,01 October 2023,31 October 2023
586753,FFF,2013J,01 October 2023,31 October 2023
586758,FFF,2013J,01 October 2023,31 October 2023
586784,FFF,2013J,01 October 2023,31 October 2023
586851,FFF,2013J,01 October 2023,31 October 2023
586855,FFF,2013J,01 October 2023,31 October 2023
586891,FFF,2013J,01 October 2023,31 October 2023
586906,FFF,2013J,01 October 2023,31 October 2023
586925,FFF,2013J,01 October 2023,31 October 2023
586935,FFF,2013J,01 October 2023,31 October 2023
586974,FFF,2013J,01 October 2023,31 October 2023
587126,FFF,2013J,01 October 2023,31 October 2023
587178,FFF,2013J,01 October 2023,31 October 2023
587286,FFF,2013J,01 October 2023,31 October 2023
587294,FFF,2013J,01 October 2023,31 October 2023
587308,FFF,2013J,01 October 2023,31 October 2023
587324,FFF,2013J,01 October 2023,31 October 2023
587334,FFF,2013J,01 October 2023,31 October 2023
587369,FFF,2013J,01 October 2023,31 October 2023
587435,FFF,2013J,01 October 2023,31 October 2023
587451,FFF,2013J,01 October 2023,31 October 2023
587456,FFF,2013J,01 October 2023,31 October 2023
587462,FFF,2013J,01 October 2023,31 October 2023
587594,FFF,2013J,01 October 2023,31 October 2023
587611,FFF,2013J,01 October 2023,31 October 2023
587619,FFF,2013J,01 October 2023,31 October 2023
587659,FFF,2013J,01 October 2023,31 October 2023
587685,FFF,2013J,01 October 2023,31 October 2023
587690,FFF,2013J,01 October 2023,31 October 2023
587848,FFF,2013J,01 October 2023,31 October 2023
587859,FFF,2013J,01 October 2023,31 October 2023
587868,FFF,2013J,01 October 2023,31 October 2023
587912,FFF,2013J,01 October 2023,31 October 2023
587934,FFF,2013J,01 October 2023,31 October 2023
587976,FFF,2013J,01 October 2023,31 October 2023
588052,FFF,2013J,01 October 2023,31 October 2023
588128,FFF,2013J,01 October 2023,31 October 2023
588131,FFF,2013J,01 October 2023,31 October 2023
588156,FFF,2013J,01 October 2023,31 October 2023
588236,FFF,2013J,01 October 2023,31 October 2023
588360,FFF,2013J,01 October 2023,31 October 2023
588539,FFF,2013J,01 October 2023,31 October 2023
588597,FFF,2013J,01 October 2023,31 October 2023
588672,FFF,2013J,01 October 2023,31 October 2023
588796,FFF,2013J,01 October 2023,31 October 2023
588914,FFF,2013J,01 October 2023,31 October 2023
588925,FFF,2013J,01 October 2023,31 October 2023
588971,FFF,2013J,01 October 2023,31 October 2023
589003,FFF,2013J,01 October 2023,31 October 2023
589014,FFF,2013J,01 October 2023,31 October 2023
589017,FFF,2013J,01 October 2023,31 October 2023
589099,FFF,2013J,01 October 2023,31 October 2023
589178,FFF,2013J,01 October 2023,31 October 2023
589196,FFF,2013J,01 October 2023,31 October 2023
589263,FFF,2013J,01 October 2023,31 October 2023
589267,FFF,2013J,01 October 2023,31 October 2023
589295,FFF,2013J,01 October 2023,31 October 2023
589303,FFF,2013J,01 October 2023,31 October 2023
589326,FFF,2013J,01 October 2023,31 October 2023
589409,FFF,2013J,01 October 2023,31 October 2023
589474,FFF,2013J,01 October 2023,31 October 2023
589490,FFF,2013J,01 October 2023,31 October 2023
589559,FFF,2013J,01 October 2023,31 October 2023
589578,FFF,2013J,01 October 2023,31 October 2023
589583,FFF,2013J,01 October 2023,31 October 2023
589587,FFF,2013J,01 October 2023,31 October 2023
589594,FFF,2013J,01 October 2023,31 October 2023
589605,FFF,2013J,01 October 2023,31 October 2023
589665,FFF,2013J,01 October 2023,31 October 2023
589707,FFF,2013J,01 October 2023,31 October 2023
589749,FFF,2013J,01 October 2023,31 October 2023
589768,FFF,2013J,01 October 2023,31 October 2023
589843,FFF,2013J,01 October 2023,31 October 2023
589860,FFF,2013J,01 October 2023,31 October 2023
589948,FFF,2013J,01 October 2023,31 October 2023
590128,FFF,2013J,01 October 2023,31 October 2023
590188,FFF,2013J,01 October 2023,31 October 2023
590189,FFF,2013J,01 October 2023,31 October 2023
590226,FFF,2013J,01 October 2023,31 October 2023
590241,FFF,2013J,01 October 2023,31 October 2023
590289,FFF,2013J,01 October 2023,31 October 2023
590328,FFF,2013J,01 October 2023,31 October 2023
590403,FFF,2013J,01 October 2023,31 October 2023
590461,FFF,2013J,01 October 2023,31 October 2023
590462,FFF,2013J,01 October 2023,31 October 2023
590466,FFF,2013J,01 October 2023,31 October 2023
590494,FFF,2013J,01 October 2023,31 October 2023
590499,FFF,2013J,01 October 2023,31 October 2023
590545,FFF,2013J,01 October 2023,31 October 2023
590548,FFF,2013J,01 October 2023,31 October 2023
590555,FFF,2013J,01 October 2023,31 October 2023
590571,FFF,2013J,01 October 2023,31 October 2023
590701,FFF,2013J,01 October 2023,31 October 2023
590707,FFF,2013J,01 October 2023,31 October 2023
590714,FFF,2013J,01 October 2023,31 October 2023
590749,FFF,2013J,01 October 2023,31 October 2023
590815,FFF,2013J,01 October 2023,31 October 2023
590824,FFF,2013J,01 October 2023,31 October 2023
590849,FFF,2013J,01 October 2023,31 October 2023
590898,FFF,2013J,01 October 2023,31 October 2023
590907,FFF,2013J,01 October 2023,31 October 2023
590980,FFF,2013J,01 October 2023,31 October 2023
590989,FFF,2013J,01 October 2023,31 October 2023
591008,FFF,2013J,01 October 2023,31 October 2023
591015,FFF,2013J,01 October 2023,31 October 2023
591055,FFF,2013J,01 October 2023,31 October 2023
591057,FFF,2013J,01 October 2023,31 October 2023
591078,FFF,2013J,01 October 2023,31 October 2023
591219,FFF,2013J,01 October 2023,31 October 2023
591343,FFF,2013J,01 October 2023,31 October 2023
591394,FFF,2013J,01 October 2023,31 October 2023
591403,FFF,2013J,01 October 2023,31 October 2023
591411,FFF,2013J,01 October 2023,31 October 2023
591412,FFF,2013J,01 October 2023,31 October 2023
591516,FFF,2013J,01 October 2023,31 October 2023
591581,FFF,2013J,01 October 2023,31 October 2023
591613,FFF,2013J,01 October 2023,31 October 2023
591620,FFF,2013J,01 October 2023,31 October 2023
591638,FFF,2013J,01 October 2023,31 October 2023
591661,FFF,2013J,01 October 2023,31 October 2023
591677,FFF,2013J,01 October 2023,31 October 2023
591685,FFF,2013J,01 October 2023,31 October 2023
591692,FFF,2013J,01 October 2023,31 October 2023
591695,FFF,2013J,01 October 2023,31 October 2023
591735,FFF,2013J,01 October 2023,31 October 2023
591765,FFF,2013J,01 October 2023,31 October 2023
591872,FFF,2013J,01 October 2023,31 October 2023
591893,FFF,2013J,01 October 2023,31 October 2023
591940,FFF,2013J,01 October 2023,31 October 2023
591975,FFF,2013J,01 October 2023,31 October 2023
592002,FFF,2013J,01 October 2023,31 October 2023
592014,FFF,2013J,01 October 2023,31 October 2023
592092,FFF,2013J,01 October 2023,31 October 2023
592142,FFF,2013J,01 October 2023,31 October 2023
592168,FFF,2013J,01 October 2023,31 October 2023
592203,FFF,2013J,01 October 2023,31 October 2023
592206,FFF,2013J,01 October 2023,31 October 2023
592370,FFF,2013J,01 October 2023,31 October 2023
592373,FFF,2013J,01 October 2023,31 October 2023
592450,FFF,2013J,01 October 2023,31 October 2023
592458,FFF,2013J,01 October 2023,31 October 2023
592476,FFF,2013J,01 October 2023,31 October 2023
592538,FFF,2013J,01 October 2023,31 October 2023
592550,FFF,2013J,01 October 2023,31 October 2023
592563,FFF,2013J,01 October 2023,31 October 2023
592607,FFF,2013J,01 October 2023,31 October 2023
592616,FFF,2013J,01 October 2023,31 October 2023
592631,FFF,2013J,01 October 2023,31 October 2023
592634,FFF,2013J,01 October 2023,31 October 2023
592640,FFF,2013J,01 October 2023,31 October 2023
592689,FFF,2013J,01 October 2023,31 October 2023
592763,FFF,2013J,01 October 2023,31 October 2023
592781,FFF,2013J,01 October 2023,31 October 2023
592789,FFF,2013J,01 October 2023,31 October 2023
592810,FFF,2013J,01 October 2023,31 October 2023
592856,FFF,2013J,01 October 2023,31 October 2023
592924,FFF,2013J,01 October 2023,31 October 2023
593104,FFF,2013J,01 October 2023,31 October 2023
593139,FFF,2013J,01 October 2023,31 October 2023
593157,FFF,2013J,01 October 2023,31 October 2023
593206,FFF,2013J,01 October 2023,31 October 2023
593272,FFF,2013J,01 October 2023,31 October 2023
593320,FFF,2013J,01 October 2023,31 October 2023
593459,FFF,2013J,01 October 2023,31 October 2023
593492,FFF,2013J,01 October 2023,31 October 2023
593511,FFF,2013J,01 October 2023,31 October 2023
593532,FFF,2013J,01 October 2023,31 October 2023
593535,FFF,2013J,01 October 2023,31 October 2023
593585,FFF,2013J,01 October 2023,31 October 2023
593617,FFF,2013J,01 October 2023,31 October 2023
593670,FFF,2013J,01 October 2023,31 October 2023
593671,FFF,2013J,01 October 2023,31 October 2023
593681,FFF,2013J,01 October 2023,31 October 2023
593755,FFF,2013J,01 October 2023,31 October 2023
593780,FFF,2013J,01 October 2023,31 October 2023
593865,FFF,2013J,01 October 2023,31 October 2023
593904,FFF,2013J,01 October 2023,31 October 2023
593953,FFF,2013J,01 October 2023,31 October 2023
593970,FFF,2013J,01 October 2023,31 October 2023
594076,FFF,2013J,01 October 2023,31 October 2023
594119,FFF,2013J,01 October 2023,31 October 2023
594139,FFF,2013J,01 October 2023,31 October 2023
594162,FFF,2013J,01 October 2023,31 October 2023
594184,FFF,2013J,01 October 2023,31 October 2023
594205,FFF,2013J,01 October 2023,31 October 2023
594221,FFF,2013J,01 October 2023,31 October 2023
594250,FFF,2013J,01 October 2023,31 October 2023
594280,FFF,2013J,01 October 2023,31 October 2023
594291,FFF,2013J,01 October 2023,31 October 2023
594341,FFF,2013J,01 October 2023,31 October 2023
594342,FFF,2013J,01 October 2023,31 October 2023
594359,FFF,2013J,01 October 2023,31 October 2023
594360,FFF,2013J,01 October 2023,31 October 2023
594376,FFF,2013J,01 October 2023,31 October 2023
594395,FFF,2013J,01 October 2023,31 October 2023
594404,FFF,2013J,01 October 2023,31 October 2023
594406,FFF,2013J,01 October 2023,31 October 2023
594454,FFF,2013J,01 October 2023,31 October 2023
594470,FFF,2013J,01 October 2023,31 October 2023
594505,FFF,2013J,01 October 2023,31 October 2023
594506,FFF,2013J,01 October 2023,31 October 2023
594510,FFF,2013J,01 October 2023,31 October 2023
594546,FFF,2013J,01 October 2023,31 October 2023
594547,FFF,2013J,01 October 2023,31 October 2023
594558,FFF,2013J,01 October 2023,31 October 2023
594576,FFF,2013J,01 October 2023,31 October 2023
594596,FFF,2013J,01 October 2023,31 October 2023
594603,FFF,2013J,01 October 2023,31 October 2023
594615,FFF,2013J,01 October 2023,31 October 2023
594643,FFF,2013J,01 October 2023,31 October 2023
594737,FFF,2013J,01 October 2023,31 October 2023
594800,FFF,2013J,01 October 2023,31 October 2023
594814,FFF,2013J,01 October 2023,31 October 2023
594815,FFF,2013J,01 October 2023,31 October 2023
594823,FFF,2013J,01 October 2023,31 October 2023
594855,FFF,2013J,01 October 2023,31 October 2023
594881,FFF,2013J,01 October 2023,31 October 2023
594894,FFF,2013J,01 October 2023,31 October 2023
594933,FFF,2013J,01 October 2023,31 October 2023
594956,FFF,2013J,01 October 2023,31 October 2023
594996,FFF,2013J,01 October 2023,31 October 2023
595023,FFF,2013J,01 October 2023,31 October 2023
595119,FFF,2013J,01 October 2023,31 October 2023
595150,FFF,2013J,01 October 2023,31 October 2023
595230,FFF,2013J,01 October 2023,31 October 2023
595235,FFF,2013J,01 October 2023,31 October 2023
595246,FFF,2013J,01 October 2023,31 October 2023
595330,FFF,2013J,01 October 2023,31 October 2023
595354,FFF,2013J,01 October 2023,31 October 2023
595359,FFF,2013J,01 October 2023,31 October 2023
595381,FFF,2013J,01 October 2023,31 October 2023
595386,FFF,2013J,01 October 2023,31 October 2023
595401,FFF,2013J,01 October 2023,31 October 2023
595428,FFF,2013J,01 October 2023,31 October 2023
595477,FFF,2013J,01 October 2023,31 October 2023
595483,FFF,2013J,01 October 2023,31 October 2023
595593,FFF,2013J,01 October 2023,31 October 2023
595649,FFF,2013J,01 October 2023,31 October 2023
595676,FFF,2013J,01 October 2023,31 October 2023
595735,FFF,2013J,01 October 2023,31 October 2023
595752,FFF,2013J,01 October 2023,31 October 2023
595769,FFF,2013J,01 October 2023,31 October 2023
595773,FFF,2013J,01 October 2023,31 October 2023
595840,FFF,2013J,01 October 2023,31 October 2023
595842,FFF,2013J,01 October 2023,31 October 2023
595868,FFF,2013J,01 October 2023,31 October 2023
595895,FFF,2013J,01 October 2023,31 October 2023
595915,FFF,2013J,01 October 2023,31 October 2023
595935,FFF,2013J,01 October 2023,31 October 2023
595978,FFF,2013J,01 October 2023,31 October 2023
596027,FFF,2013J,01 October 2023,31 October 2023
596049,FFF,2013J,01 October 2023,31 October 2023
596125,FFF,2013J,01 October 2023,31 October 2023
596146,FFF,2013J,01 October 2023,31 October 2023
596147,FFF,2013J,01 October 2023,31 October 2023
596231,FFF,2013J,01 October 2023,31 October 2023
596266,FFF,2013J,01 October 2023,31 October 2023
596296,FFF,2013J,01 October 2023,31 October 2023
596368,FFF,2013J,01 October 2023,31 October 2023
596369,FFF,2013J,01 October 2023,31 October 2023
596406,FFF,2013J,01 October 2023,31 October 2023
596480,FFF,2013J,01 October 2023,31 October 2023
596490,FFF,2013J,01 October 2023,31 October 2023
596521,FFF,2013J,01 October 2023,31 October 2023
596593,FFF,2013J,01 October 2023,31 October 2023
596601,FFF,2013J,01 October 2023,31 October 2023
596624,FFF,2013J,01 October 2023,31 October 2023
596646,FFF,2013J,01 October 2023,31 October 2023
596687,FFF,2013J,01 October 2023,31 October 2023
596691,FFF,2013J,01 October 2023,31 October 2023
596739,FFF,2013J,01 October 2023,31 October 2023
596754,FFF,2013J,01 October 2023,31 October 2023
596756,FFF,2013J,01 October 2023,31 October 2023
596774,FFF,2013J,01 October 2023,31 October 2023
596828,FFF,2013J,01 October 2023,31 October 2023
596829,FFF,2013J,01 October 2023,31 October 2023
596858,FFF,2013J,01 October 2023,31 October 2023
596938,FFF,2013J,01 October 2023,31 October 2023
596982,FFF,2013J,01 October 2023,31 October 2023
597074,FFF,2013J,01 October 2023,31 October 2023
597098,FFF,2013J,01 October 2023,31 October 2023
597190,FFF,2013J,01 October 2023,31 October 2023
597199,FFF,2013J,01 October 2023,31 October 2023
597204,FFF,2013J,01 October 2023,31 October 2023
597238,FFF,2013J,01 October 2023,31 October 2023
597241,FFF,2013J,01 October 2023,31 October 2023
597293,FFF,2013J,01 October 2023,31 October 2023
597402,FFF,2013J,01 October 2023,31 October 2023
597415,FFF,2013J,01 October 2023,31 October 2023
597485,FFF,2013J,01 October 2023,31 October 2023
597555,FFF,2013J,01 October 2023,31 October 2023
597557,FFF,2013J,01 October 2023,31 October 2023
597627,FFF,2013J,01 October 2023,31 October 2023
597715,FFF,2013J,01 October 2023,31 October 2023
597737,FFF,2013J,01 October 2023,31 October 2023
597747,FFF,2013J,01 October 2023,31 October 2023
597761,FFF,2013J,01 October 2023,31 October 2023
597787,FFF,2013J,01 October 2023,31 October 2023
597791,FFF,2013J,01 October 2023,31 October 2023
597797,FFF,2013J,01 October 2023,31 October 2023
597819,FFF,2013J,01 October 2023,31 October 2023
597880,FFF,2013J,01 October 2023,31 October 2023
597906,FFF,2013J,01 October 2023,31 October 2023
597912,FFF,2013J,01 October 2023,31 October 2023
597931,FFF,2013J,01 October 2023,31 October 2023
598001,FFF,2013J,01 October 2023,31 October 2023
598032,FFF,2013J,01 October 2023,31 October 2023
598077,FFF,2013J,01 October 2023,31 October 2023
598213,FFF,2013J,01 October 2023,31 October 2023
598215,FFF,2013J,01 October 2023,31 October 2023
598235,FFF,2013J,01 October 2023,31 October 2023
598259,FFF,2013J,01 October 2023,31 October 2023
598268,FFF,2013J,01 October 2023,31 October 2023
598279,FFF,2013J,01 October 2023,31 October 2023
598285,FFF,2013J,01 October 2023,31 October 2023
598294,FFF,2013J,01 October 2023,31 October 2023
598306,FFF,2013J,01 October 2023,31 October 2023
598308,FFF,2013J,01 October 2023,31 October 2023
598353,FFF,2013J,01 October 2023,31 October 2023
598376,FFF,2013J,01 October 2023,31 October 2023
598385,FFF,2013J,01 October 2023,31 October 2023
598480,FFF,2013J,01 October 2023,31 October 2023
598498,FFF,2013J,01 October 2023,31 October 2023
598543,FFF,2013J,01 October 2023,31 October 2023
598555,FFF,2013J,01 October 2023,31 October 2023
598629,FFF,2013J,01 October 2023,31 October 2023
598649,FFF,2013J,01 October 2023,31 October 2023
598706,FFF,2013J,01 October 2023,31 October 2023
598752,FFF,2013J,01 October 2023,31 October 2023
598761,FFF,2013J,01 October 2023,31 October 2023
598835,FFF,2013J,01 October 2023,31 October 2023
598962,FFF,2013J,01 October 2023,31 October 2023
598966,FFF,2013J,01 October 2023,31 October 2023
599094,FFF,2013J,01 October 2023,31 October 2023
599104,FFF,2013J,01 October 2023,31 October 2023
599114,FFF,2013J,01 October 2023,31 October 2023
599168,FFF,2013J,01 October 2023,31 October 2023
599199,FFF,2013J,01 October 2023,31 October 2023
599245,FFF,2013J,01 October 2023,31 October 2023
599289,FFF,2013J,01 October 2023,31 October 2023
599315,FFF,2013J,01 October 2023,31 October 2023
599370,FFF,2013J,01 October 2023,31 October 2023
599445,FFF,2013J,01 October 2023,31 October 2023
599464,FFF,2013J,01 October 2023,31 October 2023
599468,FFF,2013J,01 October 2023,31 October 2023
599559,FFF,2013J,01 October 2023,31 October 2023
599568,FFF,2013J,01 October 2023,31 October 2023
599570,FFF,2013J,01 October 2023,31 October 2023
599587,FFF,2013J,01 October 2023,31 October 2023
599595,FFF,2013J,01 October 2023,31 October 2023
599683,FFF,2013J,01 October 2023,31 October 2023
599718,FFF,2013J,01 October 2023,31 October 2023
599776,FFF,2013J,01 October 2023,31 October 2023
599783,FFF,2013J,01 October 2023,31 October 2023
599795,FFF,2013J,01 October 2023,31 October 2023
599805,FFF,2013J,01 October 2023,31 October 2023
599816,FFF,2013J,01 October 2023,31 October 2023
599907,FFF,2013J,01 October 2023,31 October 2023
599957,FFF,2013J,01 October 2023,31 October 2023
599994,FFF,2013J,01 October 2023,31 October 2023
600037,FFF,2013J,01 October 2023,31 October 2023
600224,FFF,2013J,01 October 2023,31 October 2023
600243,FFF,2013J,01 October 2023,31 October 2023
600367,FFF,2013J,01 October 2023,31 October 2023
600515,FFF,2013J,01 October 2023,31 October 2023
600542,FFF,2013J,01 October 2023,31 October 2023
600558,FFF,2013J,01 October 2023,31 October 2023
600564,FFF,2013J,01 October 2023,31 October 2023
600615,FFF,2013J,01 October 2023,31 October 2023
600667,FFF,2013J,01 October 2023,31 October 2023
600676,FFF,2013J,01 October 2023,31 October 2023
600682,FFF,2013J,01 October 2023,31 October 2023
600746,FFF,2013J,01 October 2023,31 October 2023
600748,FFF,2013J,01 October 2023,31 October 2023
600808,FFF,2013J,01 October 2023,31 October 2023
600860,FFF,2013J,01 October 2023,31 October 2023
600944,FFF,2013J,01 October 2023,31 October 2023
600947,FFF,2013J,01 October 2023,31 October 2023
600955,FFF,2013J,01 October 2023,31 October 2023
600991,FFF,2013J,01 October 2023,31 October 2023
601040,FFF,2013J,01 October 2023,31 October 2023
601042,FFF,2013J,01 October 2023,31 October 2023
601074,FFF,2013J,01 October 2023,31 October 2023
601080,FFF,2013J,01 October 2023,31 October 2023
601099,FFF,2013J,01 October 2023,31 October 2023
601104,FFF,2013J,01 October 2023,31 October 2023
601105,FFF,2013J,01 October 2023,31 October 2023
601180,FFF,2013J,01 October 2023,31 October 2023
601184,FFF,2013J,01 October 2023,31 October 2023
601213,FFF,2013J,01 October 2023,31 October 2023
601217,FFF,2013J,01 October 2023,31 October 2023
601271,FFF,2013J,01 October 2023,31 October 2023
601389,FFF,2013J,01 October 2023,31 October 2023
601390,FFF,2013J,01 October 2023,31 October 2023
601399,FFF,2013J,01 October 2023,31 October 2023
601430,FFF,2013J,01 October 2023,31 October 2023
601439,FFF,2013J,01 October 2023,31 October 2023
601583,FFF,2013J,01 October 2023,31 October 2023
601640,FFF,2013J,01 October 2023,31 October 2023
601681,FFF,2013J,01 October 2023,31 October 2023
601745,FFF,2013J,01 October 2023,31 October 2023
601761,FFF,2013J,01 October 2023,31 October 2023
601783,FFF,2013J,01 October 2023,31 October 2023
601788,FFF,2013J,01 October 2023,31 October 2023
601808,FFF,2013J,01 October 2023,31 October 2023
601855,FFF,2013J,01 October 2023,31 October 2023
601952,FFF,2013J,01 October 2023,31 October 2023
602053,FFF,2013J,01 October 2023,31 October 2023
602097,FFF,2013J,01 October 2023,31 October 2023
602099,FFF,2013J,01 October 2023,31 October 2023
602111,FFF,2013J,01 October 2023,31 October 2023
602152,FFF,2013J,01 October 2023,31 October 2023
602320,FFF,2013J,01 October 2023,31 October 2023
602344,FFF,2013J,01 October 2023,31 October 2023
602406,FFF,2013J,01 October 2023,31 October 2023
602451,FFF,2013J,01 October 2023,31 October 2023
602468,FFF,2013J,01 October 2023,31 October 2023
602469,FFF,2013J,01 October 2023,31 October 2023
602502,FFF,2013J,01 October 2023,31 October 2023
602511,FFF,2013J,01 October 2023,31 October 2023
602516,FFF,2013J,01 October 2023,31 October 2023
602569,FFF,2013J,01 October 2023,31 October 2023
602577,FFF,2013J,01 October 2023,31 October 2023
602592,FFF,2013J,01 October 2023,31 October 2023
602600,FFF,2013J,01 October 2023,31 October 2023
602669,FFF,2013J,01 October 2023,31 October 2023
602672,FFF,2013J,01 October 2023,31 October 2023
602713,FFF,2013J,01 October 2023,31 October 2023
602719,FFF,2013J,01 October 2023,31 October 2023
602734,FFF,2013J,01 October 2023,31 October 2023
602777,FFF,2013J,01 October 2023,31 October 2023
602781,FFF,2013J,01 October 2023,31 October 2023
602792,FFF,2013J,01 October 2023,31 October 2023
602811,FFF,2013J,01 October 2023,31 October 2023
602837,FFF,2013J,01 October 2023,31 October 2023
602895,FFF,2013J,01 October 2023,31 October 2023
602948,FFF,2013J,01 October 2023,31 October 2023
602994,FFF,2013J,01 October 2023,31 October 2023
603030,FFF,2013J,01 October 2023,31 October 2023
603059,FFF,2013J,01 October 2023,31 October 2023
603111,FFF,2013J,01 October 2023,31 October 2023
603148,FFF,2013J,01 October 2023,31 October 2023
603155,FFF,2013J,01 October 2023,31 October 2023
603170,FFF,2013J,01 October 2023,31 October 2023
603199,FFF,2013J,01 October 2023,31 October 2023
603204,FFF,2013J,01 October 2023,31 October 2023
603216,FFF,2013J,01 October 2023,31 October 2023
603220,FFF,2013J,01 October 2023,31 October 2023
603231,FFF,2013J,01 October 2023,31 October 2023
603260,FFF,2013J,01 October 2023,31 October 2023
603300,FFF,2013J,01 October 2023,31 October 2023
603327,FFF,2013J,01 October 2023,31 October 2023
603341,FFF,2013J,01 October 2023,31 October 2023
603389,FFF,2013J,01 October 2023,31 October 2023
603423,FFF,2013J,01 October 2023,31 October 2023
603437,FFF,2013J,01 October 2023,31 October 2023
603575,FFF,2013J,01 October 2023,31 October 2023
603576,FFF,2013J,01 October 2023,31 October 2023
603597,FFF,2013J,01 October 2023,31 October 2023
603600,FFF,2013J,01 October 2023,31 October 2023
603611,FFF,2013J,01 October 2023,31 October 2023
603651,FFF,2013J,01 October 2023,31 October 2023
603733,FFF,2013J,01 October 2023,31 October 2023
603819,FFF,2013J,01 October 2023,31 October 2023
603848,FFF,2013J,01 October 2023,31 October 2023
603873,FFF,2013J,01 October 2023,31 October 2023
604087,FFF,2013J,01 October 2023,31 October 2023
604142,FFF,2013J,01 October 2023,31 October 2023
604184,FFF,2013J,01 October 2023,31 October 2023
604228,FFF,2013J,01 October 2023,31 October 2023
604258,FFF,2013J,01 October 2023,31 October 2023
604296,FFF,2013J,01 October 2023,31 October 2023
604416,FFF,2013J,01 October 2023,31 October 2023
604427,FFF,2013J,01 October 2023,31 October 2023
604449,FFF,2013J,01 October 2023,31 October 2023
604478,FFF,2013J,01 October 2023,31 October 2023
604514,FFF,2013J,01 October 2023,31 October 2023
604581,FFF,2013J,01 October 2023,31 October 2023
604583,FFF,2013J,01 October 2023,31 October 2023
604606,FFF,2013J,01 October 2023,31 October 2023
604619,FFF,2013J,01 October 2023,31 October 2023
604633,FFF,2013J,01 October 2023,31 October 2023
604635,FFF,2013J,01 October 2023,31 October 2023
604700,FFF,2013J,01 October 2023,31 October 2023
604741,FFF,2013J,01 October 2023,31 October 2023
604755,FFF,2013J,01 October 2023,31 October 2023
604766,FFF,2013J,01 October 2023,31 October 2023
604799,FFF,2013J,01 October 2023,31 October 2023
604817,FFF,2013J,01 October 2023,31 October 2023
604828,FFF,2013J,01 October 2023,31 October 2023
604879,FFF,2013J,01 October 2023,31 October 2023
604889,FFF,2013J,01 October 2023,31 October 2023
604918,FFF,2013J,01 October 2023,31 October 2023
604945,FFF,2013J,01 October 2023,31 October 2023
604946,FFF,2013J,01 October 2023,31 October 2023
605012,FFF,2013J,01 October 2023,31 October 2023
605048,FFF,2013J,01 October 2023,31 October 2023
605069,FFF,2013J,01 October 2023,31 October 2023
605091,FFF,2013J,01 October 2023,31 October 2023
605108,FFF,2013J,01 October 2023,31 October 2023
605145,FFF,2013J,01 October 2023,31 October 2023
605195,FFF,2013J,01 October 2023,31 October 2023
605228,FFF,2013J,01 October 2023,31 October 2023
605265,FFF,2013J,01 October 2023,31 October 2023
605269,FFF,2013J,01 October 2023,31 October 2023
605372,FFF,2013J,01 October 2023,31 October 2023
605394,FFF,2013J,01 October 2023,31 October 2023
605409,FFF,2013J,01 October 2023,31 October 2023
605538,FFF,2013J,01 October 2023,31 October 2023
605589,FFF,2013J,01 October 2023,31 October 2023
605598,FFF,2013J,01 October 2023,31 October 2023
605621,FFF,2013J,01 October 2023,31 October 2023
605756,FFF,2013J,01 October 2023,31 October 2023
605886,FFF,2013J,01 October 2023,31 October 2023
605905,FFF,2013J,01 October 2023,31 October 2023
605921,FFF,2013J,01 October 2023,31 October 2023
605940,FFF,2013J,01 October 2023,31 October 2023
605954,FFF,2013J,01 October 2023,31 October 2023
605974,FFF,2013J,01 October 2023,31 October 2023
605988,FFF,2013J,01 October 2023,31 October 2023
605993,FFF,2013J,01 October 2023,31 October 2023
606002,FFF,2013J,01 October 2023,31 October 2023
606006,FFF,2013J,01 October 2023,31 October 2023
606062,FFF,2013J,01 October 2023,31 October 2023
606079,FFF,2013J,01 October 2023,31 October 2023
606104,FFF,2013J,01 October 2023,31 October 2023
606167,FFF,2013J,01 October 2023,31 October 2023
606189,FFF,2013J,01 October 2023,31 October 2023
606304,FFF,2013J,01 October 2023,31 October 2023
606369,FFF,2013J,01 October 2023,31 October 2023
606386,FFF,2013J,01 October 2023,31 October 2023
606407,FFF,2013J,01 October 2023,31 October 2023
606425,FFF,2013J,01 October 2023,31 October 2023
606428,FFF,2013J,01 October 2023,31 October 2023
606436,FFF,2013J,01 October 2023,31 October 2023
606459,FFF,2013J,01 October 2023,31 October 2023
606496,FFF,2013J,01 October 2023,31 October 2023
606612,FFF,2013J,01 October 2023,31 October 2023
606711,FFF,2013J,01 October 2023,31 October 2023
606712,FFF,2013J,01 October 2023,31 October 2023
606817,FFF,2013J,01 October 2023,31 October 2023
606835,FFF,2013J,01 October 2023,31 October 2023
606903,FFF,2013J,01 October 2023,31 October 2023
606911,FFF,2013J,01 October 2023,31 October 2023
606939,FFF,2013J,01 October 2023,31 October 2023
606966,FFF,2013J,01 October 2023,31 October 2023
606967,FFF,2013J,01 October 2023,31 October 2023
606990,FFF,2013J,01 October 2023,31 October 2023
606998,FFF,2013J,01 October 2023,31 October 2023
607011,FFF,2013J,01 October 2023,31 October 2023
607068,FFF,2013J,01 October 2023,31 October 2023
607118,FFF,2013J,01 October 2023,31 October 2023
607134,FFF,2013J,01 October 2023,31 October 2023
607135,FFF,2013J,01 October 2023,31 October 2023
607200,FFF,2013J,01 October 2023,31 October 2023
607247,FFF,2013J,01 October 2023,31 October 2023
607407,FFF,2013J,01 October 2023,31 October 2023
607473,FFF,2013J,01 October 2023,31 October 2023
607533,FFF,2013J,01 October 2023,31 October 2023
607538,FFF,2013J,01 October 2023,31 October 2023
607577,FFF,2013J,01 October 2023,31 October 2023
607586,FFF,2013J,01 October 2023,31 October 2023
607613,FFF,2013J,01 October 2023,31 October 2023
607629,FFF,2013J,01 October 2023,31 October 2023
607650,FFF,2013J,01 October 2023,31 October 2023
607696,FFF,2013J,01 October 2023,31 October 2023
607794,FFF,2013J,01 October 2023,31 October 2023
607866,FFF,2013J,01 October 2023,31 October 2023
607938,FFF,2013J,01 October 2023,31 October 2023
607979,FFF,2013J,01 October 2023,31 October 2023
608008,FFF,2013J,01 October 2023,31 October 2023
608043,FFF,2013J,01 October 2023,31 October 2023
608111,FFF,2013J,01 October 2023,31 October 2023
608144,FFF,2013J,01 October 2023,31 October 2023
608169,FFF,2013J,01 October 2023,31 October 2023
608196,FFF,2013J,01 October 2023,31 October 2023
608198,FFF,2013J,01 October 2023,31 October 2023
608211,FFF,2013J,01 October 2023,31 October 2023
608231,FFF,2013J,01 October 2023,31 October 2023
608248,FFF,2013J,01 October 2023,31 October 2023
608280,FFF,2013J,01 October 2023,31 October 2023
608348,FFF,2013J,01 October 2023,31 October 2023
608349,FFF,2013J,01 October 2023,31 October 2023
608356,FFF,2013J,01 October 2023,31 October 2023
608421,FFF,2013J,01 October 2023,31 October 2023
608453,FFF,2013J,01 October 2023,31 October 2023
608477,FFF,2013J,01 October 2023,31 October 2023
608535,FFF,2013J,01 October 2023,31 October 2023
608606,FFF,2013J,01 October 2023,31 October 2023
608698,FFF,2013J,01 October 2023,31 October 2023
608727,FFF,2013J,01 October 2023,31 October 2023
608737,FFF,2013J,01 October 2023,31 October 2023
608747,FFF,2013J,01 October 2023,31 October 2023
608827,FFF,2013J,01 October 2023,31 October 2023
608864,FFF,2013J,01 October 2023,31 October 2023
608866,FFF,2013J,01 October 2023,31 October 2023
608909,FFF,2013J,01 October 2023,31 October 2023
608913,FFF,2013J,01 October 2023,31 October 2023
608966,FFF,2013J,01 October 2023,31 October 2023
608997,FFF,2013J,01 October 2023,31 October 2023
609097,FFF,2013J,01 October 2023,31 October 2023
609163,FFF,2013J,01 October 2023,31 October 2023
609184,FFF,2013J,01 October 2023,31 October 2023
609220,FFF,2013J,01 October 2023,31 October 2023
609221,FFF,2013J,01 October 2023,31 October 2023
609244,FFF,2013J,01 October 2023,31 October 2023
609277,FFF,2013J,01 October 2023,31 October 2023
609367,FFF,2013J,01 October 2023,31 October 2023
609396,FFF,2013J,01 October 2023,31 October 2023
609416,FFF,2013J,01 October 2023,31 October 2023
609435,FFF,2013J,01 October 2023,31 October 2023
609439,FFF,2013J,01 October 2023,31 October 2023
609460,FFF,2013J,01 October 2023,31 October 2023
609513,FFF,2013J,01 October 2023,31 October 2023
609558,FFF,2013J,01 October 2023,31 October 2023
609743,FFF,2013J,01 October 2023,31 October 2023
609777,FFF,2013J,01 October 2023,31 October 2023
609831,FFF,2013J,01 October 2023,31 October 2023
609882,FFF,2013J,01 October 2023,31 October 2023
609908,FFF,2013J,01 October 2023,31 October 2023
609985,FFF,2013J,01 October 2023,31 October 2023
610097,FFF,2013J,01 October 2023,31 October 2023
610172,FFF,2013J,01 October 2023,31 October 2023
610225,FFF,2013J,01 October 2023,31 October 2023
610244,FFF,2013J,01 October 2023,31 October 2023
610258,FFF,2013J,01 October 2023,31 October 2023
610266,FFF,2013J,01 October 2023,31 October 2023
610278,FFF,2013J,01 October 2023,31 October 2023
610292,FFF,2013J,01 October 2023,31 October 2023
610312,FFF,2013J,01 October 2023,31 October 2023
610335,FFF,2013J,01 October 2023,31 October 2023
610400,FFF,2013J,01 October 2023,31 October 2023
610455,FFF,2013J,01 October 2023,31 October 2023
610517,FFF,2013J,01 October 2023,31 October 2023
610637,FFF,2013J,01 October 2023,31 October 2023
610687,FFF,2013J,01 October 2023,31 October 2023
610746,FFF,2013J,01 October 2023,31 October 2023
610774,FFF,2013J,01 October 2023,31 October 2023
610814,FFF,2013J,01 October 2023,31 October 2023
610932,FFF,2013J,01 October 2023,31 October 2023
610933,FFF,2013J,01 October 2023,31 October 2023
611039,FFF,2013J,01 October 2023,31 October 2023
611126,FFF,2013J,01 October 2023,31 October 2023
611213,FFF,2013J,01 October 2023,31 October 2023
611226,FFF,2013J,01 October 2023,31 October 2023
611245,FFF,2013J,01 October 2023,31 October 2023
611309,FFF,2013J,01 October 2023,31 October 2023
611396,FFF,2013J,01 October 2023,31 October 2023
898594,FFF,2013J,01 October 2023,31 October 2023
973364,FFF,2013J,01 October 2023,31 October 2023
984347,FFF,2013J,01 October 2023,31 October 2023
985062,FFF,2013J,01 October 2023,31 October 2023
990155,FFF,2013J,01 October 2023,31 October 2023
1064492,FFF,2013J,01 October 2023,31 October 2023
1065824,FFF,2013J,01 October 2023,31 October 2023
1100143,FFF,2013J,01 October 2023,31 October 2023
1107596,FFF,2013J,01 October 2023,31 October 2023
1253440,FFF,2013J,01 October 2023,31 October 2023
1319999,FFF,2013J,01 October 2023,31 October 2023
1359554,FFF,2013J,01 October 2023,31 October 2023
1390051,FFF,2013J,01 October 2023,31 October 2023
1397617,FFF,2013J,01 October 2023,31 October 2023
1399314,FFF,2013J,01 October 2023,31 October 2023
1417707,FFF,2013J,01 October 2023,31 October 2023
1420537,FFF,2013J,01 October 2023,31 October 2023
1428865,FFF,2013J,01 October 2023,31 October 2023
1455474,FFF,2013J,01 October 2023,31 October 2023
1492571,FFF,2013J,01 October 2023,31 October 2023
1494577,FFF,2013J,01 October 2023,31 October 2023
1504653,FFF,2013J,01 October 2023,31 October 2023
1512332,FFF,2013J,01 October 2023,31 October 2023
1513001,FFF,2013J,01 October 2023,31 October 2023
1515509,FFF,2013J,01 October 2023,31 October 2023
1527616,FFF,2013J,01 October 2023,31 October 2023
1532921,FFF,2013J,01 October 2023,31 October 2023
1541472,FFF,2013J,01 October 2023,31 October 2023
1559959,FFF,2013J,01 October 2023,31 October 2023
1621041,FFF,2013J,01 October 2023,31 October 2023
1636725,FFF,2013J,01 October 2023,31 October 2023
1641344,FFF,2013J,01 October 2023,31 October 2023
1644647,FFF,2013J,01 October 2023,31 October 2023
1678617,FFF,2013J,01 October 2023,31 October 2023
1694120,FFF,2013J,01 October 2023,31 October 2023
1759799,FFF,2013J,01 October 2023,31 October 2023
1852968,FFF,2013J,01 October 2023,31 October 2023
1859038,FFF,2013J,01 October 2023,31 October 2023
1859407,FFF,2013J,01 October 2023,31 October 2023
1866233,FFF,2013J,01 October 2023,31 October 2023
1891977,FFF,2013J,01 October 2023,31 October 2023
1902283,FFF,2013J,01 October 2023,31 October 2023
1910049,FFF,2013J,01 October 2023,31 October 2023
1910111,FFF,2013J,01 October 2023,31 October 2023
1913166,FFF,2013J,01 October 2023,31 October 2023
1917335,FFF,2013J,01 October 2023,31 October 2023
1929219,FFF,2013J,01 October 2023,31 October 2023
1931370,FFF,2013J,01 October 2023,31 October 2023
1935735,FFF,2013J,01 October 2023,31 October 2023
1941149,FFF,2013J,01 October 2023,31 October 2023
1943681,FFF,2013J,01 October 2023,31 October 2023
1945945,FFF,2013J,01 October 2023,31 October 2023
1948159,FFF,2013J,01 October 2023,31 October 2023
1949484,FFF,2013J,01 October 2023,31 October 2023
1950923,FFF,2013J,01 October 2023,31 October 2023
1951127,FFF,2013J,01 October 2023,31 October 2023
1954147,FFF,2013J,01 October 2023,31 October 2023
1962128,FFF,2013J,01 October 2023,31 October 2023
1978492,FFF,2013J,01 October 2023,31 October 2023
1980822,FFF,2013J,01 October 2023,31 October 2023
1983331,FFF,2013J,01 October 2023,31 October 2023
1983921,FFF,2013J,01 October 2023,31 October 2023
1992145,FFF,2013J,01 October 2023,31 October 2023
2053381,FFF,2013J,01 October 2023,31 October 2023
2056416,FFF,2013J,01 October 2023,31 October 2023
2056486,FFF,2013J,01 October 2023,31 October 2023
2071595,FFF,2013J,01 October 2023,31 October 2023
2088982,FFF,2013J,01 October 2023,31 October 2023
2104123,FFF,2013J,01 October 2023,31 October 2023
2105230,FFF,2013J,01 October 2023,31 October 2023
2112291,FFF,2013J,01 October 2023,31 October 2023
2143739,FFF,2013J,01 October 2023,31 October 2023
2145940,FFF,2013J,01 October 2023,31 October 2023
2148540,FFF,2013J,01 October 2023,31 October 2023
2149735,FFF,2013J,01 October 2023,31 October 2023
2162410,FFF,2013J,01 October 2023,31 October 2023
2170320,FFF,2013J,01 October 2023,31 October 2023
2173721,FFF,2013J,01 October 2023,31 October 2023
2177720,FFF,2013J,01 October 2023,31 October 2023
2178466,FFF,2013J,01 October 2023,31 October 2023
2180710,FFF,2013J,01 October 2023,31 October 2023
2188084,FFF,2013J,01 October 2023,31 October 2023
2191588,FFF,2013J,01 October 2023,31 October 2023
2193185,FFF,2013J,01 October 2023,31 October 2023
2195853,FFF,2013J,01 October 2023,31 October 2023
2197175,FFF,2013J,01 October 2023,31 October 2023
2218693,FFF,2013J,01 October 2023,31 October 2023
2226620,FFF,2013J,01 October 2023,31 October 2023
2237223,FFF,2013J,01 October 2023,31 October 2023
2238148,FFF,2013J,01 October 2023,31 October 2023
2238424,FFF,2013J,01 October 2023,31 October 2023
2239746,FFF,2013J,01 October 2023,31 October 2023
2243505,FFF,2013J,01 October 2023,31 October 2023
2250842,FFF,2013J,01 October 2023,31 October 2023
2252765,FFF,2013J,01 October 2023,31 October 2023
2261138,FFF,2013J,01 October 2023,31 October 2023
2286312,FFF,2013J,01 October 2023,31 October 2023
2286574,FFF,2013J,01 October 2023,31 October 2023
2290267,FFF,2013J,01 October 2023,31 October 2023
2290883,FFF,2013J,01 October 2023,31 October 2023
2292047,FFF,2013J,01 October 2023,31 October 2023
2298402,FFF,2013J,01 October 2023,31 October 2023
2299682,FFF,2013J,01 October 2023,31 October 2023
2304417,FFF,2013J,01 October 2023,31 October 2023
2312279,FFF,2013J,01 October 2023,31 October 2023
2323944,FFF,2013J,01 October 2023,31 October 2023
2326475,FFF,2013J,01 October 2023,31 October 2023
2337889,FFF,2013J,01 October 2023,31 October 2023
2340746,FFF,2013J,01 October 2023,31 October 2023
2343337,FFF,2013J,01 October 2023,31 October 2023
2344957,FFF,2013J,01 October 2023,31 October 2023
2345900,FFF,2013J,01 October 2023,31 October 2023
2356049,FFF,2013J,01 October 2023,31 October 2023
2356196,FFF,2013J,01 October 2023,31 October 2023
2357629,FFF,2013J,01 October 2023,31 October 2023
2360322,FFF,2013J,01 October 2023,31 October 2023
2364160,FFF,2013J,01 October 2023,31 October 2023
2364905,FFF,2013J,01 October 2023,31 October 2023
2366574,FFF,2013J,01 October 2023,31 October 2023
2374002,FFF,2013J,01 October 2023,31 October 2023
2379512,FFF,2013J,01 October 2023,31 October 2023
2380602,FFF,2013J,01 October 2023,31 October 2023
2382965,FFF,2013J,01 October 2023,31 October 2023
2383169,FFF,2013J,01 October 2023,31 October 2023
2383780,FFF,2013J,01 October 2023,31 October 2023
2387725,FFF,2013J,01 October 2023,31 October 2023
2389837,FFF,2013J,01 October 2023,31 October 2023
2390547,FFF,2013J,01 October 2023,31 October 2023
2393230,FFF,2013J,01 October 2023,31 October 2023
2393261,FFF,2013J,01 October 2023,31 October 2023
2396381,FFF,2013J,01 October 2023,31 October 2023
2410687,FFF,2013J,01 October 2023,31 October 2023
2411773,FFF,2013J,01 October 2023,31 October 2023
2412152,FFF,2013J,01 October 2023,31 October 2023
2414552,FFF,2013J,01 October 2023,31 October 2023
2415436,FFF,2013J,01 October 2023,31 October 2023
2417433,FFF,2013J,01 October 2023,31 October 2023
2423002,FFF,2013J,01 October 2023,31 October 2023
2435795,FFF,2013J,01 October 2023,31 October 2023
2437051,FFF,2013J,01 October 2023,31 October 2023
2440301,FFF,2013J,01 October 2023,31 October 2023
2445085,FFF,2013J,01 October 2023,31 October 2023
2447469,FFF,2013J,01 October 2023,31 October 2023
2449737,FFF,2013J,01 October 2023,31 October 2023
2449819,FFF,2013J,01 October 2023,31 October 2023
2452606,FFF,2013J,01 October 2023,31 October 2023
2454653,FFF,2013J,01 October 2023,31 October 2023
2463282,FFF,2013J,01 October 2023,31 October 2023
2465105,FFF,2013J,01 October 2023,31 October 2023
2465589,FFF,2013J,01 October 2023,31 October 2023
2468232,FFF,2013J,01 October 2023,31 October 2023
2469321,FFF,2013J,01 October 2023,31 October 2023
2471302,FFF,2013J,01 October 2023,31 October 2023
2472033,FFF,2013J,01 October 2023,31 October 2023
2472132,FFF,2013J,01 October 2023,31 October 2023
2487982,FFF,2013J,01 October 2023,31 October 2023
2499949,FFF,2013J,01 October 2023,31 October 2023
2500149,FFF,2013J,01 October 2023,31 October 2023
2523035,FFF,2013J,01 October 2023,31 October 2023
2523751,FFF,2013J,01 October 2023,31 October 2023
2526537,FFF,2013J,01 October 2023,31 October 2023
2534165,FFF,2013J,01 October 2023,31 October 2023
2539666,FFF,2013J,01 October 2023,31 October 2023
2540424,FFF,2013J,01 October 2023,31 October 2023
2542431,FFF,2013J,01 October 2023,31 October 2023
2543208,FFF,2013J,01 October 2023,31 October 2023
2545923,FFF,2013J,01 October 2023,31 October 2023
2548055,FFF,2013J,01 October 2023,31 October 2023
2555225,FFF,2013J,01 October 2023,31 October 2023
2555893,FFF,2013J,01 October 2023,31 October 2023
2558713,FFF,2013J,01 October 2023,31 October 2023
2563095,FFF,2013J,01 October 2023,31 October 2023
2567571,FFF,2013J,01 October 2023,31 October 2023
2572441,FFF,2013J,01 October 2023,31 October 2023
2579401,FFF,2013J,01 October 2023,31 October 2023
2580196,FFF,2013J,01 October 2023,31 October 2023
2580545,FFF,2013J,01 October 2023,31 October 2023
2586313,FFF,2013J,01 October 2023,31 October 2023
2588467,FFF,2013J,01 October 2023,31 October 2023
2595641,FFF,2013J,01 October 2023,31 October 2023
2611986,FFF,2013J,01 October 2023,31 October 2023
2614277,FFF,2013J,01 October 2023,31 October 2023
2619184,FFF,2013J,01 October 2023,31 October 2023
2622634,FFF,2013J,01 October 2023,31 October 2023
2623496,FFF,2013J,01 October 2023,31 October 2023
2625545,FFF,2013J,01 October 2023,31 October 2023
2630284,FFF,2013J,01 October 2023,31 October 2023
2633052,FFF,2013J,01 October 2023,31 October 2023
2634868,FFF,2013J,01 October 2023,31 October 2023
2637239,FFF,2013J,01 October 2023,31 October 2023
2639319,FFF,2013J,01 October 2023,31 October 2023
2641236,FFF,2013J,01 October 2023,31 October 2023
2650555,FFF,2013J,01 October 2023,31 October 2023
2655370,FFF,2013J,01 October 2023,31 October 2023
2657185,FFF,2013J,01 October 2023,31 October 2023
2663131,FFF,2013J,01 October 2023,31 October 2023
2672155,FFF,2013J,01 October 2023,31 October 2023
2678373,FFF,2013J,01 October 2023,31 October 2023
2678993,FFF,2013J,01 October 2023,31 October 2023
2680380,FFF,2013J,01 October 2023,31 October 2023
2683857,FFF,2013J,01 October 2023,31 October 2023
2686536,FFF,2013J,01 October 2023,31 October 2023
2687176,FFF,2013J,01 October 2023,31 October 2023
2687989,FFF,2013J,01 October 2023,31 October 2023
2692632,FFF,2013J,01 October 2023,31 October 2023
2694680,FFF,2013J,01 October 2023,31 October 2023
2697608,FFF,2013J,01 October 2023,31 October 2023
2698125,FFF,2013J,01 October 2023,31 October 2023
26211,FFF,2014B,01 October 2023,31 October 2023
26269,FFF,2014B,01 October 2023,31 October 2023
27189,FFF,2014B,01 October 2023,31 October 2023
27683,FFF,2014B,01 October 2023,31 October 2023
28808,FFF,2014B,01 October 2023,31 October 2023
28897,FFF,2014B,01 October 2023,31 October 2023
30531,FFF,2014B,01 October 2023,31 October 2023
34293,FFF,2014B,01 October 2023,31 October 2023
36347,FFF,2014B,01 October 2023,31 October 2023
41489,FFF,2014B,01 October 2023,31 October 2023
46148,FFF,2014B,01 October 2023,31 October 2023
53136,FFF,2014B,01 October 2023,31 October 2023
54867,FFF,2014B,01 October 2023,31 October 2023
58221,FFF,2014B,01 October 2023,31 October 2023
63958,FFF,2014B,01 October 2023,31 October 2023
67986,FFF,2014B,01 October 2023,31 October 2023
72114,FFF,2014B,01 October 2023,31 October 2023
74521,FFF,2014B,01 October 2023,31 October 2023
74524,FFF,2014B,01 October 2023,31 October 2023
77845,FFF,2014B,01 October 2023,31 October 2023
79683,FFF,2014B,01 October 2023,31 October 2023
81216,FFF,2014B,01 October 2023,31 October 2023
82201,FFF,2014B,01 October 2023,31 October 2023
83603,FFF,2014B,01 October 2023,31 October 2023
85874,FFF,2014B,01 October 2023,31 October 2023
99670,FFF,2014B,01 October 2023,31 October 2023
101634,FFF,2014B,01 October 2023,31 October 2023
104316,FFF,2014B,01 October 2023,31 October 2023
106747,FFF,2014B,01 October 2023,31 October 2023
108207,FFF,2014B,01 October 2023,31 October 2023
108822,FFF,2014B,01 October 2023,31 October 2023
108949,FFF,2014B,01 October 2023,31 October 2023
110529,FFF,2014B,01 October 2023,31 October 2023
115875,FFF,2014B,01 October 2023,31 October 2023
116621,FFF,2014B,01 October 2023,31 October 2023
117510,FFF,2014B,01 October 2023,31 October 2023
117550,FFF,2014B,01 October 2023,31 October 2023
124018,FFF,2014B,01 October 2023,31 October 2023
128132,FFF,2014B,01 October 2023,31 October 2023
128968,FFF,2014B,01 October 2023,31 October 2023
130992,FFF,2014B,01 October 2023,31 October 2023
131538,FFF,2014B,01 October 2023,31 October 2023
132477,FFF,2014B,01 October 2023,31 October 2023
133322,FFF,2014B,01 October 2023,31 October 2023
134851,FFF,2014B,01 October 2023,31 October 2023
136054,FFF,2014B,01 October 2023,31 October 2023
136944,FFF,2014B,01 October 2023,31 October 2023
140108,FFF,2014B,01 October 2023,31 October 2023
141430,FFF,2014B,01 October 2023,31 October 2023
153611,FFF,2014B,01 October 2023,31 October 2023
155158,FFF,2014B,01 October 2023,31 October 2023
160262,FFF,2014B,01 October 2023,31 October 2023
160472,FFF,2014B,01 October 2023,31 October 2023
163332,FFF,2014B,01 October 2023,31 October 2023
163962,FFF,2014B,01 October 2023,31 October 2023
167106,FFF,2014B,01 October 2023,31 October 2023
174155,FFF,2014B,01 October 2023,31 October 2023
178179,FFF,2014B,01 October 2023,31 October 2023
179081,FFF,2014B,01 October 2023,31 October 2023
181719,FFF,2014B,01 October 2023,31 October 2023
183429,FFF,2014B,01 October 2023,31 October 2023
190418,FFF,2014B,01 October 2023,31 October 2023
190829,FFF,2014B,01 October 2023,31 October 2023
190930,FFF,2014B,01 October 2023,31 October 2023
191590,FFF,2014B,01 October 2023,31 October 2023
195515,FFF,2014B,01 October 2023,31 October 2023
195552,FFF,2014B,01 October 2023,31 October 2023
197097,FFF,2014B,01 October 2023,31 October 2023
197538,FFF,2014B,01 October 2023,31 October 2023
203568,FFF,2014B,01 October 2023,31 October 2023
227297,FFF,2014B,01 October 2023,31 October 2023
228138,FFF,2014B,01 October 2023,31 October 2023
228258,FFF,2014B,01 October 2023,31 October 2023
228729,FFF,2014B,01 October 2023,31 October 2023
232286,FFF,2014B,01 October 2023,31 October 2023
234796,FFF,2014B,01 October 2023,31 October 2023
237182,FFF,2014B,01 October 2023,31 October 2023
237370,FFF,2014B,01 October 2023,31 October 2023
239345,FFF,2014B,01 October 2023,31 October 2023
242254,FFF,2014B,01 October 2023,31 October 2023
242998,FFF,2014B,01 October 2023,31 October 2023
244961,FFF,2014B,01 October 2023,31 October 2023
247714,FFF,2014B,01 October 2023,31 October 2023
251375,FFF,2014B,01 October 2023,31 October 2023
255878,FFF,2014B,01 October 2023,31 October 2023
256740,FFF,2014B,01 October 2023,31 October 2023
257104,FFF,2014B,01 October 2023,31 October 2023
258737,FFF,2014B,01 October 2023,31 October 2023
264298,FFF,2014B,01 October 2023,31 October 2023
266536,FFF,2014B,01 October 2023,31 October 2023
268649,FFF,2014B,01 October 2023,31 October 2023
268845,FFF,2014B,01 October 2023,31 October 2023
269730,FFF,2014B,01 October 2023,31 October 2023
272701,FFF,2014B,01 October 2023,31 October 2023
276265,FFF,2014B,01 October 2023,31 October 2023
278155,FFF,2014B,01 October 2023,31 October 2023
279755,FFF,2014B,01 October 2023,31 October 2023
282806,FFF,2014B,01 October 2023,31 October 2023
286484,FFF,2014B,01 October 2023,31 October 2023
289180,FFF,2014B,01 October 2023,31 October 2023
293454,FFF,2014B,01 October 2023,31 October 2023
296904,FFF,2014B,01 October 2023,31 October 2023
297014,FFF,2014B,01 October 2023,31 October 2023
304500,FFF,2014B,01 October 2023,31 October 2023
305918,FFF,2014B,01 October 2023,31 October 2023
313243,FFF,2014B,01 October 2023,31 October 2023
313756,FFF,2014B,01 October 2023,31 October 2023
315025,FFF,2014B,01 October 2023,31 October 2023
315850,FFF,2014B,01 October 2023,31 October 2023
316327,FFF,2014B,01 October 2023,31 October 2023
317394,FFF,2014B,01 October 2023,31 October 2023
318068,FFF,2014B,01 October 2023,31 October 2023
321096,FFF,2014B,01 October 2023,31 October 2023
323688,FFF,2014B,01 October 2023,31 October 2023
324948,FFF,2014B,01 October 2023,31 October 2023
325089,FFF,2014B,01 October 2023,31 October 2023
326995,FFF,2014B,01 October 2023,31 October 2023
327616,FFF,2014B,01 October 2023,31 October 2023
328797,FFF,2014B,01 October 2023,31 October 2023
329895,FFF,2014B,01 October 2023,31 October 2023
331107,FFF,2014B,01 October 2023,31 October 2023
332237,FFF,2014B,01 October 2023,31 October 2023
335996,FFF,2014B,01 October 2023,31 October 2023
336163,FFF,2014B,01 October 2023,31 October 2023
337615,FFF,2014B,01 October 2023,31 October 2023
337940,FFF,2014B,01 October 2023,31 October 2023
338958,FFF,2014B,01 October 2023,31 October 2023
339728,FFF,2014B,01 October 2023,31 October 2023
339855,FFF,2014B,01 October 2023,31 October 2023
341044,FFF,2014B,01 October 2023,31 October 2023
342234,FFF,2014B,01 October 2023,31 October 2023
342303,FFF,2014B,01 October 2023,31 October 2023
344409,FFF,2014B,01 October 2023,31 October 2023
344451,FFF,2014B,01 October 2023,31 October 2023
345442,FFF,2014B,01 October 2023,31 October 2023
345455,FFF,2014B,01 October 2023,31 October 2023
348378,FFF,2014B,01 October 2023,31 October 2023
351181,FFF,2014B,01 October 2023,31 October 2023
354552,FFF,2014B,01 October 2023,31 October 2023
354988,FFF,2014B,01 October 2023,31 October 2023
356371,FFF,2014B,01 October 2023,31 October 2023
356535,FFF,2014B,01 October 2023,31 October 2023
365860,FFF,2014B,01 October 2023,31 October 2023
367898,FFF,2014B,01 October 2023,31 October 2023
368675,FFF,2014B,01 October 2023,31 October 2023
371168,FFF,2014B,01 October 2023,31 October 2023
378809,FFF,2014B,01 October 2023,31 October 2023
379107,FFF,2014B,01 October 2023,31 October 2023
379769,FFF,2014B,01 October 2023,31 October 2023
383778,FFF,2014B,01 October 2023,31 October 2023
383921,FFF,2014B,01 October 2023,31 October 2023
388697,FFF,2014B,01 October 2023,31 October 2023
391114,FFF,2014B,01 October 2023,31 October 2023
392207,FFF,2014B,01 October 2023,31 October 2023
395188,FFF,2014B,01 October 2023,31 October 2023
395758,FFF,2014B,01 October 2023,31 October 2023
398357,FFF,2014B,01 October 2023,31 October 2023
398439,FFF,2014B,01 October 2023,31 October 2023
400252,FFF,2014B,01 October 2023,31 October 2023
402200,FFF,2014B,01 October 2023,31 October 2023
402449,FFF,2014B,01 October 2023,31 October 2023
402502,FFF,2014B,01 October 2023,31 October 2023
402806,FFF,2014B,01 October 2023,31 October 2023
405775,FFF,2014B,01 October 2023,31 October 2023
405963,FFF,2014B,01 October 2023,31 October 2023
406116,FFF,2014B,01 October 2023,31 October 2023
407500,FFF,2014B,01 October 2023,31 October 2023
408105,FFF,2014B,01 October 2023,31 October 2023
408353,FFF,2014B,01 October 2023,31 October 2023
409651,FFF,2014B,01 October 2023,31 October 2023
409949,FFF,2014B,01 October 2023,31 October 2023
410199,FFF,2014B,01 October 2023,31 October 2023
412387,FFF,2014B,01 October 2023,31 October 2023
412695,FFF,2014B,01 October 2023,31 October 2023
416302,FFF,2014B,01 October 2023,31 October 2023
417184,FFF,2014B,01 October 2023,31 October 2023
417805,FFF,2014B,01 October 2023,31 October 2023
418218,FFF,2014B,01 October 2023,31 October 2023
419284,FFF,2014B,01 October 2023,31 October 2023
421179,FFF,2014B,01 October 2023,31 October 2023
421989,FFF,2014B,01 October 2023,31 October 2023
422250,FFF,2014B,01 October 2023,31 October 2023
422530,FFF,2014B,01 October 2023,31 October 2023
422626,FFF,2014B,01 October 2023,31 October 2023
423648,FFF,2014B,01 October 2023,31 October 2023
425332,FFF,2014B,01 October 2023,31 October 2023
426782,FFF,2014B,01 October 2023,31 October 2023
427276,FFF,2014B,01 October 2023,31 October 2023
427485,FFF,2014B,01 October 2023,31 October 2023
428068,FFF,2014B,01 October 2023,31 October 2023
430625,FFF,2014B,01 October 2023,31 October 2023
431987,FFF,2014B,01 October 2023,31 October 2023
435446,FFF,2014B,01 October 2023,31 October 2023
436481,FFF,2014B,01 October 2023,31 October 2023
436590,FFF,2014B,01 October 2023,31 October 2023
437303,FFF,2014B,01 October 2023,31 October 2023
437529,FFF,2014B,01 October 2023,31 October 2023
439433,FFF,2014B,01 October 2023,31 October 2023
439633,FFF,2014B,01 October 2023,31 October 2023
439896,FFF,2014B,01 October 2023,31 October 2023
440559,FFF,2014B,01 October 2023,31 October 2023
441073,FFF,2014B,01 October 2023,31 October 2023
442753,FFF,2014B,01 October 2023,31 October 2023
442819,FFF,2014B,01 October 2023,31 October 2023
443007,FFF,2014B,01 October 2023,31 October 2023
444574,FFF,2014B,01 October 2023,31 October 2023
444718,FFF,2014B,01 October 2023,31 October 2023
445605,FFF,2014B,01 October 2023,31 October 2023
445818,FFF,2014B,01 October 2023,31 October 2023
445947,FFF,2014B,01 October 2023,31 October 2023
465421,FFF,2014B,01 October 2023,31 October 2023
466347,FFF,2014B,01 October 2023,31 October 2023
466576,FFF,2014B,01 October 2023,31 October 2023
467582,FFF,2014B,01 October 2023,31 October 2023
468730,FFF,2014B,01 October 2023,31 October 2023
469977,FFF,2014B,01 October 2023,31 October 2023
470619,FFF,2014B,01 October 2023,31 October 2023
472120,FFF,2014B,01 October 2023,31 October 2023
472341,FFF,2014B,01 October 2023,31 October 2023
475811,FFF,2014B,01 October 2023,31 October 2023
476912,FFF,2014B,01 October 2023,31 October 2023
477069,FFF,2014B,01 October 2023,31 October 2023
477588,FFF,2014B,01 October 2023,31 October 2023
477833,FFF,2014B,01 October 2023,31 October 2023
478073,FFF,2014B,01 October 2023,31 October 2023
479061,FFF,2014B,01 October 2023,31 October 2023
480531,FFF,2014B,01 October 2023,31 October 2023
481210,FFF,2014B,01 October 2023,31 October 2023
482445,FFF,2014B,01 October 2023,31 October 2023
482843,FFF,2014B,01 October 2023,31 October 2023
483195,FFF,2014B,01 October 2023,31 October 2023
483389,FFF,2014B,01 October 2023,31 October 2023
483975,FFF,2014B,01 October 2023,31 October 2023
484075,FFF,2014B,01 October 2023,31 October 2023
484292,FFF,2014B,01 October 2023,31 October 2023
484675,FFF,2014B,01 October 2023,31 October 2023
485780,FFF,2014B,01 October 2023,31 October 2023
488524,FFF,2014B,01 October 2023,31 October 2023
488758,FFF,2014B,01 October 2023,31 October 2023
489137,FFF,2014B,01 October 2023,31 October 2023
490154,FFF,2014B,01 October 2023,31 October 2023
491486,FFF,2014B,01 October 2023,31 October 2023
491548,FFF,2014B,01 October 2023,31 October 2023
492088,FFF,2014B,01 October 2023,31 October 2023
493760,FFF,2014B,01 October 2023,31 October 2023
494433,FFF,2014B,01 October 2023,31 October 2023
494818,FFF,2014B,01 October 2023,31 October 2023
495580,FFF,2014B,01 October 2023,31 October 2023
495618,FFF,2014B,01 October 2023,31 October 2023
496590,FFF,2014B,01 October 2023,31 October 2023
498006,FFF,2014B,01 October 2023,31 October 2023
498266,FFF,2014B,01 October 2023,31 October 2023
499404,FFF,2014B,01 October 2023,31 October 2023
501421,FFF,2014B,01 October 2023,31 October 2023
502150,FFF,2014B,01 October 2023,31 October 2023
502501,FFF,2014B,01 October 2023,31 October 2023
502993,FFF,2014B,01 October 2023,31 October 2023
503024,FFF,2014B,01 October 2023,31 October 2023
503154,FFF,2014B,01 October 2023,31 October 2023
503183,FFF,2014B,01 October 2023,31 October 2023
504583,FFF,2014B,01 October 2023,31 October 2023
505017,FFF,2014B,01 October 2023,31 October 2023
505131,FFF,2014B,01 October 2023,31 October 2023
505826,FFF,2014B,01 October 2023,31 October 2023
505900,FFF,2014B,01 October 2023,31 October 2023
506038,FFF,2014B,01 October 2023,31 October 2023
506674,FFF,2014B,01 October 2023,31 October 2023
507577,FFF,2014B,01 October 2023,31 October 2023
509292,FFF,2014B,01 October 2023,31 October 2023
509866,FFF,2014B,01 October 2023,31 October 2023
510142,FFF,2014B,01 October 2023,31 October 2023
510420,FFF,2014B,01 October 2023,31 October 2023
511912,FFF,2014B,01 October 2023,31 October 2023
512236,FFF,2014B,01 October 2023,31 October 2023
513701,FFF,2014B,01 October 2023,31 October 2023
515965,FFF,2014B,01 October 2023,31 October 2023
516634,FFF,2014B,01 October 2023,31 October 2023
516894,FFF,2014B,01 October 2023,31 October 2023
517274,FFF,2014B,01 October 2023,31 October 2023
517277,FFF,2014B,01 October 2023,31 October 2023
518210,FFF,2014B,01 October 2023,31 October 2023
521032,FFF,2014B,01 October 2023,31 October 2023
521073,FFF,2014B,01 October 2023,31 October 2023
524296,FFF,2014B,01 October 2023,31 October 2023
525874,FFF,2014B,01 October 2023,31 October 2023
526821,FFF,2014B,01 October 2023,31 October 2023
528538,FFF,2014B,01 October 2023,31 October 2023
529390,FFF,2014B,01 October 2023,31 October 2023
529458,FFF,2014B,01 October 2023,31 October 2023
530196,FFF,2014B,01 October 2023,31 October 2023
532413,FFF,2014B,01 October 2023,31 October 2023
533140,FFF,2014B,01 October 2023,31 October 2023
533141,FFF,2014B,01 October 2023,31 October 2023
533217,FFF,2014B,01 October 2023,31 October 2023
534318,FFF,2014B,01 October 2023,31 October 2023
536636,FFF,2014B,01 October 2023,31 October 2023
537703,FFF,2014B,01 October 2023,31 October 2023
537938,FFF,2014B,01 October 2023,31 October 2023
539444,FFF,2014B,01 October 2023,31 October 2023
541281,FFF,2014B,01 October 2023,31 October 2023
541478,FFF,2014B,01 October 2023,31 October 2023
542287,FFF,2014B,01 October 2023,31 October 2023
543686,FFF,2014B,01 October 2023,31 October 2023
544108,FFF,2014B,01 October 2023,31 October 2023
544140,FFF,2014B,01 October 2023,31 October 2023
544276,FFF,2014B,01 October 2023,31 October 2023
544593,FFF,2014B,01 October 2023,31 October 2023
545637,FFF,2014B,01 October 2023,31 October 2023
545741,FFF,2014B,01 October 2023,31 October 2023
546071,FFF,2014B,01 October 2023,31 October 2023
546394,FFF,2014B,01 October 2023,31 October 2023
546627,FFF,2014B,01 October 2023,31 October 2023
546961,FFF,2014B,01 October 2023,31 October 2023
547569,FFF,2014B,01 October 2023,31 October 2023
547680,FFF,2014B,01 October 2023,31 October 2023
548332,FFF,2014B,01 October 2023,31 October 2023
548424,FFF,2014B,01 October 2023,31 October 2023
550003,FFF,2014B,01 October 2023,31 October 2023
550038,FFF,2014B,01 October 2023,31 October 2023
550097,FFF,2014B,01 October 2023,31 October 2023
550498,FFF,2014B,01 October 2023,31 October 2023
550903,FFF,2014B,01 October 2023,31 October 2023
550925,FFF,2014B,01 October 2023,31 October 2023
551636,FFF,2014B,01 October 2023,31 October 2023
553032,FFF,2014B,01 October 2023,31 October 2023
553160,FFF,2014B,01 October 2023,31 October 2023
554597,FFF,2014B,01 October 2023,31 October 2023
555929,FFF,2014B,01 October 2023,31 October 2023
556052,FFF,2014B,01 October 2023,31 October 2023
557141,FFF,2014B,01 October 2023,31 October 2023
557708,FFF,2014B,01 October 2023,31 October 2023
557894,FFF,2014B,01 October 2023,31 October 2023
558105,FFF,2014B,01 October 2023,31 October 2023
558121,FFF,2014B,01 October 2023,31 October 2023
559876,FFF,2014B,01 October 2023,31 October 2023
560168,FFF,2014B,01 October 2023,31 October 2023
560595,FFF,2014B,01 October 2023,31 October 2023
560685,FFF,2014B,01 October 2023,31 October 2023
561215,FFF,2014B,01 October 2023,31 October 2023
561796,FFF,2014B,01 October 2023,31 October 2023
561799,FFF,2014B,01 October 2023,31 October 2023
562917,FFF,2014B,01 October 2023,31 October 2023
563813,FFF,2014B,01 October 2023,31 October 2023
563823,FFF,2014B,01 October 2023,31 October 2023
564632,FFF,2014B,01 October 2023,31 October 2023
565257,FFF,2014B,01 October 2023,31 October 2023
565348,FFF,2014B,01 October 2023,31 October 2023
565373,FFF,2014B,01 October 2023,31 October 2023
565526,FFF,2014B,01 October 2023,31 October 2023
566460,FFF,2014B,01 October 2023,31 October 2023
567168,FFF,2014B,01 October 2023,31 October 2023
567629,FFF,2014B,01 October 2023,31 October 2023
567859,FFF,2014B,01 October 2023,31 October 2023
567873,FFF,2014B,01 October 2023,31 October 2023
568954,FFF,2014B,01 October 2023,31 October 2023
569065,FFF,2014B,01 October 2023,31 October 2023
569556,FFF,2014B,01 October 2023,31 October 2023
569729,FFF,2014B,01 October 2023,31 October 2023
569783,FFF,2014B,01 October 2023,31 October 2023
570264,FFF,2014B,01 October 2023,31 October 2023
571050,FFF,2014B,01 October 2023,31 October 2023
571190,FFF,2014B,01 October 2023,31 October 2023
571316,FFF,2014B,01 October 2023,31 October 2023
571815,FFF,2014B,01 October 2023,31 October 2023
572367,FFF,2014B,01 October 2023,31 October 2023
572716,FFF,2014B,01 October 2023,31 October 2023
572804,FFF,2014B,01 October 2023,31 October 2023
572832,FFF,2014B,01 October 2023,31 October 2023
572870,FFF,2014B,01 October 2023,31 October 2023
572952,FFF,2014B,01 October 2023,31 October 2023
573549,FFF,2014B,01 October 2023,31 October 2023
574028,FFF,2014B,01 October 2023,31 October 2023
574605,FFF,2014B,01 October 2023,31 October 2023
574671,FFF,2014B,01 October 2023,31 October 2023
576159,FFF,2014B,01 October 2023,31 October 2023
576557,FFF,2014B,01 October 2023,31 October 2023
577142,FFF,2014B,01 October 2023,31 October 2023
577600,FFF,2014B,01 October 2023,31 October 2023
577679,FFF,2014B,01 October 2023,31 October 2023
577795,FFF,2014B,01 October 2023,31 October 2023
578022,FFF,2014B,01 October 2023,31 October 2023
578754,FFF,2014B,01 October 2023,31 October 2023
578764,FFF,2014B,01 October 2023,31 October 2023
579081,FFF,2014B,01 October 2023,31 October 2023
579376,FFF,2014B,01 October 2023,31 October 2023
580425,FFF,2014B,01 October 2023,31 October 2023
581520,FFF,2014B,01 October 2023,31 October 2023
581598,FFF,2014B,01 October 2023,31 October 2023
581772,FFF,2014B,01 October 2023,31 October 2023
582553,FFF,2014B,01 October 2023,31 October 2023
583056,FFF,2014B,01 October 2023,31 October 2023
583138,FFF,2014B,01 October 2023,31 October 2023
584184,FFF,2014B,01 October 2023,31 October 2023
584571,FFF,2014B,01 October 2023,31 October 2023
584842,FFF,2014B,01 October 2023,31 October 2023
584843,FFF,2014B,01 October 2023,31 October 2023
584884,FFF,2014B,01 October 2023,31 October 2023
584990,FFF,2014B,01 October 2023,31 October 2023
585921,FFF,2014B,01 October 2023,31 October 2023
586351,FFF,2014B,01 October 2023,31 October 2023
586506,FFF,2014B,01 October 2023,31 October 2023
586592,FFF,2014B,01 October 2023,31 October 2023
586917,FFF,2014B,01 October 2023,31 October 2023
587248,FFF,2014B,01 October 2023,31 October 2023
587600,FFF,2014B,01 October 2023,31 October 2023
587696,FFF,2014B,01 October 2023,31 October 2023
588107,FFF,2014B,01 October 2023,31 October 2023
588145,FFF,2014B,01 October 2023,31 October 2023
588436,FFF,2014B,01 October 2023,31 October 2023
588913,FFF,2014B,01 October 2023,31 October 2023
589016,FFF,2014B,01 October 2023,31 October 2023
589029,FFF,2014B,01 October 2023,31 October 2023
589449,FFF,2014B,01 October 2023,31 October 2023
589454,FFF,2014B,01 October 2023,31 October 2023
589469,FFF,2014B,01 October 2023,31 October 2023
589548,FFF,2014B,01 October 2023,31 October 2023
589798,FFF,2014B,01 October 2023,31 October 2023
590018,FFF,2014B,01 October 2023,31 October 2023
590508,FFF,2014B,01 October 2023,31 October 2023
590543,FFF,2014B,01 October 2023,31 October 2023
590604,FFF,2014B,01 October 2023,31 October 2023
590970,FFF,2014B,01 October 2023,31 October 2023
591111,FFF,2014B,01 October 2023,31 October 2023
591132,FFF,2014B,01 October 2023,31 October 2023
591318,FFF,2014B,01 October 2023,31 October 2023
591550,FFF,2014B,01 October 2023,31 October 2023
591946,FFF,2014B,01 October 2023,31 October 2023
592422,FFF,2014B,01 October 2023,31 October 2023
592632,FFF,2014B,01 October 2023,31 October 2023
592766,FFF,2014B,01 October 2023,31 October 2023
593004,FFF,2014B,01 October 2023,31 October 2023
593220,FFF,2014B,01 October 2023,31 October 2023
593563,FFF,2014B,01 October 2023,31 October 2023
594122,FFF,2014B,01 October 2023,31 October 2023
594136,FFF,2014B,01 October 2023,31 October 2023
594258,FFF,2014B,01 October 2023,31 October 2023
594374,FFF,2014B,01 October 2023,31 October 2023
594636,FFF,2014B,01 October 2023,31 October 2023
595186,FFF,2014B,01 October 2023,31 October 2023
595481,FFF,2014B,01 October 2023,31 October 2023
596243,FFF,2014B,01 October 2023,31 October 2023
596482,FFF,2014B,01 October 2023,31 October 2023
596637,FFF,2014B,01 October 2023,31 October 2023
596663,FFF,2014B,01 October 2023,31 October 2023
596953,FFF,2014B,01 October 2023,31 October 2023
597234,FFF,2014B,01 October 2023,31 October 2023
597359,FFF,2014B,01 October 2023,31 October 2023
597378,FFF,2014B,01 October 2023,31 October 2023
597386,FFF,2014B,01 October 2023,31 October 2023
597426,FFF,2014B,01 October 2023,31 October 2023
597495,FFF,2014B,01 October 2023,31 October 2023
597662,FFF,2014B,01 October 2023,31 October 2023
598300,FFF,2014B,01 October 2023,31 October 2023
598362,FFF,2014B,01 October 2023,31 October 2023
598571,FFF,2014B,01 October 2023,31 October 2023
598642,FFF,2014B,01 October 2023,31 October 2023
599048,FFF,2014B,01 October 2023,31 October 2023
599105,FFF,2014B,01 October 2023,31 October 2023
599117,FFF,2014B,01 October 2023,31 October 2023
599812,FFF,2014B,01 October 2023,31 October 2023
600292,FFF,2014B,01 October 2023,31 October 2023
600388,FFF,2014B,01 October 2023,31 October 2023
600397,FFF,2014B,01 October 2023,31 October 2023
600702,FFF,2014B,01 October 2023,31 October 2023
600893,FFF,2014B,01 October 2023,31 October 2023
601155,FFF,2014B,01 October 2023,31 October 2023
601266,FFF,2014B,01 October 2023,31 October 2023
601345,FFF,2014B,01 October 2023,31 October 2023
601375,FFF,2014B,01 October 2023,31 October 2023
601435,FFF,2014B,01 October 2023,31 October 2023
601560,FFF,2014B,01 October 2023,31 October 2023
601649,FFF,2014B,01 October 2023,31 October 2023
601678,FFF,2014B,01 October 2023,31 October 2023
602571,FFF,2014B,01 October 2023,31 October 2023
602681,FFF,2014B,01 October 2023,31 October 2023
602818,FFF,2014B,01 October 2023,31 October 2023
602854,FFF,2014B,01 October 2023,31 October 2023
602862,FFF,2014B,01 October 2023,31 October 2023
603163,FFF,2014B,01 October 2023,31 October 2023
603319,FFF,2014B,01 October 2023,31 October 2023
603483,FFF,2014B,01 October 2023,31 October 2023
603539,FFF,2014B,01 October 2023,31 October 2023
603694,FFF,2014B,01 October 2023,31 October 2023
603972,FFF,2014B,01 October 2023,31 October 2023
604174,FFF,2014B,01 October 2023,31 October 2023
604234,FFF,2014B,01 October 2023,31 October 2023
604293,FFF,2014B,01 October 2023,31 October 2023
604326,FFF,2014B,01 October 2023,31 October 2023
604338,FFF,2014B,01 October 2023,31 October 2023
604614,FFF,2014B,01 October 2023,31 October 2023
604678,FFF,2014B,01 October 2023,31 October 2023
604698,FFF,2014B,01 October 2023,31 October 2023
604969,FFF,2014B,01 October 2023,31 October 2023
605312,FFF,2014B,01 October 2023,31 October 2023
605370,FFF,2014B,01 October 2023,31 October 2023
605475,FFF,2014B,01 October 2023,31 October 2023
605493,FFF,2014B,01 October 2023,31 October 2023
605522,FFF,2014B,01 October 2023,31 October 2023
606713,FFF,2014B,01 October 2023,31 October 2023
606870,FFF,2014B,01 October 2023,31 October 2023
606935,FFF,2014B,01 October 2023,31 October 2023
606976,FFF,2014B,01 October 2023,31 October 2023
606977,FFF,2014B,01 October 2023,31 October 2023
607702,FFF,2014B,01 October 2023,31 October 2023
607899,FFF,2014B,01 October 2023,31 October 2023
608173,FFF,2014B,01 October 2023,31 October 2023
608618,FFF,2014B,01 October 2023,31 October 2023
609171,FFF,2014B,01 October 2023,31 October 2023
609347,FFF,2014B,01 October 2023,31 October 2023
609868,FFF,2014B,01 October 2023,31 October 2023
610094,FFF,2014B,01 October 2023,31 October 2023
610267,FFF,2014B,01 October 2023,31 October 2023
610272,FFF,2014B,01 October 2023,31 October 2023
610273,FFF,2014B,01 October 2023,31 October 2023
610771,FFF,2014B,01 October 2023,31 October 2023
610775,FFF,2014B,01 October 2023,31 October 2023
610778,FFF,2014B,01 October 2023,31 October 2023
610992,FFF,2014B,01 October 2023,31 October 2023
611185,FFF,2014B,01 October 2023,31 October 2023
611350,FFF,2014B,01 October 2023,31 October 2023
611427,FFF,2014B,01 October 2023,31 October 2023
611517,FFF,2014B,01 October 2023,31 October 2023
611581,FFF,2014B,01 October 2023,31 October 2023
611595,FFF,2014B,01 October 2023,31 October 2023
611635,FFF,2014B,01 October 2023,31 October 2023
611714,FFF,2014B,01 October 2023,31 October 2023
611763,FFF,2014B,01 October 2023,31 October 2023
611798,FFF,2014B,01 October 2023,31 October 2023
611855,FFF,2014B,01 October 2023,31 October 2023
611905,FFF,2014B,01 October 2023,31 October 2023
612248,FFF,2014B,01 October 2023,31 October 2023
612254,FFF,2014B,01 October 2023,31 October 2023
612338,FFF,2014B,01 October 2023,31 October 2023
612506,FFF,2014B,01 October 2023,31 October 2023
612528,FFF,2014B,01 October 2023,31 October 2023
612530,FFF,2014B,01 October 2023,31 October 2023
612535,FFF,2014B,01 October 2023,31 October 2023
612538,FFF,2014B,01 October 2023,31 October 2023
612539,FFF,2014B,01 October 2023,31 October 2023
612540,FFF,2014B,01 October 2023,31 October 2023
612542,FFF,2014B,01 October 2023,31 October 2023
612543,FFF,2014B,01 October 2023,31 October 2023
612545,FFF,2014B,01 October 2023,31 October 2023
612547,FFF,2014B,01 October 2023,31 October 2023
612549,FFF,2014B,01 October 2023,31 October 2023
612598,FFF,2014B,01 October 2023,31 October 2023
612607,FFF,2014B,01 October 2023,31 October 2023
612638,FFF,2014B,01 October 2023,31 October 2023
612740,FFF,2014B,01 October 2023,31 October 2023
612743,FFF,2014B,01 October 2023,31 October 2023
612880,FFF,2014B,01 October 2023,31 October 2023
612982,FFF,2014B,01 October 2023,31 October 2023
613013,FFF,2014B,01 October 2023,31 October 2023
613106,FFF,2014B,01 October 2023,31 October 2023
613146,FFF,2014B,01 October 2023,31 October 2023
613152,FFF,2014B,01 October 2023,31 October 2023
613226,FFF,2014B,01 October 2023,31 October 2023
613255,FFF,2014B,01 October 2023,31 October 2023
613281,FFF,2014B,01 October 2023,31 October 2023
613459,FFF,2014B,01 October 2023,31 October 2023
613464,FFF,2014B,01 October 2023,31 October 2023
613574,FFF,2014B,01 October 2023,31 October 2023
613593,FFF,2014B,01 October 2023,31 October 2023
613630,FFF,2014B,01 October 2023,31 October 2023
613676,FFF,2014B,01 October 2023,31 October 2023
613677,FFF,2014B,01 October 2023,31 October 2023
613717,FFF,2014B,01 October 2023,31 October 2023
613775,FFF,2014B,01 October 2023,31 October 2023
613865,FFF,2014B,01 October 2023,31 October 2023
613900,FFF,2014B,01 October 2023,31 October 2023
613928,FFF,2014B,01 October 2023,31 October 2023
613952,FFF,2014B,01 October 2023,31 October 2023
614083,FFF,2014B,01 October 2023,31 October 2023
614163,FFF,2014B,01 October 2023,31 October 2023
614172,FFF,2014B,01 October 2023,31 October 2023
614381,FFF,2014B,01 October 2023,31 October 2023
614599,FFF,2014B,01 October 2023,31 October 2023
614661,FFF,2014B,01 October 2023,31 October 2023
614730,FFF,2014B,01 October 2023,31 October 2023
614764,FFF,2014B,01 October 2023,31 October 2023
614801,FFF,2014B,01 October 2023,31 October 2023
614812,FFF,2014B,01 October 2023,31 October 2023
614887,FFF,2014B,01 October 2023,31 October 2023
614907,FFF,2014B,01 October 2023,31 October 2023
614973,FFF,2014B,01 October 2023,31 October 2023
614984,FFF,2014B,01 October 2023,31 October 2023
614994,FFF,2014B,01 October 2023,31 October 2023
615439,FFF,2014B,01 October 2023,31 October 2023
616383,FFF,2014B,01 October 2023,31 October 2023
616453,FFF,2014B,01 October 2023,31 October 2023
616557,FFF,2014B,01 October 2023,31 October 2023
616613,FFF,2014B,01 October 2023,31 October 2023
616688,FFF,2014B,01 October 2023,31 October 2023
616794,FFF,2014B,01 October 2023,31 October 2023
616909,FFF,2014B,01 October 2023,31 October 2023
616913,FFF,2014B,01 October 2023,31 October 2023
617010,FFF,2014B,01 October 2023,31 October 2023
617014,FFF,2014B,01 October 2023,31 October 2023
617015,FFF,2014B,01 October 2023,31 October 2023
617018,FFF,2014B,01 October 2023,31 October 2023
617053,FFF,2014B,01 October 2023,31 October 2023
617201,FFF,2014B,01 October 2023,31 October 2023
617212,FFF,2014B,01 October 2023,31 October 2023
617255,FFF,2014B,01 October 2023,31 October 2023
617318,FFF,2014B,01 October 2023,31 October 2023
617343,FFF,2014B,01 October 2023,31 October 2023
617358,FFF,2014B,01 October 2023,31 October 2023
617382,FFF,2014B,01 October 2023,31 October 2023
617406,FFF,2014B,01 October 2023,31 October 2023
617437,FFF,2014B,01 October 2023,31 October 2023
617534,FFF,2014B,01 October 2023,31 October 2023
617535,FFF,2014B,01 October 2023,31 October 2023
617540,FFF,2014B,01 October 2023,31 October 2023
617543,FFF,2014B,01 October 2023,31 October 2023
617557,FFF,2014B,01 October 2023,31 October 2023
617564,FFF,2014B,01 October 2023,31 October 2023
617638,FFF,2014B,01 October 2023,31 October 2023
617647,FFF,2014B,01 October 2023,31 October 2023
617678,FFF,2014B,01 October 2023,31 October 2023
617734,FFF,2014B,01 October 2023,31 October 2023
617751,FFF,2014B,01 October 2023,31 October 2023
617805,FFF,2014B,01 October 2023,31 October 2023
617824,FFF,2014B,01 October 2023,31 October 2023
617829,FFF,2014B,01 October 2023,31 October 2023
617847,FFF,2014B,01 October 2023,31 October 2023
617868,FFF,2014B,01 October 2023,31 October 2023
617945,FFF,2014B,01 October 2023,31 October 2023
617965,FFF,2014B,01 October 2023,31 October 2023
617976,FFF,2014B,01 October 2023,31 October 2023
617998,FFF,2014B,01 October 2023,31 October 2023
618004,FFF,2014B,01 October 2023,31 October 2023
618005,FFF,2014B,01 October 2023,31 October 2023
618015,FFF,2014B,01 October 2023,31 October 2023
618124,FFF,2014B,01 October 2023,31 October 2023
618216,FFF,2014B,01 October 2023,31 October 2023
618280,FFF,2014B,01 October 2023,31 October 2023
618293,FFF,2014B,01 October 2023,31 October 2023
618390,FFF,2014B,01 October 2023,31 October 2023
618397,FFF,2014B,01 October 2023,31 October 2023
618412,FFF,2014B,01 October 2023,31 October 2023
618519,FFF,2014B,01 October 2023,31 October 2023
618642,FFF,2014B,01 October 2023,31 October 2023
618662,FFF,2014B,01 October 2023,31 October 2023
618667,FFF,2014B,01 October 2023,31 October 2023
618684,FFF,2014B,01 October 2023,31 October 2023
618843,FFF,2014B,01 October 2023,31 October 2023
618848,FFF,2014B,01 October 2023,31 October 2023
618903,FFF,2014B,01 October 2023,31 October 2023
618914,FFF,2014B,01 October 2023,31 October 2023
618925,FFF,2014B,01 October 2023,31 October 2023
618942,FFF,2014B,01 October 2023,31 October 2023
619001,FFF,2014B,01 October 2023,31 October 2023
619112,FFF,2014B,01 October 2023,31 October 2023
619118,FFF,2014B,01 October 2023,31 October 2023
619204,FFF,2014B,01 October 2023,31 October 2023
619205,FFF,2014B,01 October 2023,31 October 2023
619341,FFF,2014B,01 October 2023,31 October 2023
619410,FFF,2014B,01 October 2023,31 October 2023
619461,FFF,2014B,01 October 2023,31 October 2023
619921,FFF,2014B,01 October 2023,31 October 2023
619974,FFF,2014B,01 October 2023,31 October 2023
620004,FFF,2014B,01 October 2023,31 October 2023
620081,FFF,2014B,01 October 2023,31 October 2023
620112,FFF,2014B,01 October 2023,31 October 2023
620200,FFF,2014B,01 October 2023,31 October 2023
620277,FFF,2014B,01 October 2023,31 October 2023
620364,FFF,2014B,01 October 2023,31 October 2023
620399,FFF,2014B,01 October 2023,31 October 2023
620423,FFF,2014B,01 October 2023,31 October 2023
620430,FFF,2014B,01 October 2023,31 October 2023
620473,FFF,2014B,01 October 2023,31 October 2023
620498,FFF,2014B,01 October 2023,31 October 2023
620801,FFF,2014B,01 October 2023,31 October 2023
620933,FFF,2014B,01 October 2023,31 October 2023
621345,FFF,2014B,01 October 2023,31 October 2023
621370,FFF,2014B,01 October 2023,31 October 2023
621433,FFF,2014B,01 October 2023,31 October 2023
621436,FFF,2014B,01 October 2023,31 October 2023
621441,FFF,2014B,01 October 2023,31 October 2023
621464,FFF,2014B,01 October 2023,31 October 2023
621475,FFF,2014B,01 October 2023,31 October 2023
621531,FFF,2014B,01 October 2023,31 October 2023
621580,FFF,2014B,01 October 2023,31 October 2023
621682,FFF,2014B,01 October 2023,31 October 2023
621690,FFF,2014B,01 October 2023,31 October 2023
621698,FFF,2014B,01 October 2023,31 October 2023
621722,FFF,2014B,01 October 2023,31 October 2023
621741,FFF,2014B,01 October 2023,31 October 2023
621881,FFF,2014B,01 October 2023,31 October 2023
621909,FFF,2014B,01 October 2023,31 October 2023
621952,FFF,2014B,01 October 2023,31 October 2023
621971,FFF,2014B,01 October 2023,31 October 2023
621990,FFF,2014B,01 October 2023,31 October 2023
621998,FFF,2014B,01 October 2023,31 October 2023
622038,FFF,2014B,01 October 2023,31 October 2023
622164,FFF,2014B,01 October 2023,31 October 2023
622218,FFF,2014B,01 October 2023,31 October 2023
622239,FFF,2014B,01 October 2023,31 October 2023
622278,FFF,2014B,01 October 2023,31 October 2023
622392,FFF,2014B,01 October 2023,31 October 2023
622442,FFF,2014B,01 October 2023,31 October 2023
622639,FFF,2014B,01 October 2023,31 October 2023
622701,FFF,2014B,01 October 2023,31 October 2023
622859,FFF,2014B,01 October 2023,31 October 2023
622894,FFF,2014B,01 October 2023,31 October 2023
622899,FFF,2014B,01 October 2023,31 October 2023
622918,FFF,2014B,01 October 2023,31 October 2023
623138,FFF,2014B,01 October 2023,31 October 2023
623180,FFF,2014B,01 October 2023,31 October 2023
623232,FFF,2014B,01 October 2023,31 October 2023
623263,FFF,2014B,01 October 2023,31 October 2023
623314,FFF,2014B,01 October 2023,31 October 2023
623326,FFF,2014B,01 October 2023,31 October 2023
623352,FFF,2014B,01 October 2023,31 October 2023
623366,FFF,2014B,01 October 2023,31 October 2023
623419,FFF,2014B,01 October 2023,31 October 2023
623433,FFF,2014B,01 October 2023,31 October 2023
623438,FFF,2014B,01 October 2023,31 October 2023
623474,FFF,2014B,01 October 2023,31 October 2023
623496,FFF,2014B,01 October 2023,31 October 2023
623537,FFF,2014B,01 October 2023,31 October 2023
623542,FFF,2014B,01 October 2023,31 October 2023
623554,FFF,2014B,01 October 2023,31 October 2023
623568,FFF,2014B,01 October 2023,31 October 2023
623579,FFF,2014B,01 October 2023,31 October 2023
623687,FFF,2014B,01 October 2023,31 October 2023
623924,FFF,2014B,01 October 2023,31 October 2023
623939,FFF,2014B,01 October 2023,31 October 2023
623948,FFF,2014B,01 October 2023,31 October 2023
624014,FFF,2014B,01 October 2023,31 October 2023
624056,FFF,2014B,01 October 2023,31 October 2023
624152,FFF,2014B,01 October 2023,31 October 2023
624178,FFF,2014B,01 October 2023,31 October 2023
624187,FFF,2014B,01 October 2023,31 October 2023
624197,FFF,2014B,01 October 2023,31 October 2023
624243,FFF,2014B,01 October 2023,31 October 2023
624259,FFF,2014B,01 October 2023,31 October 2023
624344,FFF,2014B,01 October 2023,31 October 2023
624376,FFF,2014B,01 October 2023,31 October 2023
624499,FFF,2014B,01 October 2023,31 October 2023
624556,FFF,2014B,01 October 2023,31 October 2023
624586,FFF,2014B,01 October 2023,31 October 2023
624718,FFF,2014B,01 October 2023,31 October 2023
624751,FFF,2014B,01 October 2023,31 October 2023
624763,FFF,2014B,01 October 2023,31 October 2023
624772,FFF,2014B,01 October 2023,31 October 2023
624773,FFF,2014B,01 October 2023,31 October 2023
624946,FFF,2014B,01 October 2023,31 October 2023
624959,FFF,2014B,01 October 2023,31 October 2023
624967,FFF,2014B,01 October 2023,31 October 2023
624975,FFF,2014B,01 October 2023,31 October 2023
624981,FFF,2014B,01 October 2023,31 October 2023
625004,FFF,2014B,01 October 2023,31 October 2023
625034,FFF,2014B,01 October 2023,31 October 2023
625043,FFF,2014B,01 October 2023,31 October 2023
625073,FFF,2014B,01 October 2023,31 October 2023
625075,FFF,2014B,01 October 2023,31 October 2023
625182,FFF,2014B,01 October 2023,31 October 2023
625191,FFF,2014B,01 October 2023,31 October 2023
625229,FFF,2014B,01 October 2023,31 October 2023
625291,FFF,2014B,01 October 2023,31 October 2023
625303,FFF,2014B,01 October 2023,31 October 2023
625306,FFF,2014B,01 October 2023,31 October 2023
625341,FFF,2014B,01 October 2023,31 October 2023
625349,FFF,2014B,01 October 2023,31 October 2023
625361,FFF,2014B,01 October 2023,31 October 2023
625373,FFF,2014B,01 October 2023,31 October 2023
625394,FFF,2014B,01 October 2023,31 October 2023
625406,FFF,2014B,01 October 2023,31 October 2023
625500,FFF,2014B,01 October 2023,31 October 2023
625536,FFF,2014B,01 October 2023,31 October 2023
625548,FFF,2014B,01 October 2023,31 October 2023
625566,FFF,2014B,01 October 2023,31 October 2023
625588,FFF,2014B,01 October 2023,31 October 2023
625609,FFF,2014B,01 October 2023,31 October 2023
625642,FFF,2014B,01 October 2023,31 October 2023
625667,FFF,2014B,01 October 2023,31 October 2023
625753,FFF,2014B,01 October 2023,31 October 2023
625794,FFF,2014B,01 October 2023,31 October 2023
625800,FFF,2014B,01 October 2023,31 October 2023
625812,FFF,2014B,01 October 2023,31 October 2023
625828,FFF,2014B,01 October 2023,31 October 2023
625885,FFF,2014B,01 October 2023,31 October 2023
625903,FFF,2014B,01 October 2023,31 October 2023
625977,FFF,2014B,01 October 2023,31 October 2023
625986,FFF,2014B,01 October 2023,31 October 2023
625995,FFF,2014B,01 October 2023,31 October 2023
626047,FFF,2014B,01 October 2023,31 October 2023
626128,FFF,2014B,01 October 2023,31 October 2023
626174,FFF,2014B,01 October 2023,31 October 2023
626198,FFF,2014B,01 October 2023,31 October 2023
626231,FFF,2014B,01 October 2023,31 October 2023
626259,FFF,2014B,01 October 2023,31 October 2023
626281,FFF,2014B,01 October 2023,31 October 2023
626320,FFF,2014B,01 October 2023,31 October 2023
626326,FFF,2014B,01 October 2023,31 October 2023
626403,FFF,2014B,01 October 2023,31 October 2023
626419,FFF,2014B,01 October 2023,31 October 2023
626422,FFF,2014B,01 October 2023,31 October 2023
626448,FFF,2014B,01 October 2023,31 October 2023
626473,FFF,2014B,01 October 2023,31 October 2023
626530,FFF,2014B,01 October 2023,31 October 2023
626537,FFF,2014B,01 October 2023,31 October 2023
626539,FFF,2014B,01 October 2023,31 October 2023
626644,FFF,2014B,01 October 2023,31 October 2023
626692,FFF,2014B,01 October 2023,31 October 2023
626700,FFF,2014B,01 October 2023,31 October 2023
626765,FFF,2014B,01 October 2023,31 October 2023
626777,FFF,2014B,01 October 2023,31 October 2023
626778,FFF,2014B,01 October 2023,31 October 2023
626801,FFF,2014B,01 October 2023,31 October 2023
626828,FFF,2014B,01 October 2023,31 October 2023
626875,FFF,2014B,01 October 2023,31 October 2023
626881,FFF,2014B,01 October 2023,31 October 2023
626890,FFF,2014B,01 October 2023,31 October 2023
626987,FFF,2014B,01 October 2023,31 October 2023
627022,FFF,2014B,01 October 2023,31 October 2023
627026,FFF,2014B,01 October 2023,31 October 2023
627061,FFF,2014B,01 October 2023,31 October 2023
627067,FFF,2014B,01 October 2023,31 October 2023
627126,FFF,2014B,01 October 2023,31 October 2023
627145,FFF,2014B,01 October 2023,31 October 2023
627238,FFF,2014B,01 October 2023,31 October 2023
627247,FFF,2014B,01 October 2023,31 October 2023
627280,FFF,2014B,01 October 2023,31 October 2023
627366,FFF,2014B,01 October 2023,31 October 2023
627379,FFF,2014B,01 October 2023,31 October 2023
627383,FFF,2014B,01 October 2023,31 October 2023
627442,FFF,2014B,01 October 2023,31 October 2023
627468,FFF,2014B,01 October 2023,31 October 2023
627521,FFF,2014B,01 October 2023,31 October 2023
627522,FFF,2014B,01 October 2023,31 October 2023
627524,FFF,2014B,01 October 2023,31 October 2023
627569,FFF,2014B,01 October 2023,31 October 2023
627595,FFF,2014B,01 October 2023,31 October 2023
627620,FFF,2014B,01 October 2023,31 October 2023
627622,FFF,2014B,01 October 2023,31 October 2023
627651,FFF,2014B,01 October 2023,31 October 2023
627679,FFF,2014B,01 October 2023,31 October 2023
627692,FFF,2014B,01 October 2023,31 October 2023
627717,FFF,2014B,01 October 2023,31 October 2023
627727,FFF,2014B,01 October 2023,31 October 2023
627751,FFF,2014B,01 October 2023,31 October 2023
627808,FFF,2014B,01 October 2023,31 October 2023
627840,FFF,2014B,01 October 2023,31 October 2023
627847,FFF,2014B,01 October 2023,31 October 2023
627860,FFF,2014B,01 October 2023,31 October 2023
627886,FFF,2014B,01 October 2023,31 October 2023
628004,FFF,2014B,01 October 2023,31 October 2023
628010,FFF,2014B,01 October 2023,31 October 2023
628038,FFF,2014B,01 October 2023,31 October 2023
628058,FFF,2014B,01 October 2023,31 October 2023
628098,FFF,2014B,01 October 2023,31 October 2023
628110,FFF,2014B,01 October 2023,31 October 2023
628117,FFF,2014B,01 October 2023,31 October 2023
628140,FFF,2014B,01 October 2023,31 October 2023
628143,FFF,2014B,01 October 2023,31 October 2023
628152,FFF,2014B,01 October 2023,31 October 2023
628174,FFF,2014B,01 October 2023,31 October 2023
628296,FFF,2014B,01 October 2023,31 October 2023
628307,FFF,2014B,01 October 2023,31 October 2023
628323,FFF,2014B,01 October 2023,31 October 2023
628370,FFF,2014B,01 October 2023,31 October 2023
628443,FFF,2014B,01 October 2023,31 October 2023
628476,FFF,2014B,01 October 2023,31 October 2023
628561,FFF,2014B,01 October 2023,31 October 2023
628666,FFF,2014B,01 October 2023,31 October 2023
628736,FFF,2014B,01 October 2023,31 October 2023
628837,FFF,2014B,01 October 2023,31 October 2023
628925,FFF,2014B,01 October 2023,31 October 2023
628972,FFF,2014B,01 October 2023,31 October 2023
628978,FFF,2014B,01 October 2023,31 October 2023
628995,FFF,2014B,01 October 2023,31 October 2023
629022,FFF,2014B,01 October 2023,31 October 2023
629119,FFF,2014B,01 October 2023,31 October 2023
629120,FFF,2014B,01 October 2023,31 October 2023
629163,FFF,2014B,01 October 2023,31 October 2023
629182,FFF,2014B,01 October 2023,31 October 2023
629228,FFF,2014B,01 October 2023,31 October 2023
629231,FFF,2014B,01 October 2023,31 October 2023
629244,FFF,2014B,01 October 2023,31 October 2023
629267,FFF,2014B,01 October 2023,31 October 2023
629291,FFF,2014B,01 October 2023,31 October 2023
629303,FFF,2014B,01 October 2023,31 October 2023
629386,FFF,2014B,01 October 2023,31 October 2023
629404,FFF,2014B,01 October 2023,31 October 2023
629414,FFF,2014B,01 October 2023,31 October 2023
629459,FFF,2014B,01 October 2023,31 October 2023
629522,FFF,2014B,01 October 2023,31 October 2023
629540,FFF,2014B,01 October 2023,31 October 2023
629541,FFF,2014B,01 October 2023,31 October 2023
629543,FFF,2014B,01 October 2023,31 October 2023
629603,FFF,2014B,01 October 2023,31 October 2023
629655,FFF,2014B,01 October 2023,31 October 2023
629693,FFF,2014B,01 October 2023,31 October 2023
629735,FFF,2014B,01 October 2023,31 October 2023
629739,FFF,2014B,01 October 2023,31 October 2023
629762,FFF,2014B,01 October 2023,31 October 2023
629767,FFF,2014B,01 October 2023,31 October 2023
629867,FFF,2014B,01 October 2023,31 October 2023
629873,FFF,2014B,01 October 2023,31 October 2023
629879,FFF,2014B,01 October 2023,31 October 2023
629881,FFF,2014B,01 October 2023,31 October 2023
629918,FFF,2014B,01 October 2023,31 October 2023
629928,FFF,2014B,01 October 2023,31 October 2023
629938,FFF,2014B,01 October 2023,31 October 2023
629993,FFF,2014B,01 October 2023,31 October 2023
630015,FFF,2014B,01 October 2023,31 October 2023
630032,FFF,2014B,01 October 2023,31 October 2023
630038,FFF,2014B,01 October 2023,31 October 2023
630045,FFF,2014B,01 October 2023,31 October 2023
630083,FFF,2014B,01 October 2023,31 October 2023
630129,FFF,2014B,01 October 2023,31 October 2023
630168,FFF,2014B,01 October 2023,31 October 2023
630264,FFF,2014B,01 October 2023,31 October 2023
630269,FFF,2014B,01 October 2023,31 October 2023
630326,FFF,2014B,01 October 2023,31 October 2023
630426,FFF,2014B,01 October 2023,31 October 2023
630435,FFF,2014B,01 October 2023,31 October 2023
630488,FFF,2014B,01 October 2023,31 October 2023
630491,FFF,2014B,01 October 2023,31 October 2023
630574,FFF,2014B,01 October 2023,31 October 2023
630634,FFF,2014B,01 October 2023,31 October 2023
630653,FFF,2014B,01 October 2023,31 October 2023
630654,FFF,2014B,01 October 2023,31 October 2023
630655,FFF,2014B,01 October 2023,31 October 2023
630671,FFF,2014B,01 October 2023,31 October 2023
630734,FFF,2014B,01 October 2023,31 October 2023
630748,FFF,2014B,01 October 2023,31 October 2023
630759,FFF,2014B,01 October 2023,31 October 2023
630782,FFF,2014B,01 October 2023,31 October 2023
630804,FFF,2014B,01 October 2023,31 October 2023
630812,FFF,2014B,01 October 2023,31 October 2023
630830,FFF,2014B,01 October 2023,31 October 2023
630854,FFF,2014B,01 October 2023,31 October 2023
630859,FFF,2014B,01 October 2023,31 October 2023
630867,FFF,2014B,01 October 2023,31 October 2023
630868,FFF,2014B,01 October 2023,31 October 2023
630870,FFF,2014B,01 October 2023,31 October 2023
630924,FFF,2014B,01 October 2023,31 October 2023
630937,FFF,2014B,01 October 2023,31 October 2023
630950,FFF,2014B,01 October 2023,31 October 2023
630966,FFF,2014B,01 October 2023,31 October 2023
631083,FFF,2014B,01 October 2023,31 October 2023
631099,FFF,2014B,01 October 2023,31 October 2023
631104,FFF,2014B,01 October 2023,31 October 2023
631111,FFF,2014B,01 October 2023,31 October 2023
631135,FFF,2014B,01 October 2023,31 October 2023
631195,FFF,2014B,01 October 2023,31 October 2023
631235,FFF,2014B,01 October 2023,31 October 2023
631311,FFF,2014B,01 October 2023,31 October 2023
631327,FFF,2014B,01 October 2023,31 October 2023
631467,FFF,2014B,01 October 2023,31 October 2023
631524,FFF,2014B,01 October 2023,31 October 2023
631654,FFF,2014B,01 October 2023,31 October 2023
631673,FFF,2014B,01 October 2023,31 October 2023
631680,FFF,2014B,01 October 2023,31 October 2023
631701,FFF,2014B,01 October 2023,31 October 2023
631719,FFF,2014B,01 October 2023,31 October 2023
631765,FFF,2014B,01 October 2023,31 October 2023
631853,FFF,2014B,01 October 2023,31 October 2023
631884,FFF,2014B,01 October 2023,31 October 2023
631913,FFF,2014B,01 October 2023,31 October 2023
632019,FFF,2014B,01 October 2023,31 October 2023
632044,FFF,2014B,01 October 2023,31 October 2023
632078,FFF,2014B,01 October 2023,31 October 2023
632124,FFF,2014B,01 October 2023,31 October 2023
632143,FFF,2014B,01 October 2023,31 October 2023
632235,FFF,2014B,01 October 2023,31 October 2023
632258,FFF,2014B,01 October 2023,31 October 2023
632306,FFF,2014B,01 October 2023,31 October 2023
632316,FFF,2014B,01 October 2023,31 October 2023
632339,FFF,2014B,01 October 2023,31 October 2023
632363,FFF,2014B,01 October 2023,31 October 2023
632379,FFF,2014B,01 October 2023,31 October 2023
632380,FFF,2014B,01 October 2023,31 October 2023
632402,FFF,2014B,01 October 2023,31 October 2023
632513,FFF,2014B,01 October 2023,31 October 2023
632544,FFF,2014B,01 October 2023,31 October 2023
632588,FFF,2014B,01 October 2023,31 October 2023
632620,FFF,2014B,01 October 2023,31 October 2023
632621,FFF,2014B,01 October 2023,31 October 2023
632623,FFF,2014B,01 October 2023,31 October 2023
632634,FFF,2014B,01 October 2023,31 October 2023
632698,FFF,2014B,01 October 2023,31 October 2023
632705,FFF,2014B,01 October 2023,31 October 2023
632759,FFF,2014B,01 October 2023,31 October 2023
632773,FFF,2014B,01 October 2023,31 October 2023
632801,FFF,2014B,01 October 2023,31 October 2023
632840,FFF,2014B,01 October 2023,31 October 2023
632841,FFF,2014B,01 October 2023,31 October 2023
632848,FFF,2014B,01 October 2023,31 October 2023
632895,FFF,2014B,01 October 2023,31 October 2023
632923,FFF,2014B,01 October 2023,31 October 2023
632927,FFF,2014B,01 October 2023,31 October 2023
632947,FFF,2014B,01 October 2023,31 October 2023
632958,FFF,2014B,01 October 2023,31 October 2023
632991,FFF,2014B,01 October 2023,31 October 2023
633077,FFF,2014B,01 October 2023,31 October 2023
633100,FFF,2014B,01 October 2023,31 October 2023
633102,FFF,2014B,01 October 2023,31 October 2023
633207,FFF,2014B,01 October 2023,31 October 2023
633219,FFF,2014B,01 October 2023,31 October 2023
633221,FFF,2014B,01 October 2023,31 October 2023
633233,FFF,2014B,01 October 2023,31 October 2023
633292,FFF,2014B,01 October 2023,31 October 2023
633297,FFF,2014B,01 October 2023,31 October 2023
633305,FFF,2014B,01 October 2023,31 October 2023
633319,FFF,2014B,01 October 2023,31 October 2023
633388,FFF,2014B,01 October 2023,31 October 2023
633397,FFF,2014B,01 October 2023,31 October 2023
633401,FFF,2014B,01 October 2023,31 October 2023
633403,FFF,2014B,01 October 2023,31 October 2023
633411,FFF,2014B,01 October 2023,31 October 2023
633505,FFF,2014B,01 October 2023,31 October 2023
633558,FFF,2014B,01 October 2023,31 October 2023
633625,FFF,2014B,01 October 2023,31 October 2023
633676,FFF,2014B,01 October 2023,31 October 2023
633691,FFF,2014B,01 October 2023,31 October 2023
633717,FFF,2014B,01 October 2023,31 October 2023
633732,FFF,2014B,01 October 2023,31 October 2023
633739,FFF,2014B,01 October 2023,31 October 2023
633745,FFF,2014B,01 October 2023,31 October 2023
633773,FFF,2014B,01 October 2023,31 October 2023
633840,FFF,2014B,01 October 2023,31 October 2023
633881,FFF,2014B,01 October 2023,31 October 2023
633884,FFF,2014B,01 October 2023,31 October 2023
633924,FFF,2014B,01 October 2023,31 October 2023
633983,FFF,2014B,01 October 2023,31 October 2023
634007,FFF,2014B,01 October 2023,31 October 2023
634070,FFF,2014B,01 October 2023,31 October 2023
634099,FFF,2014B,01 October 2023,31 October 2023
634114,FFF,2014B,01 October 2023,31 October 2023
634155,FFF,2014B,01 October 2023,31 October 2023
634165,FFF,2014B,01 October 2023,31 October 2023
634187,FFF,2014B,01 October 2023,31 October 2023
634209,FFF,2014B,01 October 2023,31 October 2023
634245,FFF,2014B,01 October 2023,31 October 2023
634252,FFF,2014B,01 October 2023,31 October 2023
634254,FFF,2014B,01 October 2023,31 October 2023
634260,FFF,2014B,01 October 2023,31 October 2023
634292,FFF,2014B,01 October 2023,31 October 2023
634339,FFF,2014B,01 October 2023,31 October 2023
634343,FFF,2014B,01 October 2023,31 October 2023
634426,FFF,2014B,01 October 2023,31 October 2023
634427,FFF,2014B,01 October 2023,31 October 2023
634429,FFF,2014B,01 October 2023,31 October 2023
634430,FFF,2014B,01 October 2023,31 October 2023
634431,FFF,2014B,01 October 2023,31 October 2023
634435,FFF,2014B,01 October 2023,31 October 2023
634479,FFF,2014B,01 October 2023,31 October 2023
634480,FFF,2014B,01 October 2023,31 October 2023
634539,FFF,2014B,01 October 2023,31 October 2023
634616,FFF,2014B,01 October 2023,31 October 2023
634635,FFF,2014B,01 October 2023,31 October 2023
634638,FFF,2014B,01 October 2023,31 October 2023
634682,FFF,2014B,01 October 2023,31 October 2023
634701,FFF,2014B,01 October 2023,31 October 2023
634774,FFF,2014B,01 October 2023,31 October 2023
634784,FFF,2014B,01 October 2023,31 October 2023
634796,FFF,2014B,01 October 2023,31 October 2023
634820,FFF,2014B,01 October 2023,31 October 2023
634859,FFF,2014B,01 October 2023,31 October 2023
634918,FFF,2014B,01 October 2023,31 October 2023
634919,FFF,2014B,01 October 2023,31 October 2023
634924,FFF,2014B,01 October 2023,31 October 2023
634946,FFF,2014B,01 October 2023,31 October 2023
634979,FFF,2014B,01 October 2023,31 October 2023
634999,FFF,2014B,01 October 2023,31 October 2023
635046,FFF,2014B,01 October 2023,31 October 2023
635079,FFF,2014B,01 October 2023,31 October 2023
635124,FFF,2014B,01 October 2023,31 October 2023
1006742,FFF,2014B,01 October 2023,31 October 2023
1017773,FFF,2014B,01 October 2023,31 October 2023
1045091,FFF,2014B,01 October 2023,31 October 2023
1072259,FFF,2014B,01 October 2023,31 October 2023
1290731,FFF,2014B,01 October 2023,31 October 2023
1398489,FFF,2014B,01 October 2023,31 October 2023
1450604,FFF,2014B,01 October 2023,31 October 2023
1465407,FFF,2014B,01 October 2023,31 October 2023
1498823,FFF,2014B,01 October 2023,31 October 2023
1526059,FFF,2014B,01 October 2023,31 October 2023
1528232,FFF,2014B,01 October 2023,31 October 2023
1548052,FFF,2014B,01 October 2023,31 October 2023
1578222,FFF,2014B,01 October 2023,31 October 2023
1588621,FFF,2014B,01 October 2023,31 October 2023
1615392,FFF,2014B,01 October 2023,31 October 2023
1627052,FFF,2014B,01 October 2023,31 October 2023
1641117,FFF,2014B,01 October 2023,31 October 2023
1683192,FFF,2014B,01 October 2023,31 October 2023
1683803,FFF,2014B,01 October 2023,31 October 2023
1738364,FFF,2014B,01 October 2023,31 October 2023
1744817,FFF,2014B,01 October 2023,31 October 2023
1757662,FFF,2014B,01 October 2023,31 October 2023
1768223,FFF,2014B,01 October 2023,31 October 2023
1799963,FFF,2014B,01 October 2023,31 October 2023
1875728,FFF,2014B,01 October 2023,31 October 2023
1884024,FFF,2014B,01 October 2023,31 October 2023
1892879,FFF,2014B,01 October 2023,31 October 2023
1919240,FFF,2014B,01 October 2023,31 October 2023
1928947,FFF,2014B,01 October 2023,31 October 2023
1933534,FFF,2014B,01 October 2023,31 October 2023
1939193,FFF,2014B,01 October 2023,31 October 2023
1961652,FFF,2014B,01 October 2023,31 October 2023
1984169,FFF,2014B,01 October 2023,31 October 2023
1999952,FFF,2014B,01 October 2023,31 October 2023
2010245,FFF,2014B,01 October 2023,31 October 2023
2022750,FFF,2014B,01 October 2023,31 October 2023
2025233,FFF,2014B,01 October 2023,31 October 2023
2055321,FFF,2014B,01 October 2023,31 October 2023
2058815,FFF,2014B,01 October 2023,31 October 2023
2074627,FFF,2014B,01 October 2023,31 October 2023
2095576,FFF,2014B,01 October 2023,31 October 2023
2097046,FFF,2014B,01 October 2023,31 October 2023
2114529,FFF,2014B,01 October 2023,31 October 2023
2131008,FFF,2014B,01 October 2023,31 October 2023
2156172,FFF,2014B,01 October 2023,31 October 2023
2161710,FFF,2014B,01 October 2023,31 October 2023
2164266,FFF,2014B,01 October 2023,31 October 2023
2176759,FFF,2014B,01 October 2023,31 October 2023
2186992,FFF,2014B,01 October 2023,31 October 2023
2209846,FFF,2014B,01 October 2023,31 October 2023
2222615,FFF,2014B,01 October 2023,31 October 2023
2238019,FFF,2014B,01 October 2023,31 October 2023
2239539,FFF,2014B,01 October 2023,31 October 2023
2242595,FFF,2014B,01 October 2023,31 October 2023
2242732,FFF,2014B,01 October 2023,31 October 2023
2244285,FFF,2014B,01 October 2023,31 October 2023
2264054,FFF,2014B,01 October 2023,31 October 2023
2265419,FFF,2014B,01 October 2023,31 October 2023
2270880,FFF,2014B,01 October 2023,31 October 2023
2298316,FFF,2014B,01 October 2023,31 October 2023
2299808,FFF,2014B,01 October 2023,31 October 2023
2303413,FFF,2014B,01 October 2023,31 October 2023
2306016,FFF,2014B,01 October 2023,31 October 2023
2322813,FFF,2014B,01 October 2023,31 October 2023
2336654,FFF,2014B,01 October 2023,31 October 2023
2337362,FFF,2014B,01 October 2023,31 October 2023
2345438,FFF,2014B,01 October 2023,31 October 2023
2355214,FFF,2014B,01 October 2023,31 October 2023
2360071,FFF,2014B,01 October 2023,31 October 2023
2383307,FFF,2014B,01 October 2023,31 October 2023
2413895,FFF,2014B,01 October 2023,31 October 2023
2419081,FFF,2014B,01 October 2023,31 October 2023
2426332,FFF,2014B,01 October 2023,31 October 2023
2437930,FFF,2014B,01 October 2023,31 October 2023
2448082,FFF,2014B,01 October 2023,31 October 2023
2462281,FFF,2014B,01 October 2023,31 October 2023
2480886,FFF,2014B,01 October 2023,31 October 2023
2481482,FFF,2014B,01 October 2023,31 October 2023
2492219,FFF,2014B,01 October 2023,31 October 2023
2492787,FFF,2014B,01 October 2023,31 October 2023
2494338,FFF,2014B,01 October 2023,31 October 2023
2503799,FFF,2014B,01 October 2023,31 October 2023
2516163,FFF,2014B,01 October 2023,31 October 2023
2517983,FFF,2014B,01 October 2023,31 October 2023
2523915,FFF,2014B,01 October 2023,31 October 2023
2524794,FFF,2014B,01 October 2023,31 October 2023
2525633,FFF,2014B,01 October 2023,31 October 2023
2532785,FFF,2014B,01 October 2023,31 October 2023
2543637,FFF,2014B,01 October 2023,31 October 2023
2545629,FFF,2014B,01 October 2023,31 October 2023
2554552,FFF,2014B,01 October 2023,31 October 2023
2561313,FFF,2014B,01 October 2023,31 October 2023
2564619,FFF,2014B,01 October 2023,31 October 2023
2569942,FFF,2014B,01 October 2023,31 October 2023
2570929,FFF,2014B,01 October 2023,31 October 2023
2575119,FFF,2014B,01 October 2023,31 October 2023
2581536,FFF,2014B,01 October 2023,31 October 2023
2581654,FFF,2014B,01 October 2023,31 October 2023
2583997,FFF,2014B,01 October 2023,31 October 2023
2585330,FFF,2014B,01 October 2023,31 October 2023
2589352,FFF,2014B,01 October 2023,31 October 2023
2590531,FFF,2014B,01 October 2023,31 October 2023
2593175,FFF,2014B,01 October 2023,31 October 2023
2595058,FFF,2014B,01 October 2023,31 October 2023
2602542,FFF,2014B,01 October 2023,31 October 2023
2604975,FFF,2014B,01 October 2023,31 October 2023
2606636,FFF,2014B,01 October 2023,31 October 2023
2606890,FFF,2014B,01 October 2023,31 October 2023
2609955,FFF,2014B,01 October 2023,31 October 2023
2616978,FFF,2014B,01 October 2023,31 October 2023
2619719,FFF,2014B,01 October 2023,31 October 2023
2620930,FFF,2014B,01 October 2023,31 October 2023
2625021,FFF,2014B,01 October 2023,31 October 2023
2634654,FFF,2014B,01 October 2023,31 October 2023
2636921,FFF,2014B,01 October 2023,31 October 2023
2652268,FFF,2014B,01 October 2023,31 October 2023
2653007,FFF,2014B,01 October 2023,31 October 2023
2659650,FFF,2014B,01 October 2023,31 October 2023
2661827,FFF,2014B,01 October 2023,31 October 2023
2666213,FFF,2014B,01 October 2023,31 October 2023
2666831,FFF,2014B,01 October 2023,31 October 2023
2667478,FFF,2014B,01 October 2023,31 October 2023
2674773,FFF,2014B,01 October 2023,31 October 2023
2675061,FFF,2014B,01 October 2023,31 October 2023
2681270,FFF,2014B,01 October 2023,31 October 2023
2684417,FFF,2014B,01 October 2023,31 October 2023
2689210,FFF,2014B,01 October 2023,31 October 2023
2697630,FFF,2014B,01 October 2023,31 October 2023
2697885,FFF,2014B,01 October 2023,31 October 2023
31296,FFF,2014J,01 October 2023,31 October 2023
35747,FFF,2014J,01 October 2023,31 October 2023
35796,FFF,2014J,01 October 2023,31 October 2023
40857,FFF,2014J,01 October 2023,31 October 2023
40878,FFF,2014J,01 October 2023,31 October 2023
42552,FFF,2014J,01 October 2023,31 October 2023
45423,FFF,2014J,01 October 2023,31 October 2023
47861,FFF,2014J,01 October 2023,31 October 2023
52275,FFF,2014J,01 October 2023,31 October 2023
54772,FFF,2014J,01 October 2023,31 October 2023
56637,FFF,2014J,01 October 2023,31 October 2023
56667,FFF,2014J,01 October 2023,31 October 2023
58884,FFF,2014J,01 October 2023,31 October 2023
61297,FFF,2014J,01 October 2023,31 October 2023
64427,FFF,2014J,01 October 2023,31 October 2023
64777,FFF,2014J,01 October 2023,31 October 2023
66892,FFF,2014J,01 October 2023,31 October 2023
69439,FFF,2014J,01 October 2023,31 October 2023
71159,FFF,2014J,01 October 2023,31 October 2023
74165,FFF,2014J,01 October 2023,31 October 2023
75107,FFF,2014J,01 October 2023,31 October 2023
77692,FFF,2014J,01 October 2023,31 October 2023
77995,FFF,2014J,01 October 2023,31 October 2023
79610,FFF,2014J,01 October 2023,31 October 2023
80438,FFF,2014J,01 October 2023,31 October 2023
84604,FFF,2014J,01 October 2023,31 October 2023
85241,FFF,2014J,01 October 2023,31 October 2023
87264,FFF,2014J,01 October 2023,31 October 2023
87322,FFF,2014J,01 October 2023,31 October 2023
90651,FFF,2014J,01 October 2023,31 October 2023
91801,FFF,2014J,01 October 2023,31 October 2023
94749,FFF,2014J,01 October 2023,31 October 2023
98256,FFF,2014J,01 October 2023,31 October 2023
102854,FFF,2014J,01 October 2023,31 October 2023
103594,FFF,2014J,01 October 2023,31 October 2023
105125,FFF,2014J,01 October 2023,31 October 2023
105939,FFF,2014J,01 October 2023,31 October 2023
107455,FFF,2014J,01 October 2023,31 October 2023
109907,FFF,2014J,01 October 2023,31 October 2023
110820,FFF,2014J,01 October 2023,31 October 2023
113702,FFF,2014J,01 October 2023,31 October 2023
119865,FFF,2014J,01 October 2023,31 October 2023
125063,FFF,2014J,01 October 2023,31 October 2023
127179,FFF,2014J,01 October 2023,31 October 2023
129907,FFF,2014J,01 October 2023,31 October 2023
130409,FFF,2014J,01 October 2023,31 October 2023
131597,FFF,2014J,01 October 2023,31 October 2023
132475,FFF,2014J,01 October 2023,31 October 2023
135280,FFF,2014J,01 October 2023,31 October 2023
139206,FFF,2014J,01 October 2023,31 October 2023
142310,FFF,2014J,01 October 2023,31 October 2023
143755,FFF,2014J,01 October 2023,31 October 2023
149178,FFF,2014J,01 October 2023,31 October 2023
149964,FFF,2014J,01 October 2023,31 October 2023
150282,FFF,2014J,01 October 2023,31 October 2023
152524,FFF,2014J,01 October 2023,31 October 2023
152917,FFF,2014J,01 October 2023,31 October 2023
155938,FFF,2014J,01 October 2023,31 October 2023
157225,FFF,2014J,01 October 2023,31 October 2023
159906,FFF,2014J,01 October 2023,31 October 2023
159947,FFF,2014J,01 October 2023,31 October 2023
161837,FFF,2014J,01 October 2023,31 October 2023
164148,FFF,2014J,01 October 2023,31 October 2023
166123,FFF,2014J,01 October 2023,31 October 2023
166607,FFF,2014J,01 October 2023,31 October 2023
169596,FFF,2014J,01 October 2023,31 October 2023
170874,FFF,2014J,01 October 2023,31 October 2023
172493,FFF,2014J,01 October 2023,31 October 2023
177492,FFF,2014J,01 October 2023,31 October 2023
185994,FFF,2014J,01 October 2023,31 October 2023
191504,FFF,2014J,01 October 2023,31 October 2023
194163,FFF,2014J,01 October 2023,31 October 2023
195246,FFF,2014J,01 October 2023,31 October 2023
197188,FFF,2014J,01 October 2023,31 October 2023
197536,FFF,2014J,01 October 2023,31 October 2023
199009,FFF,2014J,01 October 2023,31 October 2023
204117,FFF,2014J,01 October 2023,31 October 2023
226955,FFF,2014J,01 October 2023,31 October 2023
228633,FFF,2014J,01 October 2023,31 October 2023
229498,FFF,2014J,01 October 2023,31 October 2023
230656,FFF,2014J,01 October 2023,31 October 2023
230947,FFF,2014J,01 October 2023,31 October 2023
231980,FFF,2014J,01 October 2023,31 October 2023
232173,FFF,2014J,01 October 2023,31 October 2023
234031,FFF,2014J,01 October 2023,31 October 2023
235747,FFF,2014J,01 October 2023,31 October 2023
235768,FFF,2014J,01 October 2023,31 October 2023
235971,FFF,2014J,01 October 2023,31 October 2023
236090,FFF,2014J,01 October 2023,31 October 2023
237891,FFF,2014J,01 October 2023,31 October 2023
238301,FFF,2014J,01 October 2023,31 October 2023
249357,FFF,2014J,01 October 2023,31 October 2023
251166,FFF,2014J,01 October 2023,31 October 2023
251397,FFF,2014J,01 October 2023,31 October 2023
251916,FFF,2014J,01 October 2023,31 October 2023
253633,FFF,2014J,01 October 2023,31 October 2023
253763,FFF,2014J,01 October 2023,31 October 2023
258245,FFF,2014J,01 October 2023,31 October 2023
258509,FFF,2014J,01 October 2023,31 October 2023
258978,FFF,2014J,01 October 2023,31 October 2023
260275,FFF,2014J,01 October 2023,31 October 2023
261863,FFF,2014J,01 October 2023,31 October 2023
262025,FFF,2014J,01 October 2023,31 October 2023
262332,FFF,2014J,01 October 2023,31 October 2023
262394,FFF,2014J,01 October 2023,31 October 2023
263143,FFF,2014J,01 October 2023,31 October 2023
263862,FFF,2014J,01 October 2023,31 October 2023
264589,FFF,2014J,01 October 2023,31 October 2023
265497,FFF,2014J,01 October 2023,31 October 2023
268727,FFF,2014J,01 October 2023,31 October 2023
268823,FFF,2014J,01 October 2023,31 October 2023
269584,FFF,2014J,01 October 2023,31 October 2023
270421,FFF,2014J,01 October 2023,31 October 2023
272704,FFF,2014J,01 October 2023,31 October 2023
275127,FFF,2014J,01 October 2023,31 October 2023
276337,FFF,2014J,01 October 2023,31 October 2023
277384,FFF,2014J,01 October 2023,31 October 2023
278380,FFF,2014J,01 October 2023,31 October 2023
279440,FFF,2014J,01 October 2023,31 October 2023
279653,FFF,2014J,01 October 2023,31 October 2023
281134,FFF,2014J,01 October 2023,31 October 2023
281970,FFF,2014J,01 October 2023,31 October 2023
282849,FFF,2014J,01 October 2023,31 October 2023
283402,FFF,2014J,01 October 2023,31 October 2023
286778,FFF,2014J,01 October 2023,31 October 2023
287258,FFF,2014J,01 October 2023,31 October 2023
287715,FFF,2014J,01 October 2023,31 October 2023
289179,FFF,2014J,01 October 2023,31 October 2023
289247,FFF,2014J,01 October 2023,31 October 2023
289676,FFF,2014J,01 October 2023,31 October 2023
294219,FFF,2014J,01 October 2023,31 October 2023
294920,FFF,2014J,01 October 2023,31 October 2023
294929,FFF,2014J,01 October 2023,31 October 2023
297218,FFF,2014J,01 October 2023,31 October 2023
297341,FFF,2014J,01 October 2023,31 October 2023
300848,FFF,2014J,01 October 2023,31 October 2023
301074,FFF,2014J,01 October 2023,31 October 2023
301561,FFF,2014J,01 October 2023,31 October 2023
305064,FFF,2014J,01 October 2023,31 October 2023
305659,FFF,2014J,01 October 2023,31 October 2023
310205,FFF,2014J,01 October 2023,31 October 2023
312126,FFF,2014J,01 October 2023,31 October 2023
312231,FFF,2014J,01 October 2023,31 October 2023
312960,FFF,2014J,01 October 2023,31 October 2023
315795,FFF,2014J,01 October 2023,31 October 2023
316082,FFF,2014J,01 October 2023,31 October 2023
318139,FFF,2014J,01 October 2023,31 October 2023
318147,FFF,2014J,01 October 2023,31 October 2023
318289,FFF,2014J,01 October 2023,31 October 2023
319073,FFF,2014J,01 October 2023,31 October 2023
319461,FFF,2014J,01 October 2023,31 October 2023
320133,FFF,2014J,01 October 2023,31 October 2023
320612,FFF,2014J,01 October 2023,31 October 2023
327664,FFF,2014J,01 October 2023,31 October 2023
328377,FFF,2014J,01 October 2023,31 October 2023
329095,FFF,2014J,01 October 2023,31 October 2023
331789,FFF,2014J,01 October 2023,31 October 2023
332676,FFF,2014J,01 October 2023,31 October 2023
333993,FFF,2014J,01 October 2023,31 October 2023
335095,FFF,2014J,01 October 2023,31 October 2023
337000,FFF,2014J,01 October 2023,31 October 2023
338689,FFF,2014J,01 October 2023,31 October 2023
339519,FFF,2014J,01 October 2023,31 October 2023
341093,FFF,2014J,01 October 2023,31 October 2023
341457,FFF,2014J,01 October 2023,31 October 2023
341629,FFF,2014J,01 October 2023,31 October 2023
343709,FFF,2014J,01 October 2023,31 October 2023
345271,FFF,2014J,01 October 2023,31 October 2023
347197,FFF,2014J,01 October 2023,31 October 2023
348108,FFF,2014J,01 October 2023,31 October 2023
348324,FFF,2014J,01 October 2023,31 October 2023
348906,FFF,2014J,01 October 2023,31 October 2023
349515,FFF,2014J,01 October 2023,31 October 2023
349777,FFF,2014J,01 October 2023,31 October 2023
351147,FFF,2014J,01 October 2023,31 October 2023
351293,FFF,2014J,01 October 2023,31 October 2023
354698,FFF,2014J,01 October 2023,31 October 2023
354713,FFF,2014J,01 October 2023,31 October 2023
360278,FFF,2014J,01 October 2023,31 October 2023
360752,FFF,2014J,01 October 2023,31 October 2023
366140,FFF,2014J,01 October 2023,31 October 2023
367151,FFF,2014J,01 October 2023,31 October 2023
368389,FFF,2014J,01 October 2023,31 October 2023
369450,FFF,2014J,01 October 2023,31 October 2023
369644,FFF,2014J,01 October 2023,31 October 2023
370735,FFF,2014J,01 October 2023,31 October 2023
372345,FFF,2014J,01 October 2023,31 October 2023
372509,FFF,2014J,01 October 2023,31 October 2023
372511,FFF,2014J,01 October 2023,31 October 2023
374353,FFF,2014J,01 October 2023,31 October 2023
375527,FFF,2014J,01 October 2023,31 October 2023
375993,FFF,2014J,01 October 2023,31 October 2023
378705,FFF,2014J,01 October 2023,31 October 2023
378946,FFF,2014J,01 October 2023,31 October 2023
379278,FFF,2014J,01 October 2023,31 October 2023
379311,FFF,2014J,01 October 2023,31 October 2023
379563,FFF,2014J,01 October 2023,31 October 2023
380952,FFF,2014J,01 October 2023,31 October 2023
381257,FFF,2014J,01 October 2023,31 October 2023
381428,FFF,2014J,01 October 2023,31 October 2023
381528,FFF,2014J,01 October 2023,31 October 2023
381529,FFF,2014J,01 October 2023,31 October 2023
383445,FFF,2014J,01 October 2023,31 October 2023
383602,FFF,2014J,01 October 2023,31 October 2023
383629,FFF,2014J,01 October 2023,31 October 2023
384107,FFF,2014J,01 October 2023,31 October 2023
384331,FFF,2014J,01 October 2023,31 October 2023
386389,FFF,2014J,01 October 2023,31 October 2023
386956,FFF,2014J,01 October 2023,31 October 2023
389853,FFF,2014J,01 October 2023,31 October 2023
390070,FFF,2014J,01 October 2023,31 October 2023
393141,FFF,2014J,01 October 2023,31 October 2023
396136,FFF,2014J,01 October 2023,31 October 2023
396683,FFF,2014J,01 October 2023,31 October 2023
396834,FFF,2014J,01 October 2023,31 October 2023
396907,FFF,2014J,01 October 2023,31 October 2023
397219,FFF,2014J,01 October 2023,31 October 2023
397671,FFF,2014J,01 October 2023,31 October 2023
398550,FFF,2014J,01 October 2023,31 October 2023
398630,FFF,2014J,01 October 2023,31 October 2023
399429,FFF,2014J,01 October 2023,31 October 2023
402695,FFF,2014J,01 October 2023,31 October 2023
405193,FFF,2014J,01 October 2023,31 October 2023
407232,FFF,2014J,01 October 2023,31 October 2023
408499,FFF,2014J,01 October 2023,31 October 2023
408872,FFF,2014J,01 October 2023,31 October 2023
410883,FFF,2014J,01 October 2023,31 October 2023
411304,FFF,2014J,01 October 2023,31 October 2023
411688,FFF,2014J,01 October 2023,31 October 2023
412353,FFF,2014J,01 October 2023,31 October 2023
413180,FFF,2014J,01 October 2023,31 October 2023
413709,FFF,2014J,01 October 2023,31 October 2023
413949,FFF,2014J,01 October 2023,31 October 2023
416199,FFF,2014J,01 October 2023,31 October 2023
416407,FFF,2014J,01 October 2023,31 October 2023
418201,FFF,2014J,01 October 2023,31 October 2023
418486,FFF,2014J,01 October 2023,31 October 2023
419059,FFF,2014J,01 October 2023,31 October 2023
419081,FFF,2014J,01 October 2023,31 October 2023
420834,FFF,2014J,01 October 2023,31 October 2023
423210,FFF,2014J,01 October 2023,31 October 2023
423488,FFF,2014J,01 October 2023,31 October 2023
423781,FFF,2014J,01 October 2023,31 October 2023
425467,FFF,2014J,01 October 2023,31 October 2023
426410,FFF,2014J,01 October 2023,31 October 2023
427256,FFF,2014J,01 October 2023,31 October 2023
431139,FFF,2014J,01 October 2023,31 October 2023
435294,FFF,2014J,01 October 2023,31 October 2023
439950,FFF,2014J,01 October 2023,31 October 2023
439995,FFF,2014J,01 October 2023,31 October 2023
440818,FFF,2014J,01 October 2023,31 October 2023
441020,FFF,2014J,01 October 2023,31 October 2023
441165,FFF,2014J,01 October 2023,31 October 2023
441170,FFF,2014J,01 October 2023,31 October 2023
442199,FFF,2014J,01 October 2023,31 October 2023
442347,FFF,2014J,01 October 2023,31 October 2023
442563,FFF,2014J,01 October 2023,31 October 2023
442725,FFF,2014J,01 October 2023,31 October 2023
442802,FFF,2014J,01 October 2023,31 October 2023
443151,FFF,2014J,01 October 2023,31 October 2023
443514,FFF,2014J,01 October 2023,31 October 2023
444011,FFF,2014J,01 October 2023,31 October 2023
444907,FFF,2014J,01 October 2023,31 October 2023
445459,FFF,2014J,01 October 2023,31 October 2023
445686,FFF,2014J,01 October 2023,31 October 2023
465078,FFF,2014J,01 October 2023,31 October 2023
465121,FFF,2014J,01 October 2023,31 October 2023
465245,FFF,2014J,01 October 2023,31 October 2023
465294,FFF,2014J,01 October 2023,31 October 2023
466120,FFF,2014J,01 October 2023,31 October 2023
466717,FFF,2014J,01 October 2023,31 October 2023
466987,FFF,2014J,01 October 2023,31 October 2023
467312,FFF,2014J,01 October 2023,31 October 2023
469499,FFF,2014J,01 October 2023,31 October 2023
470121,FFF,2014J,01 October 2023,31 October 2023
471284,FFF,2014J,01 October 2023,31 October 2023
472401,FFF,2014J,01 October 2023,31 October 2023
474667,FFF,2014J,01 October 2023,31 October 2023
475015,FFF,2014J,01 October 2023,31 October 2023
475566,FFF,2014J,01 October 2023,31 October 2023
476401,FFF,2014J,01 October 2023,31 October 2023
476629,FFF,2014J,01 October 2023,31 October 2023
479939,FFF,2014J,01 October 2023,31 October 2023
480303,FFF,2014J,01 October 2023,31 October 2023
481240,FFF,2014J,01 October 2023,31 October 2023
481717,FFF,2014J,01 October 2023,31 October 2023
482644,FFF,2014J,01 October 2023,31 October 2023
483037,FFF,2014J,01 October 2023,31 October 2023
483656,FFF,2014J,01 October 2023,31 October 2023
484010,FFF,2014J,01 October 2023,31 October 2023
484494,FFF,2014J,01 October 2023,31 October 2023
484594,FFF,2014J,01 October 2023,31 October 2023
485228,FFF,2014J,01 October 2023,31 October 2023
486087,FFF,2014J,01 October 2023,31 October 2023
488525,FFF,2014J,01 October 2023,31 October 2023
489048,FFF,2014J,01 October 2023,31 October 2023
489104,FFF,2014J,01 October 2023,31 October 2023
489493,FFF,2014J,01 October 2023,31 October 2023
489553,FFF,2014J,01 October 2023,31 October 2023
491077,FFF,2014J,01 October 2023,31 October 2023
491126,FFF,2014J,01 October 2023,31 October 2023
491863,FFF,2014J,01 October 2023,31 October 2023
491959,FFF,2014J,01 October 2023,31 October 2023
492024,FFF,2014J,01 October 2023,31 October 2023
494184,FFF,2014J,01 October 2023,31 October 2023
496493,FFF,2014J,01 October 2023,31 October 2023
496815,FFF,2014J,01 October 2023,31 October 2023
497415,FFF,2014J,01 October 2023,31 October 2023
498442,FFF,2014J,01 October 2023,31 October 2023
500068,FFF,2014J,01 October 2023,31 October 2023
500618,FFF,2014J,01 October 2023,31 October 2023
501444,FFF,2014J,01 October 2023,31 October 2023
502011,FFF,2014J,01 October 2023,31 October 2023
504270,FFF,2014J,01 October 2023,31 October 2023
505773,FFF,2014J,01 October 2023,31 October 2023
507311,FFF,2014J,01 October 2023,31 October 2023
507743,FFF,2014J,01 October 2023,31 October 2023
507935,FFF,2014J,01 October 2023,31 October 2023
508626,FFF,2014J,01 October 2023,31 October 2023
509536,FFF,2014J,01 October 2023,31 October 2023
510762,FFF,2014J,01 October 2023,31 October 2023
511246,FFF,2014J,01 October 2023,31 October 2023
511309,FFF,2014J,01 October 2023,31 October 2023
511981,FFF,2014J,01 October 2023,31 October 2023
513272,FFF,2014J,01 October 2023,31 October 2023
513422,FFF,2014J,01 October 2023,31 October 2023
514078,FFF,2014J,01 October 2023,31 October 2023
514556,FFF,2014J,01 October 2023,31 October 2023
516602,FFF,2014J,01 October 2023,31 October 2023
517551,FFF,2014J,01 October 2023,31 October 2023
518599,FFF,2014J,01 October 2023,31 October 2023
519115,FFF,2014J,01 October 2023,31 October 2023
520265,FFF,2014J,01 October 2023,31 October 2023
521153,FFF,2014J,01 October 2023,31 October 2023
521703,FFF,2014J,01 October 2023,31 October 2023
523017,FFF,2014J,01 October 2023,31 October 2023
523249,FFF,2014J,01 October 2023,31 October 2023
523589,FFF,2014J,01 October 2023,31 October 2023
524827,FFF,2014J,01 October 2023,31 October 2023
525523,FFF,2014J,01 October 2023,31 October 2023
526721,FFF,2014J,01 October 2023,31 October 2023
529693,FFF,2014J,01 October 2023,31 October 2023
530148,FFF,2014J,01 October 2023,31 October 2023
531018,FFF,2014J,01 October 2023,31 October 2023
531871,FFF,2014J,01 October 2023,31 October 2023
532254,FFF,2014J,01 October 2023,31 October 2023
533418,FFF,2014J,01 October 2023,31 October 2023
534018,FFF,2014J,01 October 2023,31 October 2023
534112,FFF,2014J,01 October 2023,31 October 2023
534457,FFF,2014J,01 October 2023,31 October 2023
535542,FFF,2014J,01 October 2023,31 October 2023
535997,FFF,2014J,01 October 2023,31 October 2023
536351,FFF,2014J,01 October 2023,31 October 2023
536475,FFF,2014J,01 October 2023,31 October 2023
536963,FFF,2014J,01 October 2023,31 October 2023
537321,FFF,2014J,01 October 2023,31 October 2023
539913,FFF,2014J,01 October 2023,31 October 2023
540723,FFF,2014J,01 October 2023,31 October 2023
541532,FFF,2014J,01 October 2023,31 October 2023
541921,FFF,2014J,01 October 2023,31 October 2023
542202,FFF,2014J,01 October 2023,31 October 2023
543432,FFF,2014J,01 October 2023,31 October 2023
544141,FFF,2014J,01 October 2023,31 October 2023
545164,FFF,2014J,01 October 2023,31 October 2023
545962,FFF,2014J,01 October 2023,31 October 2023
546645,FFF,2014J,01 October 2023,31 October 2023
547347,FFF,2014J,01 October 2023,31 October 2023
549219,FFF,2014J,01 October 2023,31 October 2023
549321,FFF,2014J,01 October 2023,31 October 2023
549847,FFF,2014J,01 October 2023,31 October 2023
550420,FFF,2014J,01 October 2023,31 October 2023
550703,FFF,2014J,01 October 2023,31 October 2023
552173,FFF,2014J,01 October 2023,31 October 2023
552832,FFF,2014J,01 October 2023,31 October 2023
553031,FFF,2014J,01 October 2023,31 October 2023
553284,FFF,2014J,01 October 2023,31 October 2023
554063,FFF,2014J,01 October 2023,31 October 2023
554525,FFF,2014J,01 October 2023,31 October 2023
555049,FFF,2014J,01 October 2023,31 October 2023
555277,FFF,2014J,01 October 2023,31 October 2023
555827,FFF,2014J,01 October 2023,31 October 2023
557290,FFF,2014J,01 October 2023,31 October 2023
557830,FFF,2014J,01 October 2023,31 October 2023
558044,FFF,2014J,01 October 2023,31 October 2023
558764,FFF,2014J,01 October 2023,31 October 2023
560047,FFF,2014J,01 October 2023,31 October 2023
560645,FFF,2014J,01 October 2023,31 October 2023
560765,FFF,2014J,01 October 2023,31 October 2023
560823,FFF,2014J,01 October 2023,31 October 2023
561231,FFF,2014J,01 October 2023,31 October 2023
561311,FFF,2014J,01 October 2023,31 October 2023
562754,FFF,2014J,01 October 2023,31 October 2023
562762,FFF,2014J,01 October 2023,31 October 2023
562990,FFF,2014J,01 October 2023,31 October 2023
563108,FFF,2014J,01 October 2023,31 October 2023
563414,FFF,2014J,01 October 2023,31 October 2023
564243,FFF,2014J,01 October 2023,31 October 2023
564617,FFF,2014J,01 October 2023,31 October 2023
564933,FFF,2014J,01 October 2023,31 October 2023
565017,FFF,2014J,01 October 2023,31 October 2023
565474,FFF,2014J,01 October 2023,31 October 2023
567213,FFF,2014J,01 October 2023,31 October 2023
568443,FFF,2014J,01 October 2023,31 October 2023
568447,FFF,2014J,01 October 2023,31 October 2023
569034,FFF,2014J,01 October 2023,31 October 2023
569745,FFF,2014J,01 October 2023,31 October 2023
569876,FFF,2014J,01 October 2023,31 October 2023
571074,FFF,2014J,01 October 2023,31 October 2023
571932,FFF,2014J,01 October 2023,31 October 2023
572074,FFF,2014J,01 October 2023,31 October 2023
573583,FFF,2014J,01 October 2023,31 October 2023
574068,FFF,2014J,01 October 2023,31 October 2023
574527,FFF,2014J,01 October 2023,31 October 2023
574638,FFF,2014J,01 October 2023,31 October 2023
575069,FFF,2014J,01 October 2023,31 October 2023
575112,FFF,2014J,01 October 2023,31 October 2023
575302,FFF,2014J,01 October 2023,31 October 2023
575685,FFF,2014J,01 October 2023,31 October 2023
575710,FFF,2014J,01 October 2023,31 October 2023
575983,FFF,2014J,01 October 2023,31 October 2023
576140,FFF,2014J,01 October 2023,31 October 2023
577032,FFF,2014J,01 October 2023,31 October 2023
577429,FFF,2014J,01 October 2023,31 October 2023
577950,FFF,2014J,01 October 2023,31 October 2023
578495,FFF,2014J,01 October 2023,31 October 2023
578573,FFF,2014J,01 October 2023,31 October 2023
578847,FFF,2014J,01 October 2023,31 October 2023
579221,FFF,2014J,01 October 2023,31 October 2023
579660,FFF,2014J,01 October 2023,31 October 2023
579686,FFF,2014J,01 October 2023,31 October 2023
580459,FFF,2014J,01 October 2023,31 October 2023
580834,FFF,2014J,01 October 2023,31 October 2023
580926,FFF,2014J,01 October 2023,31 October 2023
581659,FFF,2014J,01 October 2023,31 October 2023
581779,FFF,2014J,01 October 2023,31 October 2023
582034,FFF,2014J,01 October 2023,31 October 2023
582117,FFF,2014J,01 October 2023,31 October 2023
582141,FFF,2014J,01 October 2023,31 October 2023
582266,FFF,2014J,01 October 2023,31 October 2023
582332,FFF,2014J,01 October 2023,31 October 2023
582653,FFF,2014J,01 October 2023,31 October 2023
582670,FFF,2014J,01 October 2023,31 October 2023
582749,FFF,2014J,01 October 2023,31 October 2023
583318,FFF,2014J,01 October 2023,31 October 2023
583487,FFF,2014J,01 October 2023,31 October 2023
584515,FFF,2014J,01 October 2023,31 October 2023
585021,FFF,2014J,01 October 2023,31 October 2023
585224,FFF,2014J,01 October 2023,31 October 2023
585261,FFF,2014J,01 October 2023,31 October 2023
585284,FFF,2014J,01 October 2023,31 October 2023
585503,FFF,2014J,01 October 2023,31 October 2023
585572,FFF,2014J,01 October 2023,31 October 2023
585958,FFF,2014J,01 October 2023,31 October 2023
586282,FFF,2014J,01 October 2023,31 October 2023
586811,FFF,2014J,01 October 2023,31 October 2023
587509,FFF,2014J,01 October 2023,31 October 2023
587571,FFF,2014J,01 October 2023,31 October 2023
587654,FFF,2014J,01 October 2023,31 October 2023
587706,FFF,2014J,01 October 2023,31 October 2023
589080,FFF,2014J,01 October 2023,31 October 2023
589162,FFF,2014J,01 October 2023,31 October 2023
589332,FFF,2014J,01 October 2023,31 October 2023
589389,FFF,2014J,01 October 2023,31 October 2023
590120,FFF,2014J,01 October 2023,31 October 2023
590381,FFF,2014J,01 October 2023,31 October 2023
590818,FFF,2014J,01 October 2023,31 October 2023
591525,FFF,2014J,01 October 2023,31 October 2023
591746,FFF,2014J,01 October 2023,31 October 2023
592218,FFF,2014J,01 October 2023,31 October 2023
592233,FFF,2014J,01 October 2023,31 October 2023
592295,FFF,2014J,01 October 2023,31 October 2023
592558,FFF,2014J,01 October 2023,31 October 2023
593136,FFF,2014J,01 October 2023,31 October 2023
593722,FFF,2014J,01 October 2023,31 October 2023
593796,FFF,2014J,01 October 2023,31 October 2023
594065,FFF,2014J,01 October 2023,31 October 2023
594229,FFF,2014J,01 October 2023,31 October 2023
595262,FFF,2014J,01 October 2023,31 October 2023
595673,FFF,2014J,01 October 2023,31 October 2023
595721,FFF,2014J,01 October 2023,31 October 2023
595943,FFF,2014J,01 October 2023,31 October 2023
596203,FFF,2014J,01 October 2023,31 October 2023
596253,FFF,2014J,01 October 2023,31 October 2023
596464,FFF,2014J,01 October 2023,31 October 2023
596693,FFF,2014J,01 October 2023,31 October 2023
596758,FFF,2014J,01 October 2023,31 October 2023
596805,FFF,2014J,01 October 2023,31 October 2023
597391,FFF,2014J,01 October 2023,31 October 2023
597740,FFF,2014J,01 October 2023,31 October 2023
597937,FFF,2014J,01 October 2023,31 October 2023
598442,FFF,2014J,01 October 2023,31 October 2023
598540,FFF,2014J,01 October 2023,31 October 2023
598559,FFF,2014J,01 October 2023,31 October 2023
598582,FFF,2014J,01 October 2023,31 October 2023
598939,FFF,2014J,01 October 2023,31 October 2023
599007,FFF,2014J,01 October 2023,31 October 2023
599865,FFF,2014J,01 October 2023,31 October 2023
600405,FFF,2014J,01 October 2023,31 October 2023
600773,FFF,2014J,01 October 2023,31 October 2023
601008,FFF,2014J,01 October 2023,31 October 2023
601235,FFF,2014J,01 October 2023,31 October 2023
601680,FFF,2014J,01 October 2023,31 October 2023
601820,FFF,2014J,01 October 2023,31 October 2023
602594,FFF,2014J,01 October 2023,31 October 2023
603648,FFF,2014J,01 October 2023,31 October 2023
604567,FFF,2014J,01 October 2023,31 October 2023
604652,FFF,2014J,01 October 2023,31 October 2023
604907,FFF,2014J,01 October 2023,31 October 2023
605682,FFF,2014J,01 October 2023,31 October 2023
606257,FFF,2014J,01 October 2023,31 October 2023
606293,FFF,2014J,01 October 2023,31 October 2023
606805,FFF,2014J,01 October 2023,31 October 2023
606904,FFF,2014J,01 October 2023,31 October 2023
607243,FFF,2014J,01 October 2023,31 October 2023
607303,FFF,2014J,01 October 2023,31 October 2023
607501,FFF,2014J,01 October 2023,31 October 2023
607679,FFF,2014J,01 October 2023,31 October 2023
607700,FFF,2014J,01 October 2023,31 October 2023
607733,FFF,2014J,01 October 2023,31 October 2023
609142,FFF,2014J,01 October 2023,31 October 2023
609240,FFF,2014J,01 October 2023,31 October 2023
611603,FFF,2014J,01 October 2023,31 October 2023
612763,FFF,2014J,01 October 2023,31 October 2023
612842,FFF,2014J,01 October 2023,31 October 2023
613165,FFF,2014J,01 October 2023,31 October 2023
613330,FFF,2014J,01 October 2023,31 October 2023
613634,FFF,2014J,01 October 2023,31 October 2023
613899,FFF,2014J,01 October 2023,31 October 2023
613966,FFF,2014J,01 October 2023,31 October 2023
615266,FFF,2014J,01 October 2023,31 October 2023
615299,FFF,2014J,01 October 2023,31 October 2023
615301,FFF,2014J,01 October 2023,31 October 2023
615302,FFF,2014J,01 October 2023,31 October 2023
615306,FFF,2014J,01 October 2023,31 October 2023
615328,FFF,2014J,01 October 2023,31 October 2023
615340,FFF,2014J,01 October 2023,31 October 2023
615342,FFF,2014J,01 October 2023,31 October 2023
615356,FFF,2014J,01 October 2023,31 October 2023
616517,FFF,2014J,01 October 2023,31 October 2023
616912,FFF,2014J,01 October 2023,31 October 2023
617119,FFF,2014J,01 October 2023,31 October 2023
617150,FFF,2014J,01 October 2023,31 October 2023
617332,FFF,2014J,01 October 2023,31 October 2023
617436,FFF,2014J,01 October 2023,31 October 2023
617580,FFF,2014J,01 October 2023,31 October 2023
617783,FFF,2014J,01 October 2023,31 October 2023
617922,FFF,2014J,01 October 2023,31 October 2023
618252,FFF,2014J,01 October 2023,31 October 2023
618663,FFF,2014J,01 October 2023,31 October 2023
619321,FFF,2014J,01 October 2023,31 October 2023
619502,FFF,2014J,01 October 2023,31 October 2023
619863,FFF,2014J,01 October 2023,31 October 2023
620094,FFF,2014J,01 October 2023,31 October 2023
620269,FFF,2014J,01 October 2023,31 October 2023
620349,FFF,2014J,01 October 2023,31 October 2023
620431,FFF,2014J,01 October 2023,31 October 2023
620740,FFF,2014J,01 October 2023,31 October 2023
620750,FFF,2014J,01 October 2023,31 October 2023
620810,FFF,2014J,01 October 2023,31 October 2023
620824,FFF,2014J,01 October 2023,31 October 2023
621307,FFF,2014J,01 October 2023,31 October 2023
622029,FFF,2014J,01 October 2023,31 October 2023
622275,FFF,2014J,01 October 2023,31 October 2023
622362,FFF,2014J,01 October 2023,31 October 2023
622481,FFF,2014J,01 October 2023,31 October 2023
622760,FFF,2014J,01 October 2023,31 October 2023
622910,FFF,2014J,01 October 2023,31 October 2023
622934,FFF,2014J,01 October 2023,31 October 2023
622967,FFF,2014J,01 October 2023,31 October 2023
623166,FFF,2014J,01 October 2023,31 October 2023
623230,FFF,2014J,01 October 2023,31 October 2023
623471,FFF,2014J,01 October 2023,31 October 2023
623589,FFF,2014J,01 October 2023,31 October 2023
623763,FFF,2014J,01 October 2023,31 October 2023
623765,FFF,2014J,01 October 2023,31 October 2023
623945,FFF,2014J,01 October 2023,31 October 2023
623955,FFF,2014J,01 October 2023,31 October 2023
624282,FFF,2014J,01 October 2023,31 October 2023
624740,FFF,2014J,01 October 2023,31 October 2023
624864,FFF,2014J,01 October 2023,31 October 2023
625245,FFF,2014J,01 October 2023,31 October 2023
625515,FFF,2014J,01 October 2023,31 October 2023
625743,FFF,2014J,01 October 2023,31 October 2023
625802,FFF,2014J,01 October 2023,31 October 2023
626033,FFF,2014J,01 October 2023,31 October 2023
626416,FFF,2014J,01 October 2023,31 October 2023
626454,FFF,2014J,01 October 2023,31 October 2023
626477,FFF,2014J,01 October 2023,31 October 2023
626514,FFF,2014J,01 October 2023,31 October 2023
626579,FFF,2014J,01 October 2023,31 October 2023
627365,FFF,2014J,01 October 2023,31 October 2023
627443,FFF,2014J,01 October 2023,31 October 2023
627829,FFF,2014J,01 October 2023,31 October 2023
628149,FFF,2014J,01 October 2023,31 October 2023
628308,FFF,2014J,01 October 2023,31 October 2023
628363,FFF,2014J,01 October 2023,31 October 2023
628521,FFF,2014J,01 October 2023,31 October 2023
628888,FFF,2014J,01 October 2023,31 October 2023
628964,FFF,2014J,01 October 2023,31 October 2023
629394,FFF,2014J,01 October 2023,31 October 2023
629491,FFF,2014J,01 October 2023,31 October 2023
629594,FFF,2014J,01 October 2023,31 October 2023
629686,FFF,2014J,01 October 2023,31 October 2023
629818,FFF,2014J,01 October 2023,31 October 2023
629907,FFF,2014J,01 October 2023,31 October 2023
629922,FFF,2014J,01 October 2023,31 October 2023
629944,FFF,2014J,01 October 2023,31 October 2023
630024,FFF,2014J,01 October 2023,31 October 2023
630109,FFF,2014J,01 October 2023,31 October 2023
630158,FFF,2014J,01 October 2023,31 October 2023
630186,FFF,2014J,01 October 2023,31 October 2023
630289,FFF,2014J,01 October 2023,31 October 2023
630358,FFF,2014J,01 October 2023,31 October 2023
630745,FFF,2014J,01 October 2023,31 October 2023
630835,FFF,2014J,01 October 2023,31 October 2023
630910,FFF,2014J,01 October 2023,31 October 2023
630992,FFF,2014J,01 October 2023,31 October 2023
631193,FFF,2014J,01 October 2023,31 October 2023
631438,FFF,2014J,01 October 2023,31 October 2023
631658,FFF,2014J,01 October 2023,31 October 2023
631681,FFF,2014J,01 October 2023,31 October 2023
631740,FFF,2014J,01 October 2023,31 October 2023
631750,FFF,2014J,01 October 2023,31 October 2023
631837,FFF,2014J,01 October 2023,31 October 2023
632179,FFF,2014J,01 October 2023,31 October 2023
632276,FFF,2014J,01 October 2023,31 October 2023
632290,FFF,2014J,01 October 2023,31 October 2023
632458,FFF,2014J,01 October 2023,31 October 2023
632556,FFF,2014J,01 October 2023,31 October 2023
632826,FFF,2014J,01 October 2023,31 October 2023
633079,FFF,2014J,01 October 2023,31 October 2023
633516,FFF,2014J,01 October 2023,31 October 2023
633555,FFF,2014J,01 October 2023,31 October 2023
633568,FFF,2014J,01 October 2023,31 October 2023
633628,FFF,2014J,01 October 2023,31 October 2023
633867,FFF,2014J,01 October 2023,31 October 2023
633931,FFF,2014J,01 October 2023,31 October 2023
634088,FFF,2014J,01 October 2023,31 October 2023
634526,FFF,2014J,01 October 2023,31 October 2023
634601,FFF,2014J,01 October 2023,31 October 2023
634749,FFF,2014J,01 October 2023,31 October 2023
634888,FFF,2014J,01 October 2023,31 October 2023
634943,FFF,2014J,01 October 2023,31 October 2023
635165,FFF,2014J,01 October 2023,31 October 2023
635184,FFF,2014J,01 October 2023,31 October 2023
635191,FFF,2014J,01 October 2023,31 October 2023
635271,FFF,2014J,01 October 2023,31 October 2023
635746,FFF,2014J,01 October 2023,31 October 2023
635751,FFF,2014J,01 October 2023,31 October 2023
635795,FFF,2014J,01 October 2023,31 October 2023
635903,FFF,2014J,01 October 2023,31 October 2023
635985,FFF,2014J,01 October 2023,31 October 2023
636314,FFF,2014J,01 October 2023,31 October 2023
636375,FFF,2014J,01 October 2023,31 October 2023
636400,FFF,2014J,01 October 2023,31 October 2023
636407,FFF,2014J,01 October 2023,31 October 2023
636408,FFF,2014J,01 October 2023,31 October 2023
636469,FFF,2014J,01 October 2023,31 October 2023
636492,FFF,2014J,01 October 2023,31 October 2023
636547,FFF,2014J,01 October 2023,31 October 2023
636565,FFF,2014J,01 October 2023,31 October 2023
636634,FFF,2014J,01 October 2023,31 October 2023
636653,FFF,2014J,01 October 2023,31 October 2023
636656,FFF,2014J,01 October 2023,31 October 2023
636704,FFF,2014J,01 October 2023,31 October 2023
636749,FFF,2014J,01 October 2023,31 October 2023
636830,FFF,2014J,01 October 2023,31 October 2023
636832,FFF,2014J,01 October 2023,31 October 2023
637004,FFF,2014J,01 October 2023,31 October 2023
637338,FFF,2014J,01 October 2023,31 October 2023
637358,FFF,2014J,01 October 2023,31 October 2023
637474,FFF,2014J,01 October 2023,31 October 2023
637509,FFF,2014J,01 October 2023,31 October 2023
637514,FFF,2014J,01 October 2023,31 October 2023
637563,FFF,2014J,01 October 2023,31 October 2023
637582,FFF,2014J,01 October 2023,31 October 2023
637788,FFF,2014J,01 October 2023,31 October 2023
637800,FFF,2014J,01 October 2023,31 October 2023
637906,FFF,2014J,01 October 2023,31 October 2023
637980,FFF,2014J,01 October 2023,31 October 2023
638034,FFF,2014J,01 October 2023,31 October 2023
638388,FFF,2014J,01 October 2023,31 October 2023
638411,FFF,2014J,01 October 2023,31 October 2023
638414,FFF,2014J,01 October 2023,31 October 2023
638425,FFF,2014J,01 October 2023,31 October 2023
638498,FFF,2014J,01 October 2023,31 October 2023
638515,FFF,2014J,01 October 2023,31 October 2023
638625,FFF,2014J,01 October 2023,31 October 2023
638655,FFF,2014J,01 October 2023,31 October 2023
638677,FFF,2014J,01 October 2023,31 October 2023
638831,FFF,2014J,01 October 2023,31 October 2023
639028,FFF,2014J,01 October 2023,31 October 2023
639231,FFF,2014J,01 October 2023,31 October 2023
639234,FFF,2014J,01 October 2023,31 October 2023
639238,FFF,2014J,01 October 2023,31 October 2023
639522,FFF,2014J,01 October 2023,31 October 2023
639919,FFF,2014J,01 October 2023,31 October 2023
639993,FFF,2014J,01 October 2023,31 October 2023
640098,FFF,2014J,01 October 2023,31 October 2023
640140,FFF,2014J,01 October 2023,31 October 2023
640278,FFF,2014J,01 October 2023,31 October 2023
640329,FFF,2014J,01 October 2023,31 October 2023
640393,FFF,2014J,01 October 2023,31 October 2023
640429,FFF,2014J,01 October 2023,31 October 2023
640552,FFF,2014J,01 October 2023,31 October 2023
640584,FFF,2014J,01 October 2023,31 October 2023
640711,FFF,2014J,01 October 2023,31 October 2023
640752,FFF,2014J,01 October 2023,31 October 2023
640774,FFF,2014J,01 October 2023,31 October 2023
640848,FFF,2014J,01 October 2023,31 October 2023
640892,FFF,2014J,01 October 2023,31 October 2023
640913,FFF,2014J,01 October 2023,31 October 2023
640927,FFF,2014J,01 October 2023,31 October 2023
641028,FFF,2014J,01 October 2023,31 October 2023
641085,FFF,2014J,01 October 2023,31 October 2023
641137,FFF,2014J,01 October 2023,31 October 2023
641169,FFF,2014J,01 October 2023,31 October 2023
641265,FFF,2014J,01 October 2023,31 October 2023
641275,FFF,2014J,01 October 2023,31 October 2023
641307,FFF,2014J,01 October 2023,31 October 2023
641309,FFF,2014J,01 October 2023,31 October 2023
641311,FFF,2014J,01 October 2023,31 October 2023
641401,FFF,2014J,01 October 2023,31 October 2023
641404,FFF,2014J,01 October 2023,31 October 2023
641433,FFF,2014J,01 October 2023,31 October 2023
641461,FFF,2014J,01 October 2023,31 October 2023
641470,FFF,2014J,01 October 2023,31 October 2023
641547,FFF,2014J,01 October 2023,31 October 2023
641565,FFF,2014J,01 October 2023,31 October 2023
641864,FFF,2014J,01 October 2023,31 October 2023
641866,FFF,2014J,01 October 2023,31 October 2023
641914,FFF,2014J,01 October 2023,31 October 2023
642013,FFF,2014J,01 October 2023,31 October 2023
642029,FFF,2014J,01 October 2023,31 October 2023
642056,FFF,2014J,01 October 2023,31 October 2023
642128,FFF,2014J,01 October 2023,31 October 2023
642375,FFF,2014J,01 October 2023,31 October 2023
642448,FFF,2014J,01 October 2023,31 October 2023
642449,FFF,2014J,01 October 2023,31 October 2023
642493,FFF,2014J,01 October 2023,31 October 2023
642496,FFF,2014J,01 October 2023,31 October 2023
642498,FFF,2014J,01 October 2023,31 October 2023
642536,FFF,2014J,01 October 2023,31 October 2023
642551,FFF,2014J,01 October 2023,31 October 2023
642560,FFF,2014J,01 October 2023,31 October 2023
642626,FFF,2014J,01 October 2023,31 October 2023
642730,FFF,2014J,01 October 2023,31 October 2023
642740,FFF,2014J,01 October 2023,31 October 2023
642750,FFF,2014J,01 October 2023,31 October 2023
642840,FFF,2014J,01 October 2023,31 October 2023
642843,FFF,2014J,01 October 2023,31 October 2023
642872,FFF,2014J,01 October 2023,31 October 2023
642909,FFF,2014J,01 October 2023,31 October 2023
642939,FFF,2014J,01 October 2023,31 October 2023
643024,FFF,2014J,01 October 2023,31 October 2023
643069,FFF,2014J,01 October 2023,31 October 2023
643202,FFF,2014J,01 October 2023,31 October 2023
643220,FFF,2014J,01 October 2023,31 October 2023
643273,FFF,2014J,01 October 2023,31 October 2023
643326,FFF,2014J,01 October 2023,31 October 2023
643372,FFF,2014J,01 October 2023,31 October 2023
643379,FFF,2014J,01 October 2023,31 October 2023
643455,FFF,2014J,01 October 2023,31 October 2023
643466,FFF,2014J,01 October 2023,31 October 2023
643477,FFF,2014J,01 October 2023,31 October 2023
643496,FFF,2014J,01 October 2023,31 October 2023
643502,FFF,2014J,01 October 2023,31 October 2023
643591,FFF,2014J,01 October 2023,31 October 2023
643653,FFF,2014J,01 October 2023,31 October 2023
643696,FFF,2014J,01 October 2023,31 October 2023
643751,FFF,2014J,01 October 2023,31 October 2023
643754,FFF,2014J,01 October 2023,31 October 2023
644025,FFF,2014J,01 October 2023,31 October 2023
644210,FFF,2014J,01 October 2023,31 October 2023
644303,FFF,2014J,01 October 2023,31 October 2023
644343,FFF,2014J,01 October 2023,31 October 2023
644361,FFF,2014J,01 October 2023,31 October 2023
644430,FFF,2014J,01 October 2023,31 October 2023
644450,FFF,2014J,01 October 2023,31 October 2023
644508,FFF,2014J,01 October 2023,31 October 2023
644761,FFF,2014J,01 October 2023,31 October 2023
644784,FFF,2014J,01 October 2023,31 October 2023
644791,FFF,2014J,01 October 2023,31 October 2023
644818,FFF,2014J,01 October 2023,31 October 2023
644834,FFF,2014J,01 October 2023,31 October 2023
644847,FFF,2014J,01 October 2023,31 October 2023
644871,FFF,2014J,01 October 2023,31 October 2023
644885,FFF,2014J,01 October 2023,31 October 2023
644934,FFF,2014J,01 October 2023,31 October 2023
644936,FFF,2014J,01 October 2023,31 October 2023
644967,FFF,2014J,01 October 2023,31 October 2023
645003,FFF,2014J,01 October 2023,31 October 2023
645020,FFF,2014J,01 October 2023,31 October 2023
645078,FFF,2014J,01 October 2023,31 October 2023
645145,FFF,2014J,01 October 2023,31 October 2023
645194,FFF,2014J,01 October 2023,31 October 2023
645366,FFF,2014J,01 October 2023,31 October 2023
645401,FFF,2014J,01 October 2023,31 October 2023
645405,FFF,2014J,01 October 2023,31 October 2023
645407,FFF,2014J,01 October 2023,31 October 2023
645433,FFF,2014J,01 October 2023,31 October 2023
645496,FFF,2014J,01 October 2023,31 October 2023
645518,FFF,2014J,01 October 2023,31 October 2023
645529,FFF,2014J,01 October 2023,31 October 2023
645618,FFF,2014J,01 October 2023,31 October 2023
645638,FFF,2014J,01 October 2023,31 October 2023
645705,FFF,2014J,01 October 2023,31 October 2023
645732,FFF,2014J,01 October 2023,31 October 2023
645784,FFF,2014J,01 October 2023,31 October 2023
645787,FFF,2014J,01 October 2023,31 October 2023
645790,FFF,2014J,01 October 2023,31 October 2023
645800,FFF,2014J,01 October 2023,31 October 2023
645840,FFF,2014J,01 October 2023,31 October 2023
645880,FFF,2014J,01 October 2023,31 October 2023
645960,FFF,2014J,01 October 2023,31 October 2023
645997,FFF,2014J,01 October 2023,31 October 2023
646015,FFF,2014J,01 October 2023,31 October 2023
646017,FFF,2014J,01 October 2023,31 October 2023
646053,FFF,2014J,01 October 2023,31 October 2023
646074,FFF,2014J,01 October 2023,31 October 2023
646083,FFF,2014J,01 October 2023,31 October 2023
646085,FFF,2014J,01 October 2023,31 October 2023
646091,FFF,2014J,01 October 2023,31 October 2023
646120,FFF,2014J,01 October 2023,31 October 2023
646138,FFF,2014J,01 October 2023,31 October 2023
646313,FFF,2014J,01 October 2023,31 October 2023
646357,FFF,2014J,01 October 2023,31 October 2023
646402,FFF,2014J,01 October 2023,31 October 2023
646460,FFF,2014J,01 October 2023,31 October 2023
646498,FFF,2014J,01 October 2023,31 October 2023
646539,FFF,2014J,01 October 2023,31 October 2023
646540,FFF,2014J,01 October 2023,31 October 2023
646551,FFF,2014J,01 October 2023,31 October 2023
646613,FFF,2014J,01 October 2023,31 October 2023
646638,FFF,2014J,01 October 2023,31 October 2023
646670,FFF,2014J,01 October 2023,31 October 2023
646734,FFF,2014J,01 October 2023,31 October 2023
646742,FFF,2014J,01 October 2023,31 October 2023
646750,FFF,2014J,01 October 2023,31 October 2023
646778,FFF,2014J,01 October 2023,31 October 2023
646807,FFF,2014J,01 October 2023,31 October 2023
646972,FFF,2014J,01 October 2023,31 October 2023
646990,FFF,2014J,01 October 2023,31 October 2023
647005,FFF,2014J,01 October 2023,31 October 2023
647033,FFF,2014J,01 October 2023,31 October 2023
647040,FFF,2014J,01 October 2023,31 October 2023
647045,FFF,2014J,01 October 2023,31 October 2023
647072,FFF,2014J,01 October 2023,31 October 2023
647111,FFF,2014J,01 October 2023,31 October 2023
647154,FFF,2014J,01 October 2023,31 October 2023
647169,FFF,2014J,01 October 2023,31 October 2023
647171,FFF,2014J,01 October 2023,31 October 2023
647194,FFF,2014J,01 October 2023,31 October 2023
647210,FFF,2014J,01 October 2023,31 October 2023
647245,FFF,2014J,01 October 2023,31 October 2023
647284,FFF,2014J,01 October 2023,31 October 2023
647320,FFF,2014J,01 October 2023,31 October 2023
647321,FFF,2014J,01 October 2023,31 October 2023
647324,FFF,2014J,01 October 2023,31 October 2023
647339,FFF,2014J,01 October 2023,31 October 2023
647348,FFF,2014J,01 October 2023,31 October 2023
647398,FFF,2014J,01 October 2023,31 October 2023
647399,FFF,2014J,01 October 2023,31 October 2023
647425,FFF,2014J,01 October 2023,31 October 2023
647485,FFF,2014J,01 October 2023,31 October 2023
647496,FFF,2014J,01 October 2023,31 October 2023
647525,FFF,2014J,01 October 2023,31 October 2023
647594,FFF,2014J,01 October 2023,31 October 2023
647598,FFF,2014J,01 October 2023,31 October 2023
647765,FFF,2014J,01 October 2023,31 October 2023
647784,FFF,2014J,01 October 2023,31 October 2023
647799,FFF,2014J,01 October 2023,31 October 2023
647841,FFF,2014J,01 October 2023,31 October 2023
647898,FFF,2014J,01 October 2023,31 October 2023
647910,FFF,2014J,01 October 2023,31 October 2023
647915,FFF,2014J,01 October 2023,31 October 2023
647945,FFF,2014J,01 October 2023,31 October 2023
647987,FFF,2014J,01 October 2023,31 October 2023
648027,FFF,2014J,01 October 2023,31 October 2023
648037,FFF,2014J,01 October 2023,31 October 2023
648038,FFF,2014J,01 October 2023,31 October 2023
648040,FFF,2014J,01 October 2023,31 October 2023
648086,FFF,2014J,01 October 2023,31 October 2023
648105,FFF,2014J,01 October 2023,31 October 2023
648114,FFF,2014J,01 October 2023,31 October 2023
648116,FFF,2014J,01 October 2023,31 October 2023
648118,FFF,2014J,01 October 2023,31 October 2023
648137,FFF,2014J,01 October 2023,31 October 2023
648190,FFF,2014J,01 October 2023,31 October 2023
648244,FFF,2014J,01 October 2023,31 October 2023
648254,FFF,2014J,01 October 2023,31 October 2023
648287,FFF,2014J,01 October 2023,31 October 2023
648348,FFF,2014J,01 October 2023,31 October 2023
648353,FFF,2014J,01 October 2023,31 October 2023
648365,FFF,2014J,01 October 2023,31 October 2023
648366,FFF,2014J,01 October 2023,31 October 2023
648373,FFF,2014J,01 October 2023,31 October 2023
648455,FFF,2014J,01 October 2023,31 October 2023
648457,FFF,2014J,01 October 2023,31 October 2023
648470,FFF,2014J,01 October 2023,31 October 2023
648508,FFF,2014J,01 October 2023,31 October 2023
648515,FFF,2014J,01 October 2023,31 October 2023
648531,FFF,2014J,01 October 2023,31 October 2023
648546,FFF,2014J,01 October 2023,31 October 2023
648564,FFF,2014J,01 October 2023,31 October 2023
648571,FFF,2014J,01 October 2023,31 October 2023
648576,FFF,2014J,01 October 2023,31 October 2023
648611,FFF,2014J,01 October 2023,31 October 2023
648613,FFF,2014J,01 October 2023,31 October 2023
648650,FFF,2014J,01 October 2023,31 October 2023
648661,FFF,2014J,01 October 2023,31 October 2023
648667,FFF,2014J,01 October 2023,31 October 2023
648685,FFF,2014J,01 October 2023,31 October 2023
648698,FFF,2014J,01 October 2023,31 October 2023
648725,FFF,2014J,01 October 2023,31 October 2023
648804,FFF,2014J,01 October 2023,31 October 2023
648815,FFF,2014J,01 October 2023,31 October 2023
648840,FFF,2014J,01 October 2023,31 October 2023
648863,FFF,2014J,01 October 2023,31 October 2023
648867,FFF,2014J,01 October 2023,31 October 2023
648903,FFF,2014J,01 October 2023,31 October 2023
648927,FFF,2014J,01 October 2023,31 October 2023
648930,FFF,2014J,01 October 2023,31 October 2023
648972,FFF,2014J,01 October 2023,31 October 2023
648995,FFF,2014J,01 October 2023,31 October 2023
649004,FFF,2014J,01 October 2023,31 October 2023
649009,FFF,2014J,01 October 2023,31 October 2023
649020,FFF,2014J,01 October 2023,31 October 2023
649028,FFF,2014J,01 October 2023,31 October 2023
649036,FFF,2014J,01 October 2023,31 October 2023
649079,FFF,2014J,01 October 2023,31 October 2023
649084,FFF,2014J,01 October 2023,31 October 2023
649093,FFF,2014J,01 October 2023,31 October 2023
649118,FFF,2014J,01 October 2023,31 October 2023
649147,FFF,2014J,01 October 2023,31 October 2023
649159,FFF,2014J,01 October 2023,31 October 2023
649161,FFF,2014J,01 October 2023,31 October 2023
649165,FFF,2014J,01 October 2023,31 October 2023
649207,FFF,2014J,01 October 2023,31 October 2023
649212,FFF,2014J,01 October 2023,31 October 2023
649258,FFF,2014J,01 October 2023,31 October 2023
649284,FFF,2014J,01 October 2023,31 October 2023
649325,FFF,2014J,01 October 2023,31 October 2023
649336,FFF,2014J,01 October 2023,31 October 2023
649379,FFF,2014J,01 October 2023,31 October 2023
649385,FFF,2014J,01 October 2023,31 October 2023
649389,FFF,2014J,01 October 2023,31 October 2023
649400,FFF,2014J,01 October 2023,31 October 2023
649434,FFF,2014J,01 October 2023,31 October 2023
649435,FFF,2014J,01 October 2023,31 October 2023
649457,FFF,2014J,01 October 2023,31 October 2023
649469,FFF,2014J,01 October 2023,31 October 2023
649547,FFF,2014J,01 October 2023,31 October 2023
649555,FFF,2014J,01 October 2023,31 October 2023
649566,FFF,2014J,01 October 2023,31 October 2023
649580,FFF,2014J,01 October 2023,31 October 2023
649619,FFF,2014J,01 October 2023,31 October 2023
649735,FFF,2014J,01 October 2023,31 October 2023
649764,FFF,2014J,01 October 2023,31 October 2023
649806,FFF,2014J,01 October 2023,31 October 2023
649849,FFF,2014J,01 October 2023,31 October 2023
649891,FFF,2014J,01 October 2023,31 October 2023
649926,FFF,2014J,01 October 2023,31 October 2023
649952,FFF,2014J,01 October 2023,31 October 2023
649954,FFF,2014J,01 October 2023,31 October 2023
649979,FFF,2014J,01 October 2023,31 October 2023
650031,FFF,2014J,01 October 2023,31 October 2023
650048,FFF,2014J,01 October 2023,31 October 2023
650052,FFF,2014J,01 October 2023,31 October 2023
650054,FFF,2014J,01 October 2023,31 October 2023
650108,FFF,2014J,01 October 2023,31 October 2023
650123,FFF,2014J,01 October 2023,31 October 2023
650148,FFF,2014J,01 October 2023,31 October 2023
650160,FFF,2014J,01 October 2023,31 October 2023
650170,FFF,2014J,01 October 2023,31 October 2023
650180,FFF,2014J,01 October 2023,31 October 2023
650251,FFF,2014J,01 October 2023,31 October 2023
650285,FFF,2014J,01 October 2023,31 October 2023
650287,FFF,2014J,01 October 2023,31 October 2023
650321,FFF,2014J,01 October 2023,31 October 2023
650353,FFF,2014J,01 October 2023,31 October 2023
650363,FFF,2014J,01 October 2023,31 October 2023
650398,FFF,2014J,01 October 2023,31 October 2023
650400,FFF,2014J,01 October 2023,31 October 2023
650461,FFF,2014J,01 October 2023,31 October 2023
650464,FFF,2014J,01 October 2023,31 October 2023
650469,FFF,2014J,01 October 2023,31 October 2023
650473,FFF,2014J,01 October 2023,31 October 2023
650543,FFF,2014J,01 October 2023,31 October 2023
650570,FFF,2014J,01 October 2023,31 October 2023
650637,FFF,2014J,01 October 2023,31 October 2023
650682,FFF,2014J,01 October 2023,31 October 2023
650716,FFF,2014J,01 October 2023,31 October 2023
650717,FFF,2014J,01 October 2023,31 October 2023
650758,FFF,2014J,01 October 2023,31 October 2023
650791,FFF,2014J,01 October 2023,31 October 2023
650861,FFF,2014J,01 October 2023,31 October 2023
650866,FFF,2014J,01 October 2023,31 October 2023
650923,FFF,2014J,01 October 2023,31 October 2023
650952,FFF,2014J,01 October 2023,31 October 2023
650960,FFF,2014J,01 October 2023,31 October 2023
651040,FFF,2014J,01 October 2023,31 October 2023
651121,FFF,2014J,01 October 2023,31 October 2023
651126,FFF,2014J,01 October 2023,31 October 2023
651182,FFF,2014J,01 October 2023,31 October 2023
651200,FFF,2014J,01 October 2023,31 October 2023
651238,FFF,2014J,01 October 2023,31 October 2023
651253,FFF,2014J,01 October 2023,31 October 2023
651255,FFF,2014J,01 October 2023,31 October 2023
651330,FFF,2014J,01 October 2023,31 October 2023
651334,FFF,2014J,01 October 2023,31 October 2023
651351,FFF,2014J,01 October 2023,31 October 2023
651354,FFF,2014J,01 October 2023,31 October 2023
651381,FFF,2014J,01 October 2023,31 October 2023
651398,FFF,2014J,01 October 2023,31 October 2023
651419,FFF,2014J,01 October 2023,31 October 2023
651473,FFF,2014J,01 October 2023,31 October 2023
651478,FFF,2014J,01 October 2023,31 October 2023
651498,FFF,2014J,01 October 2023,31 October 2023
651555,FFF,2014J,01 October 2023,31 October 2023
651598,FFF,2014J,01 October 2023,31 October 2023
651608,FFF,2014J,01 October 2023,31 October 2023
651611,FFF,2014J,01 October 2023,31 October 2023
651639,FFF,2014J,01 October 2023,31 October 2023
651693,FFF,2014J,01 October 2023,31 October 2023
651697,FFF,2014J,01 October 2023,31 October 2023
651879,FFF,2014J,01 October 2023,31 October 2023
651881,FFF,2014J,01 October 2023,31 October 2023
651886,FFF,2014J,01 October 2023,31 October 2023
651927,FFF,2014J,01 October 2023,31 October 2023
651972,FFF,2014J,01 October 2023,31 October 2023
651990,FFF,2014J,01 October 2023,31 October 2023
652008,FFF,2014J,01 October 2023,31 October 2023
652025,FFF,2014J,01 October 2023,31 October 2023
652064,FFF,2014J,01 October 2023,31 October 2023
652087,FFF,2014J,01 October 2023,31 October 2023
652311,FFF,2014J,01 October 2023,31 October 2023
652333,FFF,2014J,01 October 2023,31 October 2023
652335,FFF,2014J,01 October 2023,31 October 2023
652336,FFF,2014J,01 October 2023,31 October 2023
652438,FFF,2014J,01 October 2023,31 October 2023
652569,FFF,2014J,01 October 2023,31 October 2023
652576,FFF,2014J,01 October 2023,31 October 2023
652593,FFF,2014J,01 October 2023,31 October 2023
652625,FFF,2014J,01 October 2023,31 October 2023
652647,FFF,2014J,01 October 2023,31 October 2023
652659,FFF,2014J,01 October 2023,31 October 2023
652664,FFF,2014J,01 October 2023,31 October 2023
652672,FFF,2014J,01 October 2023,31 October 2023
652684,FFF,2014J,01 October 2023,31 October 2023
652706,FFF,2014J,01 October 2023,31 October 2023
652711,FFF,2014J,01 October 2023,31 October 2023
652752,FFF,2014J,01 October 2023,31 October 2023
652753,FFF,2014J,01 October 2023,31 October 2023
652769,FFF,2014J,01 October 2023,31 October 2023
652788,FFF,2014J,01 October 2023,31 October 2023
652801,FFF,2014J,01 October 2023,31 October 2023
652824,FFF,2014J,01 October 2023,31 October 2023
652832,FFF,2014J,01 October 2023,31 October 2023
652887,FFF,2014J,01 October 2023,31 October 2023
652890,FFF,2014J,01 October 2023,31 October 2023
652898,FFF,2014J,01 October 2023,31 October 2023
652998,FFF,2014J,01 October 2023,31 October 2023
653045,FFF,2014J,01 October 2023,31 October 2023
653144,FFF,2014J,01 October 2023,31 October 2023
653174,FFF,2014J,01 October 2023,31 October 2023
653183,FFF,2014J,01 October 2023,31 October 2023
653206,FFF,2014J,01 October 2023,31 October 2023
653255,FFF,2014J,01 October 2023,31 October 2023
653297,FFF,2014J,01 October 2023,31 October 2023
653301,FFF,2014J,01 October 2023,31 October 2023
653336,FFF,2014J,01 October 2023,31 October 2023
653356,FFF,2014J,01 October 2023,31 October 2023
653372,FFF,2014J,01 October 2023,31 October 2023
653381,FFF,2014J,01 October 2023,31 October 2023
653417,FFF,2014J,01 October 2023,31 October 2023
653536,FFF,2014J,01 October 2023,31 October 2023
653558,FFF,2014J,01 October 2023,31 October 2023
653567,FFF,2014J,01 October 2023,31 October 2023
653595,FFF,2014J,01 October 2023,31 October 2023
653616,FFF,2014J,01 October 2023,31 October 2023
653653,FFF,2014J,01 October 2023,31 October 2023
653659,FFF,2014J,01 October 2023,31 October 2023
653747,FFF,2014J,01 October 2023,31 October 2023
653773,FFF,2014J,01 October 2023,31 October 2023
653797,FFF,2014J,01 October 2023,31 October 2023
653841,FFF,2014J,01 October 2023,31 October 2023
653846,FFF,2014J,01 October 2023,31 October 2023
653848,FFF,2014J,01 October 2023,31 October 2023
653854,FFF,2014J,01 October 2023,31 October 2023
653857,FFF,2014J,01 October 2023,31 October 2023
653988,FFF,2014J,01 October 2023,31 October 2023
654045,FFF,2014J,01 October 2023,31 October 2023
654048,FFF,2014J,01 October 2023,31 October 2023
654094,FFF,2014J,01 October 2023,31 October 2023
654112,FFF,2014J,01 October 2023,31 October 2023
654169,FFF,2014J,01 October 2023,31 October 2023
654217,FFF,2014J,01 October 2023,31 October 2023
654228,FFF,2014J,01 October 2023,31 October 2023
654236,FFF,2014J,01 October 2023,31 October 2023
654260,FFF,2014J,01 October 2023,31 October 2023
654289,FFF,2014J,01 October 2023,31 October 2023
654338,FFF,2014J,01 October 2023,31 October 2023
654339,FFF,2014J,01 October 2023,31 October 2023
654351,FFF,2014J,01 October 2023,31 October 2023
654432,FFF,2014J,01 October 2023,31 October 2023
654441,FFF,2014J,01 October 2023,31 October 2023
654563,FFF,2014J,01 October 2023,31 October 2023
654565,FFF,2014J,01 October 2023,31 October 2023
654578,FFF,2014J,01 October 2023,31 October 2023
654597,FFF,2014J,01 October 2023,31 October 2023
654619,FFF,2014J,01 October 2023,31 October 2023
654620,FFF,2014J,01 October 2023,31 October 2023
654677,FFF,2014J,01 October 2023,31 October 2023
654684,FFF,2014J,01 October 2023,31 October 2023
654692,FFF,2014J,01 October 2023,31 October 2023
654698,FFF,2014J,01 October 2023,31 October 2023
654732,FFF,2014J,01 October 2023,31 October 2023
654738,FFF,2014J,01 October 2023,31 October 2023
654816,FFF,2014J,01 October 2023,31 October 2023
654819,FFF,2014J,01 October 2023,31 October 2023
654824,FFF,2014J,01 October 2023,31 October 2023
654834,FFF,2014J,01 October 2023,31 October 2023
654852,FFF,2014J,01 October 2023,31 October 2023
654867,FFF,2014J,01 October 2023,31 October 2023
654943,FFF,2014J,01 October 2023,31 October 2023
654947,FFF,2014J,01 October 2023,31 October 2023
655028,FFF,2014J,01 October 2023,31 October 2023
655088,FFF,2014J,01 October 2023,31 October 2023
655113,FFF,2014J,01 October 2023,31 October 2023
655115,FFF,2014J,01 October 2023,31 October 2023
655124,FFF,2014J,01 October 2023,31 October 2023
655127,FFF,2014J,01 October 2023,31 October 2023
655386,FFF,2014J,01 October 2023,31 October 2023
655402,FFF,2014J,01 October 2023,31 October 2023
655412,FFF,2014J,01 October 2023,31 October 2023
655416,FFF,2014J,01 October 2023,31 October 2023
655417,FFF,2014J,01 October 2023,31 October 2023
655445,FFF,2014J,01 October 2023,31 October 2023
655492,FFF,2014J,01 October 2023,31 October 2023
655569,FFF,2014J,01 October 2023,31 October 2023
655629,FFF,2014J,01 October 2023,31 October 2023
655720,FFF,2014J,01 October 2023,31 October 2023
655747,FFF,2014J,01 October 2023,31 October 2023
655796,FFF,2014J,01 October 2023,31 October 2023
655852,FFF,2014J,01 October 2023,31 October 2023
655981,FFF,2014J,01 October 2023,31 October 2023
656029,FFF,2014J,01 October 2023,31 October 2023
656065,FFF,2014J,01 October 2023,31 October 2023
656086,FFF,2014J,01 October 2023,31 October 2023
656092,FFF,2014J,01 October 2023,31 October 2023
656102,FFF,2014J,01 October 2023,31 October 2023
656107,FFF,2014J,01 October 2023,31 October 2023
656131,FFF,2014J,01 October 2023,31 October 2023
656145,FFF,2014J,01 October 2023,31 October 2023
656150,FFF,2014J,01 October 2023,31 October 2023
656158,FFF,2014J,01 October 2023,31 October 2023
656159,FFF,2014J,01 October 2023,31 October 2023
656165,FFF,2014J,01 October 2023,31 October 2023
656234,FFF,2014J,01 October 2023,31 October 2023
656323,FFF,2014J,01 October 2023,31 October 2023
656353,FFF,2014J,01 October 2023,31 October 2023
656360,FFF,2014J,01 October 2023,31 October 2023
656414,FFF,2014J,01 October 2023,31 October 2023
656436,FFF,2014J,01 October 2023,31 October 2023
656441,FFF,2014J,01 October 2023,31 October 2023
656510,FFF,2014J,01 October 2023,31 October 2023
656512,FFF,2014J,01 October 2023,31 October 2023
656519,FFF,2014J,01 October 2023,31 October 2023
656529,FFF,2014J,01 October 2023,31 October 2023
656565,FFF,2014J,01 October 2023,31 October 2023
656579,FFF,2014J,01 October 2023,31 October 2023
656599,FFF,2014J,01 October 2023,31 October 2023
656607,FFF,2014J,01 October 2023,31 October 2023
656622,FFF,2014J,01 October 2023,31 October 2023
656651,FFF,2014J,01 October 2023,31 October 2023
656677,FFF,2014J,01 October 2023,31 October 2023
656693,FFF,2014J,01 October 2023,31 October 2023
656734,FFF,2014J,01 October 2023,31 October 2023
656791,FFF,2014J,01 October 2023,31 October 2023
656800,FFF,2014J,01 October 2023,31 October 2023
656882,FFF,2014J,01 October 2023,31 October 2023
656988,FFF,2014J,01 October 2023,31 October 2023
656996,FFF,2014J,01 October 2023,31 October 2023
657118,FFF,2014J,01 October 2023,31 October 2023
657181,FFF,2014J,01 October 2023,31 October 2023
657184,FFF,2014J,01 October 2023,31 October 2023
657220,FFF,2014J,01 October 2023,31 October 2023
657330,FFF,2014J,01 October 2023,31 October 2023
657344,FFF,2014J,01 October 2023,31 October 2023
674222,FFF,2014J,01 October 2023,31 October 2023
674226,FFF,2014J,01 October 2023,31 October 2023
674236,FFF,2014J,01 October 2023,31 October 2023
674260,FFF,2014J,01 October 2023,31 October 2023
674261,FFF,2014J,01 October 2023,31 October 2023
674262,FFF,2014J,01 October 2023,31 October 2023
674320,FFF,2014J,01 October 2023,31 October 2023
674387,FFF,2014J,01 October 2023,31 October 2023
674406,FFF,2014J,01 October 2023,31 October 2023
674451,FFF,2014J,01 October 2023,31 October 2023
674478,FFF,2014J,01 October 2023,31 October 2023
674484,FFF,2014J,01 October 2023,31 October 2023
674509,FFF,2014J,01 October 2023,31 October 2023
674584,FFF,2014J,01 October 2023,31 October 2023
674594,FFF,2014J,01 October 2023,31 October 2023
674617,FFF,2014J,01 October 2023,31 October 2023
674644,FFF,2014J,01 October 2023,31 October 2023
674657,FFF,2014J,01 October 2023,31 October 2023
674671,FFF,2014J,01 October 2023,31 October 2023
674691,FFF,2014J,01 October 2023,31 October 2023
674694,FFF,2014J,01 October 2023,31 October 2023
674751,FFF,2014J,01 October 2023,31 October 2023
674764,FFF,2014J,01 October 2023,31 October 2023
674831,FFF,2014J,01 October 2023,31 October 2023
674870,FFF,2014J,01 October 2023,31 October 2023
674911,FFF,2014J,01 October 2023,31 October 2023
674921,FFF,2014J,01 October 2023,31 October 2023
674935,FFF,2014J,01 October 2023,31 October 2023
674970,FFF,2014J,01 October 2023,31 October 2023
675002,FFF,2014J,01 October 2023,31 October 2023
675021,FFF,2014J,01 October 2023,31 October 2023
675046,FFF,2014J,01 October 2023,31 October 2023
675127,FFF,2014J,01 October 2023,31 October 2023
675193,FFF,2014J,01 October 2023,31 October 2023
675225,FFF,2014J,01 October 2023,31 October 2023
675233,FFF,2014J,01 October 2023,31 October 2023
675261,FFF,2014J,01 October 2023,31 October 2023
675273,FFF,2014J,01 October 2023,31 October 2023
675279,FFF,2014J,01 October 2023,31 October 2023
675315,FFF,2014J,01 October 2023,31 October 2023
675328,FFF,2014J,01 October 2023,31 October 2023
675474,FFF,2014J,01 October 2023,31 October 2023
675486,FFF,2014J,01 October 2023,31 October 2023
675514,FFF,2014J,01 October 2023,31 October 2023
675566,FFF,2014J,01 October 2023,31 October 2023
675577,FFF,2014J,01 October 2023,31 October 2023
675613,FFF,2014J,01 October 2023,31 October 2023
675636,FFF,2014J,01 October 2023,31 October 2023
675669,FFF,2014J,01 October 2023,31 October 2023
675710,FFF,2014J,01 October 2023,31 October 2023
675818,FFF,2014J,01 October 2023,31 October 2023
675824,FFF,2014J,01 October 2023,31 October 2023
675829,FFF,2014J,01 October 2023,31 October 2023
675843,FFF,2014J,01 October 2023,31 October 2023
675947,FFF,2014J,01 October 2023,31 October 2023
675989,FFF,2014J,01 October 2023,31 October 2023
676007,FFF,2014J,01 October 2023,31 October 2023
676040,FFF,2014J,01 October 2023,31 October 2023
676064,FFF,2014J,01 October 2023,31 October 2023
676103,FFF,2014J,01 October 2023,31 October 2023
676128,FFF,2014J,01 October 2023,31 October 2023
676139,FFF,2014J,01 October 2023,31 October 2023
676190,FFF,2014J,01 October 2023,31 October 2023
676194,FFF,2014J,01 October 2023,31 October 2023
676265,FFF,2014J,01 October 2023,31 October 2023
676272,FFF,2014J,01 October 2023,31 October 2023
676303,FFF,2014J,01 October 2023,31 October 2023
676320,FFF,2014J,01 October 2023,31 October 2023
676324,FFF,2014J,01 October 2023,31 October 2023
676378,FFF,2014J,01 October 2023,31 October 2023
676444,FFF,2014J,01 October 2023,31 October 2023
676458,FFF,2014J,01 October 2023,31 October 2023
676459,FFF,2014J,01 October 2023,31 October 2023
676478,FFF,2014J,01 October 2023,31 October 2023
676492,FFF,2014J,01 October 2023,31 October 2023
676600,FFF,2014J,01 October 2023,31 October 2023
676610,FFF,2014J,01 October 2023,31 October 2023
676626,FFF,2014J,01 October 2023,31 October 2023
676627,FFF,2014J,01 October 2023,31 October 2023
676866,FFF,2014J,01 October 2023,31 October 2023
676882,FFF,2014J,01 October 2023,31 October 2023
676930,FFF,2014J,01 October 2023,31 October 2023
677027,FFF,2014J,01 October 2023,31 October 2023
677081,FFF,2014J,01 October 2023,31 October 2023
677111,FFF,2014J,01 October 2023,31 October 2023
677138,FFF,2014J,01 October 2023,31 October 2023
677155,FFF,2014J,01 October 2023,31 October 2023
677167,FFF,2014J,01 October 2023,31 October 2023
677206,FFF,2014J,01 October 2023,31 October 2023
677221,FFF,2014J,01 October 2023,31 October 2023
677235,FFF,2014J,01 October 2023,31 October 2023
677327,FFF,2014J,01 October 2023,31 October 2023
677369,FFF,2014J,01 October 2023,31 October 2023
677400,FFF,2014J,01 October 2023,31 October 2023
677436,FFF,2014J,01 October 2023,31 October 2023
677456,FFF,2014J,01 October 2023,31 October 2023
677486,FFF,2014J,01 October 2023,31 October 2023
677546,FFF,2014J,01 October 2023,31 October 2023
677582,FFF,2014J,01 October 2023,31 October 2023
677608,FFF,2014J,01 October 2023,31 October 2023
677643,FFF,2014J,01 October 2023,31 October 2023
677655,FFF,2014J,01 October 2023,31 October 2023
677687,FFF,2014J,01 October 2023,31 October 2023
677701,FFF,2014J,01 October 2023,31 October 2023
677748,FFF,2014J,01 October 2023,31 October 2023
677767,FFF,2014J,01 October 2023,31 October 2023
677782,FFF,2014J,01 October 2023,31 October 2023
677828,FFF,2014J,01 October 2023,31 October 2023
677833,FFF,2014J,01 October 2023,31 October 2023
677867,FFF,2014J,01 October 2023,31 October 2023
677869,FFF,2014J,01 October 2023,31 October 2023
678005,FFF,2014J,01 October 2023,31 October 2023
678044,FFF,2014J,01 October 2023,31 October 2023
678127,FFF,2014J,01 October 2023,31 October 2023
678235,FFF,2014J,01 October 2023,31 October 2023
678270,FFF,2014J,01 October 2023,31 October 2023
678287,FFF,2014J,01 October 2023,31 October 2023
678346,FFF,2014J,01 October 2023,31 October 2023
678381,FFF,2014J,01 October 2023,31 October 2023
678397,FFF,2014J,01 October 2023,31 October 2023
678407,FFF,2014J,01 October 2023,31 October 2023
678452,FFF,2014J,01 October 2023,31 October 2023
678528,FFF,2014J,01 October 2023,31 October 2023
678619,FFF,2014J,01 October 2023,31 October 2023
678628,FFF,2014J,01 October 2023,31 October 2023
678639,FFF,2014J,01 October 2023,31 October 2023
678659,FFF,2014J,01 October 2023,31 October 2023
678769,FFF,2014J,01 October 2023,31 October 2023
678819,FFF,2014J,01 October 2023,31 October 2023
678831,FFF,2014J,01 October 2023,31 October 2023
678859,FFF,2014J,01 October 2023,31 October 2023
678877,FFF,2014J,01 October 2023,31 October 2023
678946,FFF,2014J,01 October 2023,31 October 2023
678954,FFF,2014J,01 October 2023,31 October 2023
679019,FFF,2014J,01 October 2023,31 October 2023
679036,FFF,2014J,01 October 2023,31 October 2023
679111,FFF,2014J,01 October 2023,31 October 2023
679119,FFF,2014J,01 October 2023,31 October 2023
679189,FFF,2014J,01 October 2023,31 October 2023
679227,FFF,2014J,01 October 2023,31 October 2023
679237,FFF,2014J,01 October 2023,31 October 2023
679251,FFF,2014J,01 October 2023,31 October 2023
679262,FFF,2014J,01 October 2023,31 October 2023
679269,FFF,2014J,01 October 2023,31 October 2023
679278,FFF,2014J,01 October 2023,31 October 2023
679337,FFF,2014J,01 October 2023,31 October 2023
679342,FFF,2014J,01 October 2023,31 October 2023
679384,FFF,2014J,01 October 2023,31 October 2023
679402,FFF,2014J,01 October 2023,31 October 2023
679445,FFF,2014J,01 October 2023,31 October 2023
679448,FFF,2014J,01 October 2023,31 October 2023
679498,FFF,2014J,01 October 2023,31 October 2023
679502,FFF,2014J,01 October 2023,31 October 2023
679509,FFF,2014J,01 October 2023,31 October 2023
679594,FFF,2014J,01 October 2023,31 October 2023
679676,FFF,2014J,01 October 2023,31 October 2023
679688,FFF,2014J,01 October 2023,31 October 2023
679749,FFF,2014J,01 October 2023,31 October 2023
679788,FFF,2014J,01 October 2023,31 October 2023
679790,FFF,2014J,01 October 2023,31 October 2023
679938,FFF,2014J,01 October 2023,31 October 2023
679949,FFF,2014J,01 October 2023,31 October 2023
680014,FFF,2014J,01 October 2023,31 October 2023
680018,FFF,2014J,01 October 2023,31 October 2023
680072,FFF,2014J,01 October 2023,31 October 2023
680080,FFF,2014J,01 October 2023,31 October 2023
680212,FFF,2014J,01 October 2023,31 October 2023
680231,FFF,2014J,01 October 2023,31 October 2023
680255,FFF,2014J,01 October 2023,31 October 2023
680266,FFF,2014J,01 October 2023,31 October 2023
680270,FFF,2014J,01 October 2023,31 October 2023
680273,FFF,2014J,01 October 2023,31 October 2023
680312,FFF,2014J,01 October 2023,31 October 2023
680322,FFF,2014J,01 October 2023,31 October 2023
680343,FFF,2014J,01 October 2023,31 October 2023
680348,FFF,2014J,01 October 2023,31 October 2023
680349,FFF,2014J,01 October 2023,31 October 2023
680374,FFF,2014J,01 October 2023,31 October 2023
680410,FFF,2014J,01 October 2023,31 October 2023
680443,FFF,2014J,01 October 2023,31 October 2023
680464,FFF,2014J,01 October 2023,31 October 2023
680506,FFF,2014J,01 October 2023,31 October 2023
680517,FFF,2014J,01 October 2023,31 October 2023
680572,FFF,2014J,01 October 2023,31 October 2023
680708,FFF,2014J,01 October 2023,31 October 2023
680713,FFF,2014J,01 October 2023,31 October 2023
680714,FFF,2014J,01 October 2023,31 October 2023
680715,FFF,2014J,01 October 2023,31 October 2023
680747,FFF,2014J,01 October 2023,31 October 2023
680766,FFF,2014J,01 October 2023,31 October 2023
680775,FFF,2014J,01 October 2023,31 October 2023
680810,FFF,2014J,01 October 2023,31 October 2023
680855,FFF,2014J,01 October 2023,31 October 2023
680872,FFF,2014J,01 October 2023,31 October 2023
680912,FFF,2014J,01 October 2023,31 October 2023
680938,FFF,2014J,01 October 2023,31 October 2023
680955,FFF,2014J,01 October 2023,31 October 2023
680974,FFF,2014J,01 October 2023,31 October 2023
681004,FFF,2014J,01 October 2023,31 October 2023
681052,FFF,2014J,01 October 2023,31 October 2023
681063,FFF,2014J,01 October 2023,31 October 2023
681073,FFF,2014J,01 October 2023,31 October 2023
681120,FFF,2014J,01 October 2023,31 October 2023
681152,FFF,2014J,01 October 2023,31 October 2023
681277,FFF,2014J,01 October 2023,31 October 2023
681298,FFF,2014J,01 October 2023,31 October 2023
681328,FFF,2014J,01 October 2023,31 October 2023
681341,FFF,2014J,01 October 2023,31 October 2023
681352,FFF,2014J,01 October 2023,31 October 2023
681354,FFF,2014J,01 October 2023,31 October 2023
681393,FFF,2014J,01 October 2023,31 October 2023
681397,FFF,2014J,01 October 2023,31 October 2023
681452,FFF,2014J,01 October 2023,31 October 2023
681490,FFF,2014J,01 October 2023,31 October 2023
681608,FFF,2014J,01 October 2023,31 October 2023
681633,FFF,2014J,01 October 2023,31 October 2023
681652,FFF,2014J,01 October 2023,31 October 2023
681655,FFF,2014J,01 October 2023,31 October 2023
681658,FFF,2014J,01 October 2023,31 October 2023
681691,FFF,2014J,01 October 2023,31 October 2023
681735,FFF,2014J,01 October 2023,31 October 2023
681755,FFF,2014J,01 October 2023,31 October 2023
681763,FFF,2014J,01 October 2023,31 October 2023
681938,FFF,2014J,01 October 2023,31 October 2023
681973,FFF,2014J,01 October 2023,31 October 2023
682015,FFF,2014J,01 October 2023,31 October 2023
682019,FFF,2014J,01 October 2023,31 October 2023
682025,FFF,2014J,01 October 2023,31 October 2023
682050,FFF,2014J,01 October 2023,31 October 2023
682070,FFF,2014J,01 October 2023,31 October 2023
682098,FFF,2014J,01 October 2023,31 October 2023
682142,FFF,2014J,01 October 2023,31 October 2023
682276,FFF,2014J,01 October 2023,31 October 2023
682298,FFF,2014J,01 October 2023,31 October 2023
682358,FFF,2014J,01 October 2023,31 October 2023
682359,FFF,2014J,01 October 2023,31 October 2023
682390,FFF,2014J,01 October 2023,31 October 2023
682391,FFF,2014J,01 October 2023,31 October 2023
682436,FFF,2014J,01 October 2023,31 October 2023
682437,FFF,2014J,01 October 2023,31 October 2023
682482,FFF,2014J,01 October 2023,31 October 2023
682504,FFF,2014J,01 October 2023,31 October 2023
682505,FFF,2014J,01 October 2023,31 October 2023
682524,FFF,2014J,01 October 2023,31 October 2023
682539,FFF,2014J,01 October 2023,31 October 2023
682546,FFF,2014J,01 October 2023,31 October 2023
682578,FFF,2014J,01 October 2023,31 October 2023
682588,FFF,2014J,01 October 2023,31 October 2023
682596,FFF,2014J,01 October 2023,31 October 2023
682613,FFF,2014J,01 October 2023,31 October 2023
682617,FFF,2014J,01 October 2023,31 October 2023
682632,FFF,2014J,01 October 2023,31 October 2023
682671,FFF,2014J,01 October 2023,31 October 2023
682695,FFF,2014J,01 October 2023,31 October 2023
682719,FFF,2014J,01 October 2023,31 October 2023
682753,FFF,2014J,01 October 2023,31 October 2023
682839,FFF,2014J,01 October 2023,31 October 2023
682863,FFF,2014J,01 October 2023,31 October 2023
682894,FFF,2014J,01 October 2023,31 October 2023
682946,FFF,2014J,01 October 2023,31 October 2023
682963,FFF,2014J,01 October 2023,31 October 2023
682981,FFF,2014J,01 October 2023,31 October 2023
682982,FFF,2014J,01 October 2023,31 October 2023
682983,FFF,2014J,01 October 2023,31 October 2023
682985,FFF,2014J,01 October 2023,31 October 2023
682990,FFF,2014J,01 October 2023,31 October 2023
683033,FFF,2014J,01 October 2023,31 October 2023
683094,FFF,2014J,01 October 2023,31 October 2023
683144,FFF,2014J,01 October 2023,31 October 2023
683177,FFF,2014J,01 October 2023,31 October 2023
683178,FFF,2014J,01 October 2023,31 October 2023
683243,FFF,2014J,01 October 2023,31 October 2023
683273,FFF,2014J,01 October 2023,31 October 2023
683305,FFF,2014J,01 October 2023,31 October 2023
683323,FFF,2014J,01 October 2023,31 October 2023
683346,FFF,2014J,01 October 2023,31 October 2023
683347,FFF,2014J,01 October 2023,31 October 2023
683352,FFF,2014J,01 October 2023,31 October 2023
683353,FFF,2014J,01 October 2023,31 October 2023
683360,FFF,2014J,01 October 2023,31 October 2023
683375,FFF,2014J,01 October 2023,31 October 2023
683403,FFF,2014J,01 October 2023,31 October 2023
683427,FFF,2014J,01 October 2023,31 October 2023
683446,FFF,2014J,01 October 2023,31 October 2023
683467,FFF,2014J,01 October 2023,31 October 2023
683508,FFF,2014J,01 October 2023,31 October 2023
683530,FFF,2014J,01 October 2023,31 October 2023
683547,FFF,2014J,01 October 2023,31 October 2023
683550,FFF,2014J,01 October 2023,31 October 2023
683555,FFF,2014J,01 October 2023,31 October 2023
683576,FFF,2014J,01 October 2023,31 October 2023
683604,FFF,2014J,01 October 2023,31 October 2023
683624,FFF,2014J,01 October 2023,31 October 2023
683628,FFF,2014J,01 October 2023,31 October 2023
683642,FFF,2014J,01 October 2023,31 October 2023
683699,FFF,2014J,01 October 2023,31 October 2023
683745,FFF,2014J,01 October 2023,31 October 2023
683764,FFF,2014J,01 October 2023,31 October 2023
683772,FFF,2014J,01 October 2023,31 October 2023
683820,FFF,2014J,01 October 2023,31 October 2023
683832,FFF,2014J,01 October 2023,31 October 2023
683902,FFF,2014J,01 October 2023,31 October 2023
683934,FFF,2014J,01 October 2023,31 October 2023
684013,FFF,2014J,01 October 2023,31 October 2023
684014,FFF,2014J,01 October 2023,31 October 2023
684040,FFF,2014J,01 October 2023,31 October 2023
684075,FFF,2014J,01 October 2023,31 October 2023
684183,FFF,2014J,01 October 2023,31 October 2023
684311,FFF,2014J,01 October 2023,31 October 2023
684383,FFF,2014J,01 October 2023,31 October 2023
684386,FFF,2014J,01 October 2023,31 October 2023
684526,FFF,2014J,01 October 2023,31 October 2023
684572,FFF,2014J,01 October 2023,31 October 2023
684579,FFF,2014J,01 October 2023,31 October 2023
684592,FFF,2014J,01 October 2023,31 October 2023
684594,FFF,2014J,01 October 2023,31 October 2023
684671,FFF,2014J,01 October 2023,31 October 2023
684675,FFF,2014J,01 October 2023,31 October 2023
684676,FFF,2014J,01 October 2023,31 October 2023
684726,FFF,2014J,01 October 2023,31 October 2023
684882,FFF,2014J,01 October 2023,31 October 2023
684981,FFF,2014J,01 October 2023,31 October 2023
684983,FFF,2014J,01 October 2023,31 October 2023
685004,FFF,2014J,01 October 2023,31 October 2023
685042,FFF,2014J,01 October 2023,31 October 2023
685100,FFF,2014J,01 October 2023,31 October 2023
685105,FFF,2014J,01 October 2023,31 October 2023
685128,FFF,2014J,01 October 2023,31 October 2023
685140,FFF,2014J,01 October 2023,31 October 2023
685155,FFF,2014J,01 October 2023,31 October 2023
685192,FFF,2014J,01 October 2023,31 October 2023
685276,FFF,2014J,01 October 2023,31 October 2023
685283,FFF,2014J,01 October 2023,31 October 2023
685330,FFF,2014J,01 October 2023,31 October 2023
685333,FFF,2014J,01 October 2023,31 October 2023
685339,FFF,2014J,01 October 2023,31 October 2023
685367,FFF,2014J,01 October 2023,31 October 2023
685373,FFF,2014J,01 October 2023,31 October 2023
685378,FFF,2014J,01 October 2023,31 October 2023
685410,FFF,2014J,01 October 2023,31 October 2023
685439,FFF,2014J,01 October 2023,31 October 2023
685512,FFF,2014J,01 October 2023,31 October 2023
685565,FFF,2014J,01 October 2023,31 October 2023
685657,FFF,2014J,01 October 2023,31 October 2023
685683,FFF,2014J,01 October 2023,31 October 2023
685708,FFF,2014J,01 October 2023,31 October 2023
685772,FFF,2014J,01 October 2023,31 October 2023
685807,FFF,2014J,01 October 2023,31 October 2023
685831,FFF,2014J,01 October 2023,31 October 2023
685920,FFF,2014J,01 October 2023,31 October 2023
685928,FFF,2014J,01 October 2023,31 October 2023
685998,FFF,2014J,01 October 2023,31 October 2023
686065,FFF,2014J,01 October 2023,31 October 2023
686100,FFF,2014J,01 October 2023,31 October 2023
686164,FFF,2014J,01 October 2023,31 October 2023
686314,FFF,2014J,01 October 2023,31 October 2023
686317,FFF,2014J,01 October 2023,31 October 2023
686344,FFF,2014J,01 October 2023,31 October 2023
686348,FFF,2014J,01 October 2023,31 October 2023
686358,FFF,2014J,01 October 2023,31 October 2023
686390,FFF,2014J,01 October 2023,31 October 2023
686448,FFF,2014J,01 October 2023,31 October 2023
686458,FFF,2014J,01 October 2023,31 October 2023
686498,FFF,2014J,01 October 2023,31 October 2023
686522,FFF,2014J,01 October 2023,31 October 2023
686700,FFF,2014J,01 October 2023,31 October 2023
686705,FFF,2014J,01 October 2023,31 October 2023
686760,FFF,2014J,01 October 2023,31 October 2023
686786,FFF,2014J,01 October 2023,31 October 2023
686799,FFF,2014J,01 October 2023,31 October 2023
686852,FFF,2014J,01 October 2023,31 October 2023
686869,FFF,2014J,01 October 2023,31 October 2023
686946,FFF,2014J,01 October 2023,31 October 2023
687007,FFF,2014J,01 October 2023,31 October 2023
687033,FFF,2014J,01 October 2023,31 October 2023
687073,FFF,2014J,01 October 2023,31 October 2023
687112,FFF,2014J,01 October 2023,31 October 2023
687115,FFF,2014J,01 October 2023,31 October 2023
687288,FFF,2014J,01 October 2023,31 October 2023
687304,FFF,2014J,01 October 2023,31 October 2023
687331,FFF,2014J,01 October 2023,31 October 2023
687341,FFF,2014J,01 October 2023,31 October 2023
687351,FFF,2014J,01 October 2023,31 October 2023
687410,FFF,2014J,01 October 2023,31 October 2023
687434,FFF,2014J,01 October 2023,31 October 2023
687448,FFF,2014J,01 October 2023,31 October 2023
687468,FFF,2014J,01 October 2023,31 October 2023
687485,FFF,2014J,01 October 2023,31 October 2023
687503,FFF,2014J,01 October 2023,31 October 2023
687510,FFF,2014J,01 October 2023,31 October 2023
687511,FFF,2014J,01 October 2023,31 October 2023
687525,FFF,2014J,01 October 2023,31 October 2023
687747,FFF,2014J,01 October 2023,31 October 2023
687752,FFF,2014J,01 October 2023,31 October 2023
687795,FFF,2014J,01 October 2023,31 October 2023
687828,FFF,2014J,01 October 2023,31 October 2023
687846,FFF,2014J,01 October 2023,31 October 2023
687910,FFF,2014J,01 October 2023,31 October 2023
687930,FFF,2014J,01 October 2023,31 October 2023
687931,FFF,2014J,01 October 2023,31 October 2023
687988,FFF,2014J,01 October 2023,31 October 2023
688005,FFF,2014J,01 October 2023,31 October 2023
688008,FFF,2014J,01 October 2023,31 October 2023
688071,FFF,2014J,01 October 2023,31 October 2023
688097,FFF,2014J,01 October 2023,31 October 2023
688127,FFF,2014J,01 October 2023,31 October 2023
688136,FFF,2014J,01 October 2023,31 October 2023
688159,FFF,2014J,01 October 2023,31 October 2023
688187,FFF,2014J,01 October 2023,31 October 2023
688192,FFF,2014J,01 October 2023,31 October 2023
688203,FFF,2014J,01 October 2023,31 October 2023
688225,FFF,2014J,01 October 2023,31 October 2023
688250,FFF,2014J,01 October 2023,31 October 2023
688251,FFF,2014J,01 October 2023,31 October 2023
688265,FFF,2014J,01 October 2023,31 October 2023
688326,FFF,2014J,01 October 2023,31 October 2023
688442,FFF,2014J,01 October 2023,31 October 2023
688453,FFF,2014J,01 October 2023,31 October 2023
688470,FFF,2014J,01 October 2023,31 October 2023
688475,FFF,2014J,01 October 2023,31 October 2023
688509,FFF,2014J,01 October 2023,31 October 2023
688532,FFF,2014J,01 October 2023,31 October 2023
688543,FFF,2014J,01 October 2023,31 October 2023
688664,FFF,2014J,01 October 2023,31 October 2023
688667,FFF,2014J,01 October 2023,31 October 2023
688685,FFF,2014J,01 October 2023,31 October 2023
688727,FFF,2014J,01 October 2023,31 October 2023
688752,FFF,2014J,01 October 2023,31 October 2023
688881,FFF,2014J,01 October 2023,31 October 2023
688891,FFF,2014J,01 October 2023,31 October 2023
688895,FFF,2014J,01 October 2023,31 October 2023
688904,FFF,2014J,01 October 2023,31 October 2023
688937,FFF,2014J,01 October 2023,31 October 2023
688964,FFF,2014J,01 October 2023,31 October 2023
688976,FFF,2014J,01 October 2023,31 October 2023
689005,FFF,2014J,01 October 2023,31 October 2023
689051,FFF,2014J,01 October 2023,31 October 2023
689052,FFF,2014J,01 October 2023,31 October 2023
689056,FFF,2014J,01 October 2023,31 October 2023
689225,FFF,2014J,01 October 2023,31 October 2023
689260,FFF,2014J,01 October 2023,31 October 2023
689280,FFF,2014J,01 October 2023,31 October 2023
689290,FFF,2014J,01 October 2023,31 October 2023
689347,FFF,2014J,01 October 2023,31 October 2023
689444,FFF,2014J,01 October 2023,31 October 2023
689498,FFF,2014J,01 October 2023,31 October 2023
689533,FFF,2014J,01 October 2023,31 October 2023
689582,FFF,2014J,01 October 2023,31 October 2023
689585,FFF,2014J,01 October 2023,31 October 2023
689626,FFF,2014J,01 October 2023,31 October 2023
689640,FFF,2014J,01 October 2023,31 October 2023
689747,FFF,2014J,01 October 2023,31 October 2023
689751,FFF,2014J,01 October 2023,31 October 2023
689761,FFF,2014J,01 October 2023,31 October 2023
689796,FFF,2014J,01 October 2023,31 October 2023
689827,FFF,2014J,01 October 2023,31 October 2023
689832,FFF,2014J,01 October 2023,31 October 2023
689924,FFF,2014J,01 October 2023,31 October 2023
689977,FFF,2014J,01 October 2023,31 October 2023
690075,FFF,2014J,01 October 2023,31 October 2023
690137,FFF,2014J,01 October 2023,31 October 2023
690174,FFF,2014J,01 October 2023,31 October 2023
690198,FFF,2014J,01 October 2023,31 October 2023
690296,FFF,2014J,01 October 2023,31 October 2023
690382,FFF,2014J,01 October 2023,31 October 2023
690559,FFF,2014J,01 October 2023,31 October 2023
690585,FFF,2014J,01 October 2023,31 October 2023
690628,FFF,2014J,01 October 2023,31 October 2023
690635,FFF,2014J,01 October 2023,31 October 2023
690656,FFF,2014J,01 October 2023,31 October 2023
690687,FFF,2014J,01 October 2023,31 October 2023
690746,FFF,2014J,01 October 2023,31 October 2023
690832,FFF,2014J,01 October 2023,31 October 2023
690872,FFF,2014J,01 October 2023,31 October 2023
691253,FFF,2014J,01 October 2023,31 October 2023
691269,FFF,2014J,01 October 2023,31 October 2023
691280,FFF,2014J,01 October 2023,31 October 2023
691288,FFF,2014J,01 October 2023,31 October 2023
691326,FFF,2014J,01 October 2023,31 October 2023
691375,FFF,2014J,01 October 2023,31 October 2023
691465,FFF,2014J,01 October 2023,31 October 2023
691563,FFF,2014J,01 October 2023,31 October 2023
691699,FFF,2014J,01 October 2023,31 October 2023
691722,FFF,2014J,01 October 2023,31 October 2023
691805,FFF,2014J,01 October 2023,31 October 2023
691873,FFF,2014J,01 October 2023,31 October 2023
691932,FFF,2014J,01 October 2023,31 October 2023
692010,FFF,2014J,01 October 2023,31 October 2023
692097,FFF,2014J,01 October 2023,31 October 2023
692189,FFF,2014J,01 October 2023,31 October 2023
692220,FFF,2014J,01 October 2023,31 October 2023
692273,FFF,2014J,01 October 2023,31 October 2023
692297,FFF,2014J,01 October 2023,31 October 2023
692301,FFF,2014J,01 October 2023,31 October 2023
692334,FFF,2014J,01 October 2023,31 October 2023
692454,FFF,2014J,01 October 2023,31 October 2023
692612,FFF,2014J,01 October 2023,31 October 2023
692632,FFF,2014J,01 October 2023,31 October 2023
692740,FFF,2014J,01 October 2023,31 October 2023
692893,FFF,2014J,01 October 2023,31 October 2023
692898,FFF,2014J,01 October 2023,31 October 2023
692946,FFF,2014J,01 October 2023,31 October 2023
692962,FFF,2014J,01 October 2023,31 October 2023
692968,FFF,2014J,01 October 2023,31 October 2023
692976,FFF,2014J,01 October 2023,31 October 2023
693114,FFF,2014J,01 October 2023,31 October 2023
693160,FFF,2014J,01 October 2023,31 October 2023
693162,FFF,2014J,01 October 2023,31 October 2023
693197,FFF,2014J,01 October 2023,31 October 2023
693223,FFF,2014J,01 October 2023,31 October 2023
693236,FFF,2014J,01 October 2023,31 October 2023
693246,FFF,2014J,01 October 2023,31 October 2023
693345,FFF,2014J,01 October 2023,31 October 2023
693373,FFF,2014J,01 October 2023,31 October 2023
693448,FFF,2014J,01 October 2023,31 October 2023
693497,FFF,2014J,01 October 2023,31 October 2023
693519,FFF,2014J,01 October 2023,31 October 2023
693573,FFF,2014J,01 October 2023,31 October 2023
693628,FFF,2014J,01 October 2023,31 October 2023
693629,FFF,2014J,01 October 2023,31 October 2023
693764,FFF,2014J,01 October 2023,31 October 2023
693806,FFF,2014J,01 October 2023,31 October 2023
693873,FFF,2014J,01 October 2023,31 October 2023
693903,FFF,2014J,01 October 2023,31 October 2023
693906,FFF,2014J,01 October 2023,31 October 2023
693907,FFF,2014J,01 October 2023,31 October 2023
694059,FFF,2014J,01 October 2023,31 October 2023
694128,FFF,2014J,01 October 2023,31 October 2023
694144,FFF,2014J,01 October 2023,31 October 2023
694221,FFF,2014J,01 October 2023,31 October 2023
694272,FFF,2014J,01 October 2023,31 October 2023
694284,FFF,2014J,01 October 2023,31 October 2023
694376,FFF,2014J,01 October 2023,31 October 2023
694415,FFF,2014J,01 October 2023,31 October 2023
694428,FFF,2014J,01 October 2023,31 October 2023
694456,FFF,2014J,01 October 2023,31 October 2023
694464,FFF,2014J,01 October 2023,31 October 2023
694622,FFF,2014J,01 October 2023,31 October 2023
694669,FFF,2014J,01 October 2023,31 October 2023
694715,FFF,2014J,01 October 2023,31 October 2023
694716,FFF,2014J,01 October 2023,31 October 2023
694827,FFF,2014J,01 October 2023,31 October 2023
694836,FFF,2014J,01 October 2023,31 October 2023
694848,FFF,2014J,01 October 2023,31 October 2023
695090,FFF,2014J,01 October 2023,31 October 2023
695169,FFF,2014J,01 October 2023,31 October 2023
695220,FFF,2014J,01 October 2023,31 October 2023
695250,FFF,2014J,01 October 2023,31 October 2023
695251,FFF,2014J,01 October 2023,31 October 2023
695380,FFF,2014J,01 October 2023,31 October 2023
695416,FFF,2014J,01 October 2023,31 October 2023
695449,FFF,2014J,01 October 2023,31 October 2023
695471,FFF,2014J,01 October 2023,31 October 2023
695485,FFF,2014J,01 October 2023,31 October 2023
695550,FFF,2014J,01 October 2023,31 October 2023
695574,FFF,2014J,01 October 2023,31 October 2023
695637,FFF,2014J,01 October 2023,31 October 2023
695676,FFF,2014J,01 October 2023,31 October 2023
695700,FFF,2014J,01 October 2023,31 October 2023
695729,FFF,2014J,01 October 2023,31 October 2023
695748,FFF,2014J,01 October 2023,31 October 2023
695764,FFF,2014J,01 October 2023,31 October 2023
695803,FFF,2014J,01 October 2023,31 October 2023
695825,FFF,2014J,01 October 2023,31 October 2023
695869,FFF,2014J,01 October 2023,31 October 2023
695879,FFF,2014J,01 October 2023,31 October 2023
695926,FFF,2014J,01 October 2023,31 October 2023
695964,FFF,2014J,01 October 2023,31 October 2023
696039,FFF,2014J,01 October 2023,31 October 2023
696043,FFF,2014J,01 October 2023,31 October 2023
696071,FFF,2014J,01 October 2023,31 October 2023
696082,FFF,2014J,01 October 2023,31 October 2023
696091,FFF,2014J,01 October 2023,31 October 2023
696188,FFF,2014J,01 October 2023,31 October 2023
696275,FFF,2014J,01 October 2023,31 October 2023
696276,FFF,2014J,01 October 2023,31 October 2023
696318,FFF,2014J,01 October 2023,31 October 2023
696329,FFF,2014J,01 October 2023,31 October 2023
696347,FFF,2014J,01 October 2023,31 October 2023
696364,FFF,2014J,01 October 2023,31 October 2023
696410,FFF,2014J,01 October 2023,31 October 2023
696456,FFF,2014J,01 October 2023,31 October 2023
696583,FFF,2014J,01 October 2023,31 October 2023
696615,FFF,2014J,01 October 2023,31 October 2023
696653,FFF,2014J,01 October 2023,31 October 2023
696659,FFF,2014J,01 October 2023,31 October 2023
696662,FFF,2014J,01 October 2023,31 October 2023
696664,FFF,2014J,01 October 2023,31 October 2023
696666,FFF,2014J,01 October 2023,31 October 2023
696671,FFF,2014J,01 October 2023,31 October 2023
696672,FFF,2014J,01 October 2023,31 October 2023
696674,FFF,2014J,01 October 2023,31 October 2023
696678,FFF,2014J,01 October 2023,31 October 2023
696729,FFF,2014J,01 October 2023,31 October 2023
696943,FFF,2014J,01 October 2023,31 October 2023
696981,FFF,2014J,01 October 2023,31 October 2023
696985,FFF,2014J,01 October 2023,31 October 2023
697027,FFF,2014J,01 October 2023,31 October 2023
697042,FFF,2014J,01 October 2023,31 October 2023
697114,FFF,2014J,01 October 2023,31 October 2023
697160,FFF,2014J,01 October 2023,31 October 2023
697192,FFF,2014J,01 October 2023,31 October 2023
697204,FFF,2014J,01 October 2023,31 October 2023
697215,FFF,2014J,01 October 2023,31 October 2023
697255,FFF,2014J,01 October 2023,31 October 2023
697257,FFF,2014J,01 October 2023,31 October 2023
697299,FFF,2014J,01 October 2023,31 October 2023
697438,FFF,2014J,01 October 2023,31 October 2023
697478,FFF,2014J,01 October 2023,31 October 2023
697529,FFF,2014J,01 October 2023,31 October 2023
697581,FFF,2014J,01 October 2023,31 October 2023
697665,FFF,2014J,01 October 2023,31 October 2023
697878,FFF,2014J,01 October 2023,31 October 2023
698015,FFF,2014J,01 October 2023,31 October 2023
698020,FFF,2014J,01 October 2023,31 October 2023
698157,FFF,2014J,01 October 2023,31 October 2023
698193,FFF,2014J,01 October 2023,31 October 2023
698233,FFF,2014J,01 October 2023,31 October 2023
698237,FFF,2014J,01 October 2023,31 October 2023
698278,FFF,2014J,01 October 2023,31 October 2023
698384,FFF,2014J,01 October 2023,31 October 2023
698407,FFF,2014J,01 October 2023,31 October 2023
698485,FFF,2014J,01 October 2023,31 October 2023
698656,FFF,2014J,01 October 2023,31 October 2023
698762,FFF,2014J,01 October 2023,31 October 2023
699126,FFF,2014J,01 October 2023,31 October 2023
699127,FFF,2014J,01 October 2023,31 October 2023
699128,FFF,2014J,01 October 2023,31 October 2023
836614,FFF,2014J,01 October 2023,31 October 2023
884652,FFF,2014J,01 October 2023,31 October 2023
895524,FFF,2014J,01 October 2023,31 October 2023
900936,FFF,2014J,01 October 2023,31 October 2023
1021350,FFF,2014J,01 October 2023,31 October 2023
1042726,FFF,2014J,01 October 2023,31 October 2023
1318759,FFF,2014J,01 October 2023,31 October 2023
1348205,FFF,2014J,01 October 2023,31 October 2023
1391717,FFF,2014J,01 October 2023,31 October 2023
1409532,FFF,2014J,01 October 2023,31 October 2023
1413902,FFF,2014J,01 October 2023,31 October 2023
1424608,FFF,2014J,01 October 2023,31 October 2023
1448966,FFF,2014J,01 October 2023,31 October 2023
1449171,FFF,2014J,01 October 2023,31 October 2023
1473878,FFF,2014J,01 October 2023,31 October 2023
1477284,FFF,2014J,01 October 2023,31 October 2023
1532711,FFF,2014J,01 October 2023,31 October 2023
1537796,FFF,2014J,01 October 2023,31 October 2023
1585671,FFF,2014J,01 October 2023,31 October 2023
1603549,FFF,2014J,01 October 2023,31 October 2023
1629444,FFF,2014J,01 October 2023,31 October 2023
1631797,FFF,2014J,01 October 2023,31 October 2023
1639699,FFF,2014J,01 October 2023,31 October 2023
1640680,FFF,2014J,01 October 2023,31 October 2023
1677677,FFF,2014J,01 October 2023,31 October 2023
1722493,FFF,2014J,01 October 2023,31 October 2023
1733664,FFF,2014J,01 October 2023,31 October 2023
1745145,FFF,2014J,01 October 2023,31 October 2023
1752994,FFF,2014J,01 October 2023,31 October 2023
1755594,FFF,2014J,01 October 2023,31 October 2023
1765045,FFF,2014J,01 October 2023,31 October 2023
1766102,FFF,2014J,01 October 2023,31 October 2023
1771775,FFF,2014J,01 October 2023,31 October 2023
1796402,FFF,2014J,01 October 2023,31 October 2023
1810759,FFF,2014J,01 October 2023,31 October 2023
1816458,FFF,2014J,01 October 2023,31 October 2023
1817710,FFF,2014J,01 October 2023,31 October 2023
1818385,FFF,2014J,01 October 2023,31 October 2023
1836241,FFF,2014J,01 October 2023,31 October 2023
1837138,FFF,2014J,01 October 2023,31 October 2023
1856869,FFF,2014J,01 October 2023,31 October 2023
1871598,FFF,2014J,01 October 2023,31 October 2023
1871684,FFF,2014J,01 October 2023,31 October 2023
1873360,FFF,2014J,01 October 2023,31 October 2023
1877902,FFF,2014J,01 October 2023,31 October 2023
1879321,FFF,2014J,01 October 2023,31 October 2023
1881231,FFF,2014J,01 October 2023,31 October 2023
1887108,FFF,2014J,01 October 2023,31 October 2023
1889752,FFF,2014J,01 October 2023,31 October 2023
1944167,FFF,2014J,01 October 2023,31 October 2023
1962049,FFF,2014J,01 October 2023,31 October 2023
1962062,FFF,2014J,01 October 2023,31 October 2023
1972092,FFF,2014J,01 October 2023,31 October 2023
1972368,FFF,2014J,01 October 2023,31 October 2023
1995177,FFF,2014J,01 October 2023,31 October 2023
1998834,FFF,2014J,01 October 2023,31 October 2023
2017487,FFF,2014J,01 October 2023,31 October 2023
2020628,FFF,2014J,01 October 2023,31 October 2023
2026075,FFF,2014J,01 October 2023,31 October 2023
2028523,FFF,2014J,01 October 2023,31 October 2023
2029571,FFF,2014J,01 October 2023,31 October 2023
2035700,FFF,2014J,01 October 2023,31 October 2023
2036893,FFF,2014J,01 October 2023,31 October 2023
2047575,FFF,2014J,01 October 2023,31 October 2023
2065972,FFF,2014J,01 October 2023,31 October 2023
2067799,FFF,2014J,01 October 2023,31 October 2023
2071670,FFF,2014J,01 October 2023,31 October 2023
2081123,FFF,2014J,01 October 2023,31 October 2023
2096251,FFF,2014J,01 October 2023,31 October 2023
2103552,FFF,2014J,01 October 2023,31 October 2023
2104819,FFF,2014J,01 October 2023,31 October 2023
2106955,FFF,2014J,01 October 2023,31 October 2023
2107747,FFF,2014J,01 October 2023,31 October 2023
2113446,FFF,2014J,01 October 2023,31 October 2023
2137697,FFF,2014J,01 October 2023,31 October 2023
2138970,FFF,2014J,01 October 2023,31 October 2023
2140300,FFF,2014J,01 October 2023,31 October 2023
2143312,FFF,2014J,01 October 2023,31 October 2023
2143440,FFF,2014J,01 October 2023,31 October 2023
2146013,FFF,2014J,01 October 2023,31 October 2023
2160316,FFF,2014J,01 October 2023,31 October 2023
2178837,FFF,2014J,01 October 2023,31 October 2023
2180090,FFF,2014J,01 October 2023,31 October 2023
2182293,FFF,2014J,01 October 2023,31 October 2023
2185729,FFF,2014J,01 October 2023,31 October 2023
2197766,FFF,2014J,01 October 2023,31 October 2023
2223401,FFF,2014J,01 October 2023,31 October 2023
2254637,FFF,2014J,01 October 2023,31 October 2023
2256134,FFF,2014J,01 October 2023,31 October 2023
2268069,FFF,2014J,01 October 2023,31 October 2023
2272023,FFF,2014J,01 October 2023,31 October 2023
2274542,FFF,2014J,01 October 2023,31 October 2023
2278101,FFF,2014J,01 October 2023,31 October 2023
2282620,FFF,2014J,01 October 2023,31 October 2023
2283708,FFF,2014J,01 October 2023,31 October 2023
2293511,FFF,2014J,01 October 2023,31 October 2023
2298106,FFF,2014J,01 October 2023,31 October 2023
2301830,FFF,2014J,01 October 2023,31 October 2023
2306410,FFF,2014J,01 October 2023,31 October 2023
2316717,FFF,2014J,01 October 2023,31 October 2023
2332934,FFF,2014J,01 October 2023,31 October 2023
2339267,FFF,2014J,01 October 2023,31 October 2023
2341420,FFF,2014J,01 October 2023,31 October 2023
2342045,FFF,2014J,01 October 2023,31 October 2023
2343785,FFF,2014J,01 October 2023,31 October 2023
2351969,FFF,2014J,01 October 2023,31 October 2023
2360559,FFF,2014J,01 October 2023,31 October 2023
2366656,FFF,2014J,01 October 2023,31 October 2023
2371481,FFF,2014J,01 October 2023,31 October 2023
2378208,FFF,2014J,01 October 2023,31 October 2023
2386732,FFF,2014J,01 October 2023,31 October 2023
2395016,FFF,2014J,01 October 2023,31 October 2023
2398260,FFF,2014J,01 October 2023,31 October 2023
2399758,FFF,2014J,01 October 2023,31 October 2023
2403701,FFF,2014J,01 October 2023,31 October 2023
2417975,FFF,2014J,01 October 2023,31 October 2023
2424257,FFF,2014J,01 October 2023,31 October 2023
2427845,FFF,2014J,01 October 2023,31 October 2023
2438784,FFF,2014J,01 October 2023,31 October 2023
2449490,FFF,2014J,01 October 2023,31 October 2023
2457440,FFF,2014J,01 October 2023,31 October 2023
2459292,FFF,2014J,01 October 2023,31 October 2023
2482710,FFF,2014J,01 October 2023,31 October 2023
2486215,FFF,2014J,01 October 2023,31 October 2023
2486930,FFF,2014J,01 October 2023,31 October 2023
2497090,FFF,2014J,01 October 2023,31 October 2023
2504129,FFF,2014J,01 October 2023,31 October 2023
2505058,FFF,2014J,01 October 2023,31 October 2023
2509531,FFF,2014J,01 October 2023,31 October 2023
2519138,FFF,2014J,01 October 2023,31 October 2023
2521574,FFF,2014J,01 October 2023,31 October 2023
2529052,FFF,2014J,01 October 2023,31 October 2023
2529419,FFF,2014J,01 October 2023,31 October 2023
2530976,FFF,2014J,01 October 2023,31 October 2023
2535160,FFF,2014J,01 October 2023,31 October 2023
2537777,FFF,2014J,01 October 2023,31 October 2023
2540871,FFF,2014J,01 October 2023,31 October 2023
2542209,FFF,2014J,01 October 2023,31 October 2023
2544643,FFF,2014J,01 October 2023,31 October 2023
2544766,FFF,2014J,01 October 2023,31 October 2023
2546315,FFF,2014J,01 October 2023,31 October 2023
2550534,FFF,2014J,01 October 2023,31 October 2023
2557008,FFF,2014J,01 October 2023,31 October 2023
2579891,FFF,2014J,01 October 2023,31 October 2023
2584244,FFF,2014J,01 October 2023,31 October 2023
2597117,FFF,2014J,01 October 2023,31 October 2023
2602253,FFF,2014J,01 October 2023,31 October 2023
2603027,FFF,2014J,01 October 2023,31 October 2023
2612102,FFF,2014J,01 October 2023,31 October 2023
2612728,FFF,2014J,01 October 2023,31 October 2023
2613827,FFF,2014J,01 October 2023,31 October 2023
2624028,FFF,2014J,01 October 2023,31 October 2023
2626417,FFF,2014J,01 October 2023,31 October 2023
2641156,FFF,2014J,01 October 2023,31 October 2023
2642532,FFF,2014J,01 October 2023,31 October 2023
2643472,FFF,2014J,01 October 2023,31 October 2023
2643829,FFF,2014J,01 October 2023,31 October 2023
2649121,FFF,2014J,01 October 2023,31 October 2023
2649948,FFF,2014J,01 October 2023,31 October 2023
2652532,FFF,2014J,01 October 2023,31 October 2023
2657913,FFF,2014J,01 October 2023,31 October 2023
2658856,FFF,2014J,01 October 2023,31 October 2023
2661012,FFF,2014J,01 October 2023,31 October 2023
2678580,FFF,2014J,01 October 2023,31 October 2023
2682682,FFF,2014J,01 October 2023,31 October 2023
2682745,FFF,2014J,01 October 2023,31 October 2023
2684048,FFF,2014J,01 October 2023,31 October 2023
2686035,FFF,2014J,01 October 2023,31 October 2023
2687012,FFF,2014J,01 October 2023,31 October 2023
2693932,FFF,2014J,01 October 2023,31 October 2023
2694139,FFF,2014J,01 October 2023,31 October 2023
2702660,FFF,2014J,01 October 2023,31 October 2023
24391,GGG,2013J,01 October 2023,31 October 2023
26023,GGG,2013J,01 October 2023,31 October 2023
32239,GGG,2013J,01 October 2023,31 October 2023
35001,GGG,2013J,01 October 2023,31 October 2023
60405,GGG,2013J,01 October 2023,31 October 2023
62975,GGG,2013J,01 October 2023,31 October 2023
67182,GGG,2013J,01 October 2023,31 October 2023
75442,GGG,2013J,01 October 2023,31 October 2023
80448,GGG,2013J,01 October 2023,31 October 2023
82341,GGG,2013J,01 October 2023,31 October 2023
87929,GGG,2013J,01 October 2023,31 October 2023
96117,GGG,2013J,01 October 2023,31 October 2023
121056,GGG,2013J,01 October 2023,31 October 2023
122459,GGG,2013J,01 October 2023,31 October 2023
122636,GGG,2013J,01 October 2023,31 October 2023
122846,GGG,2013J,01 October 2023,31 October 2023
122928,GGG,2013J,01 October 2023,31 October 2023
129212,GGG,2013J,01 October 2023,31 October 2023
135331,GGG,2013J,01 October 2023,31 October 2023
138710,GGG,2013J,01 October 2023,31 October 2023
142990,GGG,2013J,01 October 2023,31 October 2023
155256,GGG,2013J,01 October 2023,31 October 2023
156127,GGG,2013J,01 October 2023,31 October 2023
159484,GGG,2013J,01 October 2023,31 October 2023
164922,GGG,2013J,01 October 2023,31 October 2023
166183,GGG,2013J,01 October 2023,31 October 2023
189664,GGG,2013J,01 October 2023,31 October 2023
204745,GGG,2013J,01 October 2023,31 October 2023
233153,GGG,2013J,01 October 2023,31 October 2023
236848,GGG,2013J,01 October 2023,31 October 2023
239095,GGG,2013J,01 October 2023,31 October 2023
249965,GGG,2013J,01 October 2023,31 October 2023
253208,GGG,2013J,01 October 2023,31 October 2023
253567,GGG,2013J,01 October 2023,31 October 2023
261718,GGG,2013J,01 October 2023,31 October 2023
266626,GGG,2013J,01 October 2023,31 October 2023
268391,GGG,2013J,01 October 2023,31 October 2023
276830,GGG,2013J,01 October 2023,31 October 2023
279747,GGG,2013J,01 October 2023,31 October 2023
281619,GGG,2013J,01 October 2023,31 October 2023
285705,GGG,2013J,01 October 2023,31 October 2023
286160,GGG,2013J,01 October 2023,31 October 2023
286762,GGG,2013J,01 October 2023,31 October 2023
290658,GGG,2013J,01 October 2023,31 October 2023
292136,GGG,2013J,01 October 2023,31 October 2023
296993,GGG,2013J,01 October 2023,31 October 2023
297990,GGG,2013J,01 October 2023,31 October 2023
298186,GGG,2013J,01 October 2023,31 October 2023
300508,GGG,2013J,01 October 2023,31 October 2023
306610,GGG,2013J,01 October 2023,31 October 2023
308634,GGG,2013J,01 October 2023,31 October 2023
311158,GGG,2013J,01 October 2023,31 October 2023
313070,GGG,2013J,01 October 2023,31 October 2023
319331,GGG,2013J,01 October 2023,31 October 2023
324095,GGG,2013J,01 October 2023,31 October 2023
325909,GGG,2013J,01 October 2023,31 October 2023
330177,GGG,2013J,01 October 2023,31 October 2023
332715,GGG,2013J,01 October 2023,31 October 2023
338446,GGG,2013J,01 October 2023,31 October 2023
339727,GGG,2013J,01 October 2023,31 October 2023
340486,GGG,2013J,01 October 2023,31 October 2023
348579,GGG,2013J,01 October 2023,31 October 2023
349360,GGG,2013J,01 October 2023,31 October 2023
352382,GGG,2013J,01 October 2023,31 October 2023
360683,GGG,2013J,01 October 2023,31 October 2023
365192,GGG,2013J,01 October 2023,31 October 2023
368245,GGG,2013J,01 October 2023,31 October 2023
368969,GGG,2013J,01 October 2023,31 October 2023
369378,GGG,2013J,01 October 2023,31 October 2023
372691,GGG,2013J,01 October 2023,31 October 2023
375600,GGG,2013J,01 October 2023,31 October 2023
375882,GGG,2013J,01 October 2023,31 October 2023
379113,GGG,2013J,01 October 2023,31 October 2023
379844,GGG,2013J,01 October 2023,31 October 2023
383420,GGG,2013J,01 October 2023,31 October 2023
387550,GGG,2013J,01 October 2023,31 October 2023
392215,GGG,2013J,01 October 2023,31 October 2023
393451,GGG,2013J,01 October 2023,31 October 2023
395954,GGG,2013J,01 October 2023,31 October 2023
396145,GGG,2013J,01 October 2023,31 October 2023
401139,GGG,2013J,01 October 2023,31 October 2023
404325,GGG,2013J,01 October 2023,31 October 2023
410573,GGG,2013J,01 October 2023,31 October 2023
416355,GGG,2013J,01 October 2023,31 October 2023
417220,GGG,2013J,01 October 2023,31 October 2023
418032,GGG,2013J,01 October 2023,31 October 2023
421999,GGG,2013J,01 October 2023,31 October 2023
426736,GGG,2013J,01 October 2023,31 October 2023
427321,GGG,2013J,01 October 2023,31 October 2023
428301,GGG,2013J,01 October 2023,31 October 2023
433165,GGG,2013J,01 October 2023,31 October 2023
434478,GGG,2013J,01 October 2023,31 October 2023
444943,GGG,2013J,01 October 2023,31 October 2023
445086,GGG,2013J,01 October 2023,31 October 2023
465724,GGG,2013J,01 October 2023,31 October 2023
466900,GGG,2013J,01 October 2023,31 October 2023
470340,GGG,2013J,01 October 2023,31 October 2023
472911,GGG,2013J,01 October 2023,31 October 2023
473924,GGG,2013J,01 October 2023,31 October 2023
474067,GGG,2013J,01 October 2023,31 October 2023
474272,GGG,2013J,01 October 2023,31 October 2023
476921,GGG,2013J,01 October 2023,31 October 2023
477165,GGG,2013J,01 October 2023,31 October 2023
477468,GGG,2013J,01 October 2023,31 October 2023
477650,GGG,2013J,01 October 2023,31 October 2023
478556,GGG,2013J,01 October 2023,31 October 2023
478784,GGG,2013J,01 October 2023,31 October 2023
479442,GGG,2013J,01 October 2023,31 October 2023
479595,GGG,2013J,01 October 2023,31 October 2023
480959,GGG,2013J,01 October 2023,31 October 2023
481404,GGG,2013J,01 October 2023,31 October 2023
481772,GGG,2013J,01 October 2023,31 October 2023
483123,GGG,2013J,01 October 2023,31 October 2023
483158,GGG,2013J,01 October 2023,31 October 2023
483959,GGG,2013J,01 October 2023,31 October 2023
488853,GGG,2013J,01 October 2023,31 October 2023
489222,GGG,2013J,01 October 2023,31 October 2023
489624,GGG,2013J,01 October 2023,31 October 2023
494291,GGG,2013J,01 October 2023,31 October 2023
495276,GGG,2013J,01 October 2023,31 October 2023
496224,GGG,2013J,01 October 2023,31 October 2023
497190,GGG,2013J,01 October 2023,31 October 2023
498702,GGG,2013J,01 October 2023,31 October 2023
499006,GGG,2013J,01 October 2023,31 October 2023
499446,GGG,2013J,01 October 2023,31 October 2023
500112,GGG,2013J,01 October 2023,31 October 2023
500720,GGG,2013J,01 October 2023,31 October 2023
505503,GGG,2013J,01 October 2023,31 October 2023
505754,GGG,2013J,01 October 2023,31 October 2023
509034,GGG,2013J,01 October 2023,31 October 2023
509277,GGG,2013J,01 October 2023,31 October 2023
510533,GGG,2013J,01 October 2023,31 October 2023
510737,GGG,2013J,01 October 2023,31 October 2023
511571,GGG,2013J,01 October 2023,31 October 2023
512258,GGG,2013J,01 October 2023,31 October 2023
514699,GGG,2013J,01 October 2023,31 October 2023
515496,GGG,2013J,01 October 2023,31 October 2023
519091,GGG,2013J,01 October 2023,31 October 2023
519185,GGG,2013J,01 October 2023,31 October 2023
522561,GGG,2013J,01 October 2023,31 October 2023
522731,GGG,2013J,01 October 2023,31 October 2023
523419,GGG,2013J,01 October 2023,31 October 2023
523803,GGG,2013J,01 October 2023,31 October 2023
528515,GGG,2013J,01 October 2023,31 October 2023
530826,GGG,2013J,01 October 2023,31 October 2023
531224,GGG,2013J,01 October 2023,31 October 2023
534251,GGG,2013J,01 October 2023,31 October 2023
534647,GGG,2013J,01 October 2023,31 October 2023
536647,GGG,2013J,01 October 2023,31 October 2023
537181,GGG,2013J,01 October 2023,31 October 2023
537662,GGG,2013J,01 October 2023,31 October 2023
537670,GGG,2013J,01 October 2023,31 October 2023
539436,GGG,2013J,01 October 2023,31 October 2023
541252,GGG,2013J,01 October 2023,31 October 2023
543557,GGG,2013J,01 October 2023,31 October 2023
544615,GGG,2013J,01 October 2023,31 October 2023
544898,GGG,2013J,01 October 2023,31 October 2023
545313,GGG,2013J,01 October 2023,31 October 2023
545785,GGG,2013J,01 October 2023,31 October 2023
546097,GGG,2013J,01 October 2023,31 October 2023
546192,GGG,2013J,01 October 2023,31 October 2023
546457,GGG,2013J,01 October 2023,31 October 2023
546754,GGG,2013J,01 October 2023,31 October 2023
547440,GGG,2013J,01 October 2023,31 October 2023
548190,GGG,2013J,01 October 2023,31 October 2023
548388,GGG,2013J,01 October 2023,31 October 2023
549887,GGG,2013J,01 October 2023,31 October 2023
549909,GGG,2013J,01 October 2023,31 October 2023
549973,GGG,2013J,01 October 2023,31 October 2023
551389,GGG,2013J,01 October 2023,31 October 2023
551545,GGG,2013J,01 October 2023,31 October 2023
552750,GGG,2013J,01 October 2023,31 October 2023
553643,GGG,2013J,01 October 2023,31 October 2023
554967,GGG,2013J,01 October 2023,31 October 2023
556509,GGG,2013J,01 October 2023,31 October 2023
556520,GGG,2013J,01 October 2023,31 October 2023
556523,GGG,2013J,01 October 2023,31 October 2023
557031,GGG,2013J,01 October 2023,31 October 2023
559919,GGG,2013J,01 October 2023,31 October 2023
560328,GGG,2013J,01 October 2023,31 October 2023
560374,GGG,2013J,01 October 2023,31 October 2023
560653,GGG,2013J,01 October 2023,31 October 2023
561148,GGG,2013J,01 October 2023,31 October 2023
561163,GGG,2013J,01 October 2023,31 October 2023
561884,GGG,2013J,01 October 2023,31 October 2023
562696,GGG,2013J,01 October 2023,31 October 2023
562913,GGG,2013J,01 October 2023,31 October 2023
563612,GGG,2013J,01 October 2023,31 October 2023
564190,GGG,2013J,01 October 2023,31 October 2023
564609,GGG,2013J,01 October 2023,31 October 2023
565002,GGG,2013J,01 October 2023,31 October 2023
565222,GGG,2013J,01 October 2023,31 October 2023
565525,GGG,2013J,01 October 2023,31 October 2023
565640,GGG,2013J,01 October 2023,31 October 2023
565892,GGG,2013J,01 October 2023,31 October 2023
565993,GGG,2013J,01 October 2023,31 October 2023
566153,GGG,2013J,01 October 2023,31 October 2023
566183,GGG,2013J,01 October 2023,31 October 2023
566603,GGG,2013J,01 October 2023,31 October 2023
566923,GGG,2013J,01 October 2023,31 October 2023
566963,GGG,2013J,01 October 2023,31 October 2023
567009,GGG,2013J,01 October 2023,31 October 2023
567211,GGG,2013J,01 October 2023,31 October 2023
567325,GGG,2013J,01 October 2023,31 October 2023
567831,GGG,2013J,01 October 2023,31 October 2023
567987,GGG,2013J,01 October 2023,31 October 2023
568118,GGG,2013J,01 October 2023,31 October 2023
568288,GGG,2013J,01 October 2023,31 October 2023
568539,GGG,2013J,01 October 2023,31 October 2023
568973,GGG,2013J,01 October 2023,31 October 2023
569253,GGG,2013J,01 October 2023,31 October 2023
569381,GGG,2013J,01 October 2023,31 October 2023
569490,GGG,2013J,01 October 2023,31 October 2023
569511,GGG,2013J,01 October 2023,31 October 2023
569595,GGG,2013J,01 October 2023,31 October 2023
569679,GGG,2013J,01 October 2023,31 October 2023
569974,GGG,2013J,01 October 2023,31 October 2023
569984,GGG,2013J,01 October 2023,31 October 2023
570141,GGG,2013J,01 October 2023,31 October 2023
570529,GGG,2013J,01 October 2023,31 October 2023
570801,GGG,2013J,01 October 2023,31 October 2023
571359,GGG,2013J,01 October 2023,31 October 2023
571380,GGG,2013J,01 October 2023,31 October 2023
571458,GGG,2013J,01 October 2023,31 October 2023
571577,GGG,2013J,01 October 2023,31 October 2023
571696,GGG,2013J,01 October 2023,31 October 2023
571768,GGG,2013J,01 October 2023,31 October 2023
571787,GGG,2013J,01 October 2023,31 October 2023
571883,GGG,2013J,01 October 2023,31 October 2023
571896,GGG,2013J,01 October 2023,31 October 2023
571952,GGG,2013J,01 October 2023,31 October 2023
572335,GGG,2013J,01 October 2023,31 October 2023
572388,GGG,2013J,01 October 2023,31 October 2023
572663,GGG,2013J,01 October 2023,31 October 2023
572714,GGG,2013J,01 October 2023,31 October 2023
573134,GGG,2013J,01 October 2023,31 October 2023
573294,GGG,2013J,01 October 2023,31 October 2023
573331,GGG,2013J,01 October 2023,31 October 2023
573460,GGG,2013J,01 October 2023,31 October 2023
573464,GGG,2013J,01 October 2023,31 October 2023
573510,GGG,2013J,01 October 2023,31 October 2023
573666,GGG,2013J,01 October 2023,31 October 2023
574238,GGG,2013J,01 October 2023,31 October 2023
574351,GGG,2013J,01 October 2023,31 October 2023
574504,GGG,2013J,01 October 2023,31 October 2023
574606,GGG,2013J,01 October 2023,31 October 2023
574642,GGG,2013J,01 October 2023,31 October 2023
574857,GGG,2013J,01 October 2023,31 October 2023
574948,GGG,2013J,01 October 2023,31 October 2023
574957,GGG,2013J,01 October 2023,31 October 2023
574960,GGG,2013J,01 October 2023,31 October 2023
574988,GGG,2013J,01 October 2023,31 October 2023
575000,GGG,2013J,01 October 2023,31 October 2023
575061,GGG,2013J,01 October 2023,31 October 2023
575080,GGG,2013J,01 October 2023,31 October 2023
575136,GGG,2013J,01 October 2023,31 October 2023
575214,GGG,2013J,01 October 2023,31 October 2023
575355,GGG,2013J,01 October 2023,31 October 2023
575454,GGG,2013J,01 October 2023,31 October 2023
575488,GGG,2013J,01 October 2023,31 October 2023
575554,GGG,2013J,01 October 2023,31 October 2023
575559,GGG,2013J,01 October 2023,31 October 2023
575691,GGG,2013J,01 October 2023,31 October 2023
575720,GGG,2013J,01 October 2023,31 October 2023
575984,GGG,2013J,01 October 2023,31 October 2023
576141,GGG,2013J,01 October 2023,31 October 2023
576143,GGG,2013J,01 October 2023,31 October 2023
576371,GGG,2013J,01 October 2023,31 October 2023
576425,GGG,2013J,01 October 2023,31 October 2023
576447,GGG,2013J,01 October 2023,31 October 2023
576455,GGG,2013J,01 October 2023,31 October 2023
576488,GGG,2013J,01 October 2023,31 October 2023
576593,GGG,2013J,01 October 2023,31 October 2023
576654,GGG,2013J,01 October 2023,31 October 2023
576761,GGG,2013J,01 October 2023,31 October 2023
576948,GGG,2013J,01 October 2023,31 October 2023
577439,GGG,2013J,01 October 2023,31 October 2023
577456,GGG,2013J,01 October 2023,31 October 2023
577471,GGG,2013J,01 October 2023,31 October 2023
577780,GGG,2013J,01 October 2023,31 October 2023
577820,GGG,2013J,01 October 2023,31 October 2023
577827,GGG,2013J,01 October 2023,31 October 2023
577888,GGG,2013J,01 October 2023,31 October 2023
578140,GGG,2013J,01 October 2023,31 October 2023
578207,GGG,2013J,01 October 2023,31 October 2023
578375,GGG,2013J,01 October 2023,31 October 2023
578378,GGG,2013J,01 October 2023,31 October 2023
578555,GGG,2013J,01 October 2023,31 October 2023
578666,GGG,2013J,01 October 2023,31 October 2023
578781,GGG,2013J,01 October 2023,31 October 2023
578940,GGG,2013J,01 October 2023,31 October 2023
578941,GGG,2013J,01 October 2023,31 October 2023
578977,GGG,2013J,01 October 2023,31 October 2023
579015,GGG,2013J,01 October 2023,31 October 2023
579020,GGG,2013J,01 October 2023,31 October 2023
579086,GGG,2013J,01 October 2023,31 October 2023
579164,GGG,2013J,01 October 2023,31 October 2023
579203,GGG,2013J,01 October 2023,31 October 2023
579309,GGG,2013J,01 October 2023,31 October 2023
579381,GGG,2013J,01 October 2023,31 October 2023
579528,GGG,2013J,01 October 2023,31 October 2023
579572,GGG,2013J,01 October 2023,31 October 2023
579661,GGG,2013J,01 October 2023,31 October 2023
580095,GGG,2013J,01 October 2023,31 October 2023
580469,GGG,2013J,01 October 2023,31 October 2023
580669,GGG,2013J,01 October 2023,31 October 2023
580860,GGG,2013J,01 October 2023,31 October 2023
580870,GGG,2013J,01 October 2023,31 October 2023
580925,GGG,2013J,01 October 2023,31 October 2023
581003,GGG,2013J,01 October 2023,31 October 2023
581062,GGG,2013J,01 October 2023,31 October 2023
581063,GGG,2013J,01 October 2023,31 October 2023
581200,GGG,2013J,01 October 2023,31 October 2023
581239,GGG,2013J,01 October 2023,31 October 2023
581414,GGG,2013J,01 October 2023,31 October 2023
581485,GGG,2013J,01 October 2023,31 October 2023
581510,GGG,2013J,01 October 2023,31 October 2023
581606,GGG,2013J,01 October 2023,31 October 2023
581652,GGG,2013J,01 October 2023,31 October 2023
581806,GGG,2013J,01 October 2023,31 October 2023
581889,GGG,2013J,01 October 2023,31 October 2023
581956,GGG,2013J,01 October 2023,31 October 2023
581965,GGG,2013J,01 October 2023,31 October 2023
582005,GGG,2013J,01 October 2023,31 October 2023
582039,GGG,2013J,01 October 2023,31 October 2023
582226,GGG,2013J,01 October 2023,31 October 2023
582250,GGG,2013J,01 October 2023,31 October 2023
582309,GGG,2013J,01 October 2023,31 October 2023
582420,GGG,2013J,01 October 2023,31 October 2023
582486,GGG,2013J,01 October 2023,31 October 2023
582536,GGG,2013J,01 October 2023,31 October 2023
582568,GGG,2013J,01 October 2023,31 October 2023
582649,GGG,2013J,01 October 2023,31 October 2023
582697,GGG,2013J,01 October 2023,31 October 2023
582710,GGG,2013J,01 October 2023,31 October 2023
583031,GGG,2013J,01 October 2023,31 October 2023
583146,GGG,2013J,01 October 2023,31 October 2023
583423,GGG,2013J,01 October 2023,31 October 2023
583502,GGG,2013J,01 October 2023,31 October 2023
583532,GGG,2013J,01 October 2023,31 October 2023
583607,GGG,2013J,01 October 2023,31 October 2023
583623,GGG,2013J,01 October 2023,31 October 2023
583625,GGG,2013J,01 October 2023,31 October 2023
583664,GGG,2013J,01 October 2023,31 October 2023
583721,GGG,2013J,01 October 2023,31 October 2023
583730,GGG,2013J,01 October 2023,31 October 2023
583827,GGG,2013J,01 October 2023,31 October 2023
583973,GGG,2013J,01 October 2023,31 October 2023
584143,GGG,2013J,01 October 2023,31 October 2023
584195,GGG,2013J,01 October 2023,31 October 2023
584299,GGG,2013J,01 October 2023,31 October 2023
584442,GGG,2013J,01 October 2023,31 October 2023
584448,GGG,2013J,01 October 2023,31 October 2023
584500,GGG,2013J,01 October 2023,31 October 2023
584512,GGG,2013J,01 October 2023,31 October 2023
584710,GGG,2013J,01 October 2023,31 October 2023
584712,GGG,2013J,01 October 2023,31 October 2023
584827,GGG,2013J,01 October 2023,31 October 2023
584836,GGG,2013J,01 October 2023,31 October 2023
584844,GGG,2013J,01 October 2023,31 October 2023
584850,GGG,2013J,01 October 2023,31 October 2023
584908,GGG,2013J,01 October 2023,31 October 2023
584942,GGG,2013J,01 October 2023,31 October 2023
584969,GGG,2013J,01 October 2023,31 October 2023
585025,GGG,2013J,01 October 2023,31 October 2023
585041,GGG,2013J,01 October 2023,31 October 2023
585058,GGG,2013J,01 October 2023,31 October 2023
585114,GGG,2013J,01 October 2023,31 October 2023
585141,GGG,2013J,01 October 2023,31 October 2023
585145,GGG,2013J,01 October 2023,31 October 2023
585147,GGG,2013J,01 October 2023,31 October 2023
585156,GGG,2013J,01 October 2023,31 October 2023
585199,GGG,2013J,01 October 2023,31 October 2023
585201,GGG,2013J,01 October 2023,31 October 2023
585236,GGG,2013J,01 October 2023,31 October 2023
585297,GGG,2013J,01 October 2023,31 October 2023
585445,GGG,2013J,01 October 2023,31 October 2023
585457,GGG,2013J,01 October 2023,31 October 2023
585518,GGG,2013J,01 October 2023,31 October 2023
585577,GGG,2013J,01 October 2023,31 October 2023
585608,GGG,2013J,01 October 2023,31 October 2023
585613,GGG,2013J,01 October 2023,31 October 2023
585668,GGG,2013J,01 October 2023,31 October 2023
585702,GGG,2013J,01 October 2023,31 October 2023
585768,GGG,2013J,01 October 2023,31 October 2023
585801,GGG,2013J,01 October 2023,31 October 2023
585841,GGG,2013J,01 October 2023,31 October 2023
585847,GGG,2013J,01 October 2023,31 October 2023
586083,GGG,2013J,01 October 2023,31 October 2023
586120,GGG,2013J,01 October 2023,31 October 2023
586158,GGG,2013J,01 October 2023,31 October 2023
586196,GGG,2013J,01 October 2023,31 October 2023
586287,GGG,2013J,01 October 2023,31 October 2023
586324,GGG,2013J,01 October 2023,31 October 2023
586337,GGG,2013J,01 October 2023,31 October 2023
586367,GGG,2013J,01 October 2023,31 October 2023
586370,GGG,2013J,01 October 2023,31 October 2023
586423,GGG,2013J,01 October 2023,31 October 2023
586493,GGG,2013J,01 October 2023,31 October 2023
586524,GGG,2013J,01 October 2023,31 October 2023
586563,GGG,2013J,01 October 2023,31 October 2023
586598,GGG,2013J,01 October 2023,31 October 2023
586639,GGG,2013J,01 October 2023,31 October 2023
586660,GGG,2013J,01 October 2023,31 October 2023
586689,GGG,2013J,01 October 2023,31 October 2023
586787,GGG,2013J,01 October 2023,31 October 2023
586814,GGG,2013J,01 October 2023,31 October 2023
586914,GGG,2013J,01 October 2023,31 October 2023
586981,GGG,2013J,01 October 2023,31 October 2023
587004,GGG,2013J,01 October 2023,31 October 2023
587150,GGG,2013J,01 October 2023,31 October 2023
587161,GGG,2013J,01 October 2023,31 October 2023
587183,GGG,2013J,01 October 2023,31 October 2023
587275,GGG,2013J,01 October 2023,31 October 2023
587283,GGG,2013J,01 October 2023,31 October 2023
587330,GGG,2013J,01 October 2023,31 October 2023
587362,GGG,2013J,01 October 2023,31 October 2023
587374,GGG,2013J,01 October 2023,31 October 2023
587478,GGG,2013J,01 October 2023,31 October 2023
587506,GGG,2013J,01 October 2023,31 October 2023
587523,GGG,2013J,01 October 2023,31 October 2023
587529,GGG,2013J,01 October 2023,31 October 2023
587555,GGG,2013J,01 October 2023,31 October 2023
587852,GGG,2013J,01 October 2023,31 October 2023
587975,GGG,2013J,01 October 2023,31 October 2023
587997,GGG,2013J,01 October 2023,31 October 2023
588008,GGG,2013J,01 October 2023,31 October 2023
588014,GGG,2013J,01 October 2023,31 October 2023
588078,GGG,2013J,01 October 2023,31 October 2023
588105,GGG,2013J,01 October 2023,31 October 2023
588106,GGG,2013J,01 October 2023,31 October 2023
588133,GGG,2013J,01 October 2023,31 October 2023
588138,GGG,2013J,01 October 2023,31 October 2023
588233,GGG,2013J,01 October 2023,31 October 2023
588289,GGG,2013J,01 October 2023,31 October 2023
588314,GGG,2013J,01 October 2023,31 October 2023
588363,GGG,2013J,01 October 2023,31 October 2023
588367,GGG,2013J,01 October 2023,31 October 2023
588382,GGG,2013J,01 October 2023,31 October 2023
588391,GGG,2013J,01 October 2023,31 October 2023
588411,GGG,2013J,01 October 2023,31 October 2023
588469,GGG,2013J,01 October 2023,31 October 2023
588505,GGG,2013J,01 October 2023,31 October 2023
588522,GGG,2013J,01 October 2023,31 October 2023
588528,GGG,2013J,01 October 2023,31 October 2023
588781,GGG,2013J,01 October 2023,31 October 2023
588963,GGG,2013J,01 October 2023,31 October 2023
589048,GGG,2013J,01 October 2023,31 October 2023
589126,GGG,2013J,01 October 2023,31 October 2023
589147,GGG,2013J,01 October 2023,31 October 2023
589198,GGG,2013J,01 October 2023,31 October 2023
589377,GGG,2013J,01 October 2023,31 October 2023
589395,GGG,2013J,01 October 2023,31 October 2023
589493,GGG,2013J,01 October 2023,31 October 2023
589507,GGG,2013J,01 October 2023,31 October 2023
589558,GGG,2013J,01 October 2023,31 October 2023
589690,GGG,2013J,01 October 2023,31 October 2023
589691,GGG,2013J,01 October 2023,31 October 2023
589702,GGG,2013J,01 October 2023,31 October 2023
589734,GGG,2013J,01 October 2023,31 October 2023
589744,GGG,2013J,01 October 2023,31 October 2023
589748,GGG,2013J,01 October 2023,31 October 2023
589845,GGG,2013J,01 October 2023,31 October 2023
589914,GGG,2013J,01 October 2023,31 October 2023
589919,GGG,2013J,01 October 2023,31 October 2023
589927,GGG,2013J,01 October 2023,31 October 2023
589990,GGG,2013J,01 October 2023,31 October 2023
590028,GGG,2013J,01 October 2023,31 October 2023
590034,GGG,2013J,01 October 2023,31 October 2023
590046,GGG,2013J,01 October 2023,31 October 2023
590147,GGG,2013J,01 October 2023,31 October 2023
590213,GGG,2013J,01 October 2023,31 October 2023
590215,GGG,2013J,01 October 2023,31 October 2023
590248,GGG,2013J,01 October 2023,31 October 2023
590251,GGG,2013J,01 October 2023,31 October 2023
590353,GGG,2013J,01 October 2023,31 October 2023
590540,GGG,2013J,01 October 2023,31 October 2023
590590,GGG,2013J,01 October 2023,31 October 2023
590662,GGG,2013J,01 October 2023,31 October 2023
590711,GGG,2013J,01 October 2023,31 October 2023
590835,GGG,2013J,01 October 2023,31 October 2023
590836,GGG,2013J,01 October 2023,31 October 2023
590864,GGG,2013J,01 October 2023,31 October 2023
591179,GGG,2013J,01 October 2023,31 October 2023
591198,GGG,2013J,01 October 2023,31 October 2023
591216,GGG,2013J,01 October 2023,31 October 2023
591225,GGG,2013J,01 October 2023,31 October 2023
591243,GGG,2013J,01 October 2023,31 October 2023
591255,GGG,2013J,01 October 2023,31 October 2023
591294,GGG,2013J,01 October 2023,31 October 2023
591321,GGG,2013J,01 October 2023,31 October 2023
591409,GGG,2013J,01 October 2023,31 October 2023
591464,GGG,2013J,01 October 2023,31 October 2023
591549,GGG,2013J,01 October 2023,31 October 2023
591588,GGG,2013J,01 October 2023,31 October 2023
591602,GGG,2013J,01 October 2023,31 October 2023
591671,GGG,2013J,01 October 2023,31 October 2023
591804,GGG,2013J,01 October 2023,31 October 2023
591814,GGG,2013J,01 October 2023,31 October 2023
591819,GGG,2013J,01 October 2023,31 October 2023
591822,GGG,2013J,01 October 2023,31 October 2023
591837,GGG,2013J,01 October 2023,31 October 2023
591849,GGG,2013J,01 October 2023,31 October 2023
591859,GGG,2013J,01 October 2023,31 October 2023
591873,GGG,2013J,01 October 2023,31 October 2023
592043,GGG,2013J,01 October 2023,31 October 2023
592056,GGG,2013J,01 October 2023,31 October 2023
592059,GGG,2013J,01 October 2023,31 October 2023
592127,GGG,2013J,01 October 2023,31 October 2023
592245,GGG,2013J,01 October 2023,31 October 2023
592248,GGG,2013J,01 October 2023,31 October 2023
592272,GGG,2013J,01 October 2023,31 October 2023
592287,GGG,2013J,01 October 2023,31 October 2023
592361,GGG,2013J,01 October 2023,31 October 2023
592444,GGG,2013J,01 October 2023,31 October 2023
592448,GGG,2013J,01 October 2023,31 October 2023
592451,GGG,2013J,01 October 2023,31 October 2023
592660,GGG,2013J,01 October 2023,31 October 2023
592737,GGG,2013J,01 October 2023,31 October 2023
592880,GGG,2013J,01 October 2023,31 October 2023
592882,GGG,2013J,01 October 2023,31 October 2023
593010,GGG,2013J,01 October 2023,31 October 2023
593013,GGG,2013J,01 October 2023,31 October 2023
593017,GGG,2013J,01 October 2023,31 October 2023
593127,GGG,2013J,01 October 2023,31 October 2023
593246,GGG,2013J,01 October 2023,31 October 2023
593337,GGG,2013J,01 October 2023,31 October 2023
593431,GGG,2013J,01 October 2023,31 October 2023
593438,GGG,2013J,01 October 2023,31 October 2023
593540,GGG,2013J,01 October 2023,31 October 2023
593546,GGG,2013J,01 October 2023,31 October 2023
593569,GGG,2013J,01 October 2023,31 October 2023
593734,GGG,2013J,01 October 2023,31 October 2023
593793,GGG,2013J,01 October 2023,31 October 2023
593840,GGG,2013J,01 October 2023,31 October 2023
593842,GGG,2013J,01 October 2023,31 October 2023
593858,GGG,2013J,01 October 2023,31 October 2023
593954,GGG,2013J,01 October 2023,31 October 2023
594185,GGG,2013J,01 October 2023,31 October 2023
594188,GGG,2013J,01 October 2023,31 October 2023
594196,GGG,2013J,01 October 2023,31 October 2023
594450,GGG,2013J,01 October 2023,31 October 2023
594554,GGG,2013J,01 October 2023,31 October 2023
594625,GGG,2013J,01 October 2023,31 October 2023
594727,GGG,2013J,01 October 2023,31 October 2023
594745,GGG,2013J,01 October 2023,31 October 2023
594771,GGG,2013J,01 October 2023,31 October 2023
594816,GGG,2013J,01 October 2023,31 October 2023
594834,GGG,2013J,01 October 2023,31 October 2023
594901,GGG,2013J,01 October 2023,31 October 2023
594910,GGG,2013J,01 October 2023,31 October 2023
594943,GGG,2013J,01 October 2023,31 October 2023
595185,GGG,2013J,01 October 2023,31 October 2023
595256,GGG,2013J,01 October 2023,31 October 2023
595305,GGG,2013J,01 October 2023,31 October 2023
595335,GGG,2013J,01 October 2023,31 October 2023
595434,GGG,2013J,01 October 2023,31 October 2023
595440,GGG,2013J,01 October 2023,31 October 2023
595474,GGG,2013J,01 October 2023,31 October 2023
595496,GGG,2013J,01 October 2023,31 October 2023
595501,GGG,2013J,01 October 2023,31 October 2023
595535,GGG,2013J,01 October 2023,31 October 2023
595686,GGG,2013J,01 October 2023,31 October 2023
595908,GGG,2013J,01 October 2023,31 October 2023
595927,GGG,2013J,01 October 2023,31 October 2023
595977,GGG,2013J,01 October 2023,31 October 2023
596071,GGG,2013J,01 October 2023,31 October 2023
596075,GGG,2013J,01 October 2023,31 October 2023
596089,GGG,2013J,01 October 2023,31 October 2023
596091,GGG,2013J,01 October 2023,31 October 2023
596143,GGG,2013J,01 October 2023,31 October 2023
596208,GGG,2013J,01 October 2023,31 October 2023
596214,GGG,2013J,01 October 2023,31 October 2023
596221,GGG,2013J,01 October 2023,31 October 2023
596255,GGG,2013J,01 October 2023,31 October 2023
596301,GGG,2013J,01 October 2023,31 October 2023
596358,GGG,2013J,01 October 2023,31 October 2023
596376,GGG,2013J,01 October 2023,31 October 2023
596527,GGG,2013J,01 October 2023,31 October 2023
596618,GGG,2013J,01 October 2023,31 October 2023
596636,GGG,2013J,01 October 2023,31 October 2023
596694,GGG,2013J,01 October 2023,31 October 2023
596697,GGG,2013J,01 October 2023,31 October 2023
596801,GGG,2013J,01 October 2023,31 October 2023
596819,GGG,2013J,01 October 2023,31 October 2023
596824,GGG,2013J,01 October 2023,31 October 2023
596943,GGG,2013J,01 October 2023,31 October 2023
597023,GGG,2013J,01 October 2023,31 October 2023
597045,GGG,2013J,01 October 2023,31 October 2023
597058,GGG,2013J,01 October 2023,31 October 2023
597060,GGG,2013J,01 October 2023,31 October 2023
597097,GGG,2013J,01 October 2023,31 October 2023
597114,GGG,2013J,01 October 2023,31 October 2023
597152,GGG,2013J,01 October 2023,31 October 2023
597212,GGG,2013J,01 October 2023,31 October 2023
597253,GGG,2013J,01 October 2023,31 October 2023
597289,GGG,2013J,01 October 2023,31 October 2023
597299,GGG,2013J,01 October 2023,31 October 2023
597333,GGG,2013J,01 October 2023,31 October 2023
597360,GGG,2013J,01 October 2023,31 October 2023
597515,GGG,2013J,01 October 2023,31 October 2023
597597,GGG,2013J,01 October 2023,31 October 2023
597617,GGG,2013J,01 October 2023,31 October 2023
597669,GGG,2013J,01 October 2023,31 October 2023
597936,GGG,2013J,01 October 2023,31 October 2023
597941,GGG,2013J,01 October 2023,31 October 2023
597971,GGG,2013J,01 October 2023,31 October 2023
598107,GGG,2013J,01 October 2023,31 October 2023
598139,GGG,2013J,01 October 2023,31 October 2023
598176,GGG,2013J,01 October 2023,31 October 2023
598178,GGG,2013J,01 October 2023,31 October 2023
598226,GGG,2013J,01 October 2023,31 October 2023
598327,GGG,2013J,01 October 2023,31 October 2023
598406,GGG,2013J,01 October 2023,31 October 2023
598420,GGG,2013J,01 October 2023,31 October 2023
598421,GGG,2013J,01 October 2023,31 October 2023
598546,GGG,2013J,01 October 2023,31 October 2023
598667,GGG,2013J,01 October 2023,31 October 2023
598717,GGG,2013J,01 October 2023,31 October 2023
598731,GGG,2013J,01 October 2023,31 October 2023
598762,GGG,2013J,01 October 2023,31 October 2023
598788,GGG,2013J,01 October 2023,31 October 2023
598824,GGG,2013J,01 October 2023,31 October 2023
598840,GGG,2013J,01 October 2023,31 October 2023
598921,GGG,2013J,01 October 2023,31 October 2023
598923,GGG,2013J,01 October 2023,31 October 2023
599000,GGG,2013J,01 October 2023,31 October 2023
599009,GGG,2013J,01 October 2023,31 October 2023
599080,GGG,2013J,01 October 2023,31 October 2023
599267,GGG,2013J,01 October 2023,31 October 2023
599278,GGG,2013J,01 October 2023,31 October 2023
599306,GGG,2013J,01 October 2023,31 October 2023
599385,GGG,2013J,01 October 2023,31 October 2023
599410,GGG,2013J,01 October 2023,31 October 2023
599448,GGG,2013J,01 October 2023,31 October 2023
599499,GGG,2013J,01 October 2023,31 October 2023
599503,GGG,2013J,01 October 2023,31 October 2023
599529,GGG,2013J,01 October 2023,31 October 2023
599553,GGG,2013J,01 October 2023,31 October 2023
599804,GGG,2013J,01 October 2023,31 October 2023
599815,GGG,2013J,01 October 2023,31 October 2023
599853,GGG,2013J,01 October 2023,31 October 2023
599963,GGG,2013J,01 October 2023,31 October 2023
600032,GGG,2013J,01 October 2023,31 October 2023
600081,GGG,2013J,01 October 2023,31 October 2023
600097,GGG,2013J,01 October 2023,31 October 2023
600202,GGG,2013J,01 October 2023,31 October 2023
600266,GGG,2013J,01 October 2023,31 October 2023
600273,GGG,2013J,01 October 2023,31 October 2023
600277,GGG,2013J,01 October 2023,31 October 2023
600305,GGG,2013J,01 October 2023,31 October 2023
600315,GGG,2013J,01 October 2023,31 October 2023
600320,GGG,2013J,01 October 2023,31 October 2023
600325,GGG,2013J,01 October 2023,31 October 2023
600461,GGG,2013J,01 October 2023,31 October 2023
600471,GGG,2013J,01 October 2023,31 October 2023
600514,GGG,2013J,01 October 2023,31 October 2023
600566,GGG,2013J,01 October 2023,31 October 2023
600645,GGG,2013J,01 October 2023,31 October 2023
600733,GGG,2013J,01 October 2023,31 October 2023
600895,GGG,2013J,01 October 2023,31 October 2023
600906,GGG,2013J,01 October 2023,31 October 2023
600908,GGG,2013J,01 October 2023,31 October 2023
601122,GGG,2013J,01 October 2023,31 October 2023
601123,GGG,2013J,01 October 2023,31 October 2023
601125,GGG,2013J,01 October 2023,31 October 2023
601126,GGG,2013J,01 October 2023,31 October 2023
601132,GGG,2013J,01 October 2023,31 October 2023
601199,GGG,2013J,01 October 2023,31 October 2023
601239,GGG,2013J,01 October 2023,31 October 2023
601275,GGG,2013J,01 October 2023,31 October 2023
601276,GGG,2013J,01 October 2023,31 October 2023
601280,GGG,2013J,01 October 2023,31 October 2023
601319,GGG,2013J,01 October 2023,31 October 2023
601360,GGG,2013J,01 October 2023,31 October 2023
601414,GGG,2013J,01 October 2023,31 October 2023
601464,GGG,2013J,01 October 2023,31 October 2023
601465,GGG,2013J,01 October 2023,31 October 2023
601511,GGG,2013J,01 October 2023,31 October 2023
601529,GGG,2013J,01 October 2023,31 October 2023
601534,GGG,2013J,01 October 2023,31 October 2023
601546,GGG,2013J,01 October 2023,31 October 2023
601576,GGG,2013J,01 October 2023,31 October 2023
601581,GGG,2013J,01 October 2023,31 October 2023
601605,GGG,2013J,01 October 2023,31 October 2023
601645,GGG,2013J,01 October 2023,31 October 2023
601854,GGG,2013J,01 October 2023,31 October 2023
601892,GGG,2013J,01 October 2023,31 October 2023
601914,GGG,2013J,01 October 2023,31 October 2023
601939,GGG,2013J,01 October 2023,31 October 2023
601963,GGG,2013J,01 October 2023,31 October 2023
601997,GGG,2013J,01 October 2023,31 October 2023
602004,GGG,2013J,01 October 2023,31 October 2023
602023,GGG,2013J,01 October 2023,31 October 2023
602026,GGG,2013J,01 October 2023,31 October 2023
602072,GGG,2013J,01 October 2023,31 October 2023
602168,GGG,2013J,01 October 2023,31 October 2023
602175,GGG,2013J,01 October 2023,31 October 2023
602401,GGG,2013J,01 October 2023,31 October 2023
602470,GGG,2013J,01 October 2023,31 October 2023
602531,GGG,2013J,01 October 2023,31 October 2023
602573,GGG,2013J,01 October 2023,31 October 2023
602604,GGG,2013J,01 October 2023,31 October 2023
602607,GGG,2013J,01 October 2023,31 October 2023
602655,GGG,2013J,01 October 2023,31 October 2023
602711,GGG,2013J,01 October 2023,31 October 2023
602768,GGG,2013J,01 October 2023,31 October 2023
602780,GGG,2013J,01 October 2023,31 October 2023
602820,GGG,2013J,01 October 2023,31 October 2023
602997,GGG,2013J,01 October 2023,31 October 2023
603044,GGG,2013J,01 October 2023,31 October 2023
603058,GGG,2013J,01 October 2023,31 October 2023
603164,GGG,2013J,01 October 2023,31 October 2023
603230,GGG,2013J,01 October 2023,31 October 2023
603328,GGG,2013J,01 October 2023,31 October 2023
603365,GGG,2013J,01 October 2023,31 October 2023
603573,GGG,2013J,01 October 2023,31 October 2023
603579,GGG,2013J,01 October 2023,31 October 2023
603585,GGG,2013J,01 October 2023,31 October 2023
603685,GGG,2013J,01 October 2023,31 October 2023
603740,GGG,2013J,01 October 2023,31 October 2023
603763,GGG,2013J,01 October 2023,31 October 2023
603827,GGG,2013J,01 October 2023,31 October 2023
603913,GGG,2013J,01 October 2023,31 October 2023
603918,GGG,2013J,01 October 2023,31 October 2023
604064,GGG,2013J,01 October 2023,31 October 2023
604096,GGG,2013J,01 October 2023,31 October 2023
604110,GGG,2013J,01 October 2023,31 October 2023
604153,GGG,2013J,01 October 2023,31 October 2023
604213,GGG,2013J,01 October 2023,31 October 2023
604336,GGG,2013J,01 October 2023,31 October 2023
604423,GGG,2013J,01 October 2023,31 October 2023
604471,GGG,2013J,01 October 2023,31 October 2023
604498,GGG,2013J,01 October 2023,31 October 2023
604534,GGG,2013J,01 October 2023,31 October 2023
604536,GGG,2013J,01 October 2023,31 October 2023
604539,GGG,2013J,01 October 2023,31 October 2023
604588,GGG,2013J,01 October 2023,31 October 2023
604721,GGG,2013J,01 October 2023,31 October 2023
604930,GGG,2013J,01 October 2023,31 October 2023
604980,GGG,2013J,01 October 2023,31 October 2023
605027,GGG,2013J,01 October 2023,31 October 2023
605072,GGG,2013J,01 October 2023,31 October 2023
605156,GGG,2013J,01 October 2023,31 October 2023
605225,GGG,2013J,01 October 2023,31 October 2023
605301,GGG,2013J,01 October 2023,31 October 2023
605306,GGG,2013J,01 October 2023,31 October 2023
605325,GGG,2013J,01 October 2023,31 October 2023
605521,GGG,2013J,01 October 2023,31 October 2023
605692,GGG,2013J,01 October 2023,31 October 2023
605733,GGG,2013J,01 October 2023,31 October 2023
605861,GGG,2013J,01 October 2023,31 October 2023
605920,GGG,2013J,01 October 2023,31 October 2023
605939,GGG,2013J,01 October 2023,31 October 2023
605977,GGG,2013J,01 October 2023,31 October 2023
606028,GGG,2013J,01 October 2023,31 October 2023
606052,GGG,2013J,01 October 2023,31 October 2023
606233,GGG,2013J,01 October 2023,31 October 2023
606245,GGG,2013J,01 October 2023,31 October 2023
606409,GGG,2013J,01 October 2023,31 October 2023
606418,GGG,2013J,01 October 2023,31 October 2023
606435,GGG,2013J,01 October 2023,31 October 2023
606463,GGG,2013J,01 October 2023,31 October 2023
606471,GGG,2013J,01 October 2023,31 October 2023
606497,GGG,2013J,01 October 2023,31 October 2023
606570,GGG,2013J,01 October 2023,31 October 2023
606574,GGG,2013J,01 October 2023,31 October 2023
606815,GGG,2013J,01 October 2023,31 October 2023
606869,GGG,2013J,01 October 2023,31 October 2023
606895,GGG,2013J,01 October 2023,31 October 2023
607018,GGG,2013J,01 October 2023,31 October 2023
607163,GGG,2013J,01 October 2023,31 October 2023
607256,GGG,2013J,01 October 2023,31 October 2023
607293,GGG,2013J,01 October 2023,31 October 2023
607337,GGG,2013J,01 October 2023,31 October 2023
607443,GGG,2013J,01 October 2023,31 October 2023
607507,GGG,2013J,01 October 2023,31 October 2023
607510,GGG,2013J,01 October 2023,31 October 2023
607514,GGG,2013J,01 October 2023,31 October 2023
607548,GGG,2013J,01 October 2023,31 October 2023
607754,GGG,2013J,01 October 2023,31 October 2023
607797,GGG,2013J,01 October 2023,31 October 2023
607798,GGG,2013J,01 October 2023,31 October 2023
607827,GGG,2013J,01 October 2023,31 October 2023
607849,GGG,2013J,01 October 2023,31 October 2023
607912,GGG,2013J,01 October 2023,31 October 2023
607957,GGG,2013J,01 October 2023,31 October 2023
608114,GGG,2013J,01 October 2023,31 October 2023
608115,GGG,2013J,01 October 2023,31 October 2023
608306,GGG,2013J,01 October 2023,31 October 2023
608318,GGG,2013J,01 October 2023,31 October 2023
608672,GGG,2013J,01 October 2023,31 October 2023
608693,GGG,2013J,01 October 2023,31 October 2023
608714,GGG,2013J,01 October 2023,31 October 2023
609330,GGG,2013J,01 October 2023,31 October 2023
609399,GGG,2013J,01 October 2023,31 October 2023
609535,GGG,2013J,01 October 2023,31 October 2023
609538,GGG,2013J,01 October 2023,31 October 2023
609557,GGG,2013J,01 October 2023,31 October 2023
609567,GGG,2013J,01 October 2023,31 October 2023
609761,GGG,2013J,01 October 2023,31 October 2023
609837,GGG,2013J,01 October 2023,31 October 2023
609900,GGG,2013J,01 October 2023,31 October 2023
609912,GGG,2013J,01 October 2023,31 October 2023
609979,GGG,2013J,01 October 2023,31 October 2023
610012,GGG,2013J,01 October 2023,31 October 2023
610016,GGG,2013J,01 October 2023,31 October 2023
610057,GGG,2013J,01 October 2023,31 October 2023
610347,GGG,2013J,01 October 2023,31 October 2023
610380,GGG,2013J,01 October 2023,31 October 2023
610530,GGG,2013J,01 October 2023,31 October 2023
610557,GGG,2013J,01 October 2023,31 October 2023
610569,GGG,2013J,01 October 2023,31 October 2023
610573,GGG,2013J,01 October 2023,31 October 2023
610597,GGG,2013J,01 October 2023,31 October 2023
610738,GGG,2013J,01 October 2023,31 October 2023
610739,GGG,2013J,01 October 2023,31 October 2023
610749,GGG,2013J,01 October 2023,31 October 2023
611058,GGG,2013J,01 October 2023,31 October 2023
611138,GGG,2013J,01 October 2023,31 October 2023
611177,GGG,2013J,01 October 2023,31 October 2023
611215,GGG,2013J,01 October 2023,31 October 2023
611218,GGG,2013J,01 October 2023,31 October 2023
611331,GGG,2013J,01 October 2023,31 October 2023
611580,GGG,2013J,01 October 2023,31 October 2023
612986,GGG,2013J,01 October 2023,31 October 2023
1319732,GGG,2013J,01 October 2023,31 October 2023
1341096,GGG,2013J,01 October 2023,31 October 2023
1347253,GGG,2013J,01 October 2023,31 October 2023
1470552,GGG,2013J,01 October 2023,31 October 2023
1498979,GGG,2013J,01 October 2023,31 October 2023
1516666,GGG,2013J,01 October 2023,31 October 2023
1537673,GGG,2013J,01 October 2023,31 October 2023
1615575,GGG,2013J,01 October 2023,31 October 2023
1674804,GGG,2013J,01 October 2023,31 October 2023
1678445,GGG,2013J,01 October 2023,31 October 2023
1699264,GGG,2013J,01 October 2023,31 October 2023
1720448,GGG,2013J,01 October 2023,31 October 2023
1729833,GGG,2013J,01 October 2023,31 October 2023
1756915,GGG,2013J,01 October 2023,31 October 2023
1813731,GGG,2013J,01 October 2023,31 October 2023
1828078,GGG,2013J,01 October 2023,31 October 2023
1830666,GGG,2013J,01 October 2023,31 October 2023
1873505,GGG,2013J,01 October 2023,31 October 2023
1930019,GGG,2013J,01 October 2023,31 October 2023
1932526,GGG,2013J,01 October 2023,31 October 2023
1953764,GGG,2013J,01 October 2023,31 October 2023
1969985,GGG,2013J,01 October 2023,31 October 2023
1986974,GGG,2013J,01 October 2023,31 October 2023
1993905,GGG,2013J,01 October 2023,31 October 2023
2002057,GGG,2013J,01 October 2023,31 October 2023
2019921,GGG,2013J,01 October 2023,31 October 2023
2048119,GGG,2013J,01 October 2023,31 October 2023
2067146,GGG,2013J,01 October 2023,31 October 2023
2152928,GGG,2013J,01 October 2023,31 October 2023
2174129,GGG,2013J,01 October 2023,31 October 2023
2180994,GGG,2013J,01 October 2023,31 October 2023
2181700,GGG,2013J,01 October 2023,31 October 2023
2237783,GGG,2013J,01 October 2023,31 October 2023
2246073,GGG,2013J,01 October 2023,31 October 2023
2248072,GGG,2013J,01 October 2023,31 October 2023
2248779,GGG,2013J,01 October 2023,31 October 2023
2248789,GGG,2013J,01 October 2023,31 October 2023
2254271,GGG,2013J,01 October 2023,31 October 2023
2271264,GGG,2013J,01 October 2023,31 October 2023
2280643,GGG,2013J,01 October 2023,31 October 2023
2285156,GGG,2013J,01 October 2023,31 October 2023
2312783,GGG,2013J,01 October 2023,31 October 2023
2343354,GGG,2013J,01 October 2023,31 October 2023
2349926,GGG,2013J,01 October 2023,31 October 2023
2365602,GGG,2013J,01 October 2023,31 October 2023
2369187,GGG,2013J,01 October 2023,31 October 2023
2379431,GGG,2013J,01 October 2023,31 October 2023
2386281,GGG,2013J,01 October 2023,31 October 2023
2387566,GGG,2013J,01 October 2023,31 October 2023
2394352,GGG,2013J,01 October 2023,31 October 2023
2417702,GGG,2013J,01 October 2023,31 October 2023
2420364,GGG,2013J,01 October 2023,31 October 2023
2440133,GGG,2013J,01 October 2023,31 October 2023
2458203,GGG,2013J,01 October 2023,31 October 2023
2462584,GGG,2013J,01 October 2023,31 October 2023
2464917,GGG,2013J,01 October 2023,31 October 2023
2477040,GGG,2013J,01 October 2023,31 October 2023
2482885,GGG,2013J,01 October 2023,31 October 2023
2498139,GGG,2013J,01 October 2023,31 October 2023
2511859,GGG,2013J,01 October 2023,31 October 2023
2516931,GGG,2013J,01 October 2023,31 October 2023
2519972,GGG,2013J,01 October 2023,31 October 2023
2540288,GGG,2013J,01 October 2023,31 October 2023
2540450,GGG,2013J,01 October 2023,31 October 2023
2542291,GGG,2013J,01 October 2023,31 October 2023
2542342,GGG,2013J,01 October 2023,31 October 2023
2555098,GGG,2013J,01 October 2023,31 October 2023
2561971,GGG,2013J,01 October 2023,31 October 2023
2591672,GGG,2013J,01 October 2023,31 October 2023
2599817,GGG,2013J,01 October 2023,31 October 2023
2621695,GGG,2013J,01 October 2023,31 October 2023
2638532,GGG,2013J,01 October 2023,31 October 2023
2643122,GGG,2013J,01 October 2023,31 October 2023
2649341,GGG,2013J,01 October 2023,31 October 2023
2653027,GGG,2013J,01 October 2023,31 October 2023
2656100,GGG,2013J,01 October 2023,31 October 2023
2670570,GGG,2013J,01 October 2023,31 October 2023
2673510,GGG,2013J,01 October 2023,31 October 2023
2674822,GGG,2013J,01 October 2023,31 October 2023
2679386,GGG,2013J,01 October 2023,31 October 2023
2679694,GGG,2013J,01 October 2023,31 October 2023
24186,GGG,2014B,01 October 2023,31 October 2023
29985,GGG,2014B,01 October 2023,31 October 2023
31107,GGG,2014B,01 October 2023,31 October 2023
38187,GGG,2014B,01 October 2023,31 October 2023
41414,GGG,2014B,01 October 2023,31 October 2023
49123,GGG,2014B,01 October 2023,31 October 2023
64901,GGG,2014B,01 October 2023,31 October 2023
81754,GGG,2014B,01 October 2023,31 October 2023
96423,GGG,2014B,01 October 2023,31 October 2023
109772,GGG,2014B,01 October 2023,31 October 2023
112441,GGG,2014B,01 October 2023,31 October 2023
116319,GGG,2014B,01 October 2023,31 October 2023
117969,GGG,2014B,01 October 2023,31 October 2023
118474,GGG,2014B,01 October 2023,31 October 2023
120611,GGG,2014B,01 October 2023,31 October 2023
122337,GGG,2014B,01 October 2023,31 October 2023
124944,GGG,2014B,01 October 2023,31 October 2023
131820,GGG,2014B,01 October 2023,31 October 2023
133068,GGG,2014B,01 October 2023,31 October 2023
134123,GGG,2014B,01 October 2023,31 October 2023
139329,GGG,2014B,01 October 2023,31 October 2023
145388,GGG,2014B,01 October 2023,31 October 2023
146192,GGG,2014B,01 October 2023,31 October 2023
152671,GGG,2014B,01 October 2023,31 October 2023
159571,GGG,2014B,01 October 2023,31 October 2023
160479,GGG,2014B,01 October 2023,31 October 2023
160945,GGG,2014B,01 October 2023,31 October 2023
164211,GGG,2014B,01 October 2023,31 October 2023
164451,GGG,2014B,01 October 2023,31 October 2023
165898,GGG,2014B,01 October 2023,31 October 2023
168845,GGG,2014B,01 October 2023,31 October 2023
178935,GGG,2014B,01 October 2023,31 October 2023
184137,GGG,2014B,01 October 2023,31 October 2023
191235,GGG,2014B,01 October 2023,31 October 2023
198315,GGG,2014B,01 October 2023,31 October 2023
203963,GGG,2014B,01 October 2023,31 October 2023
204550,GGG,2014B,01 October 2023,31 October 2023
204738,GGG,2014B,01 October 2023,31 October 2023
233461,GGG,2014B,01 October 2023,31 October 2023
245802,GGG,2014B,01 October 2023,31 October 2023
254417,GGG,2014B,01 October 2023,31 October 2023
261342,GGG,2014B,01 October 2023,31 October 2023
278962,GGG,2014B,01 October 2023,31 October 2023
279839,GGG,2014B,01 October 2023,31 October 2023
282388,GGG,2014B,01 October 2023,31 October 2023
282962,GGG,2014B,01 October 2023,31 October 2023
283035,GGG,2014B,01 October 2023,31 October 2023
285193,GGG,2014B,01 October 2023,31 October 2023
285223,GGG,2014B,01 October 2023,31 October 2023
285861,GGG,2014B,01 October 2023,31 October 2023
299536,GGG,2014B,01 October 2023,31 October 2023
301498,GGG,2014B,01 October 2023,31 October 2023
304106,GGG,2014B,01 October 2023,31 October 2023
305792,GGG,2014B,01 October 2023,31 October 2023
324773,GGG,2014B,01 October 2023,31 October 2023
344098,GGG,2014B,01 October 2023,31 October 2023
345737,GGG,2014B,01 October 2023,31 October 2023
345881,GGG,2014B,01 October 2023,31 October 2023
350473,GGG,2014B,01 October 2023,31 October 2023
359645,GGG,2014B,01 October 2023,31 October 2023
365084,GGG,2014B,01 October 2023,31 October 2023
366371,GGG,2014B,01 October 2023,31 October 2023
366771,GGG,2014B,01 October 2023,31 October 2023
372837,GGG,2014B,01 October 2023,31 October 2023
374266,GGG,2014B,01 October 2023,31 October 2023
380238,GGG,2014B,01 October 2023,31 October 2023
380894,GGG,2014B,01 October 2023,31 October 2023
384035,GGG,2014B,01 October 2023,31 October 2023
385228,GGG,2014B,01 October 2023,31 October 2023
387294,GGG,2014B,01 October 2023,31 October 2023
393682,GGG,2014B,01 October 2023,31 October 2023
394024,GGG,2014B,01 October 2023,31 October 2023
398029,GGG,2014B,01 October 2023,31 October 2023
399120,GGG,2014B,01 October 2023,31 October 2023
401909,GGG,2014B,01 October 2023,31 October 2023
406751,GGG,2014B,01 October 2023,31 October 2023
411546,GGG,2014B,01 October 2023,31 October 2023
414668,GGG,2014B,01 October 2023,31 October 2023
414696,GGG,2014B,01 October 2023,31 October 2023
415399,GGG,2014B,01 October 2023,31 October 2023
415818,GGG,2014B,01 October 2023,31 October 2023
417096,GGG,2014B,01 October 2023,31 October 2023
425257,GGG,2014B,01 October 2023,31 October 2023
426547,GGG,2014B,01 October 2023,31 October 2023
441791,GGG,2014B,01 October 2023,31 October 2023
442561,GGG,2014B,01 October 2023,31 October 2023
442618,GGG,2014B,01 October 2023,31 October 2023
442877,GGG,2014B,01 October 2023,31 October 2023
442949,GGG,2014B,01 October 2023,31 October 2023
443387,GGG,2014B,01 October 2023,31 October 2023
447475,GGG,2014B,01 October 2023,31 October 2023
469284,GGG,2014B,01 October 2023,31 October 2023
472511,GGG,2014B,01 October 2023,31 October 2023
480086,GGG,2014B,01 October 2023,31 October 2023
480590,GGG,2014B,01 October 2023,31 October 2023
481762,GGG,2014B,01 October 2023,31 October 2023
482677,GGG,2014B,01 October 2023,31 October 2023
483582,GGG,2014B,01 October 2023,31 October 2023
485448,GGG,2014B,01 October 2023,31 October 2023
486279,GGG,2014B,01 October 2023,31 October 2023
487278,GGG,2014B,01 October 2023,31 October 2023
488445,GGG,2014B,01 October 2023,31 October 2023
491474,GGG,2014B,01 October 2023,31 October 2023
491607,GGG,2014B,01 October 2023,31 October 2023
492909,GGG,2014B,01 October 2023,31 October 2023
495976,GGG,2014B,01 October 2023,31 October 2023
496978,GGG,2014B,01 October 2023,31 October 2023
497619,GGG,2014B,01 October 2023,31 October 2023
502182,GGG,2014B,01 October 2023,31 October 2023
502709,GGG,2014B,01 October 2023,31 October 2023
502763,GGG,2014B,01 October 2023,31 October 2023
503201,GGG,2014B,01 October 2023,31 October 2023
506533,GGG,2014B,01 October 2023,31 October 2023
507334,GGG,2014B,01 October 2023,31 October 2023
508573,GGG,2014B,01 October 2023,31 October 2023
508924,GGG,2014B,01 October 2023,31 October 2023
510874,GGG,2014B,01 October 2023,31 October 2023
511228,GGG,2014B,01 October 2023,31 October 2023
511492,GGG,2014B,01 October 2023,31 October 2023
515051,GGG,2014B,01 October 2023,31 October 2023
518145,GGG,2014B,01 October 2023,31 October 2023
518661,GGG,2014B,01 October 2023,31 October 2023
519910,GGG,2014B,01 October 2023,31 October 2023
521644,GGG,2014B,01 October 2023,31 October 2023
523427,GGG,2014B,01 October 2023,31 October 2023
532441,GGG,2014B,01 October 2023,31 October 2023
532473,GGG,2014B,01 October 2023,31 October 2023
533054,GGG,2014B,01 October 2023,31 October 2023
538918,GGG,2014B,01 October 2023,31 October 2023
541044,GGG,2014B,01 October 2023,31 October 2023
541890,GGG,2014B,01 October 2023,31 October 2023
543910,GGG,2014B,01 October 2023,31 October 2023
545665,GGG,2014B,01 October 2023,31 October 2023
547155,GGG,2014B,01 October 2023,31 October 2023
549603,GGG,2014B,01 October 2023,31 October 2023
550515,GGG,2014B,01 October 2023,31 October 2023
550662,GGG,2014B,01 October 2023,31 October 2023
550758,GGG,2014B,01 October 2023,31 October 2023
551562,GGG,2014B,01 October 2023,31 October 2023
552486,GGG,2014B,01 October 2023,31 October 2023
552509,GGG,2014B,01 October 2023,31 October 2023
553640,GGG,2014B,01 October 2023,31 October 2023
556406,GGG,2014B,01 October 2023,31 October 2023
556463,GGG,2014B,01 October 2023,31 October 2023
561441,GGG,2014B,01 October 2023,31 October 2023
562628,GGG,2014B,01 October 2023,31 October 2023
563301,GGG,2014B,01 October 2023,31 October 2023
566818,GGG,2014B,01 October 2023,31 October 2023
568572,GGG,2014B,01 October 2023,31 October 2023
568863,GGG,2014B,01 October 2023,31 October 2023
569093,GGG,2014B,01 October 2023,31 October 2023
571089,GGG,2014B,01 October 2023,31 October 2023
573834,GGG,2014B,01 October 2023,31 October 2023
575199,GGG,2014B,01 October 2023,31 October 2023
575217,GGG,2014B,01 October 2023,31 October 2023
575324,GGG,2014B,01 October 2023,31 October 2023
575693,GGG,2014B,01 October 2023,31 October 2023
575709,GGG,2014B,01 October 2023,31 October 2023
576416,GGG,2014B,01 October 2023,31 October 2023
576658,GGG,2014B,01 October 2023,31 October 2023
577000,GGG,2014B,01 October 2023,31 October 2023
577136,GGG,2014B,01 October 2023,31 October 2023
577275,GGG,2014B,01 October 2023,31 October 2023
577474,GGG,2014B,01 October 2023,31 October 2023
577792,GGG,2014B,01 October 2023,31 October 2023
578389,GGG,2014B,01 October 2023,31 October 2023
578452,GGG,2014B,01 October 2023,31 October 2023
578845,GGG,2014B,01 October 2023,31 October 2023
579692,GGG,2014B,01 October 2023,31 October 2023
582033,GGG,2014B,01 October 2023,31 October 2023
582283,GGG,2014B,01 October 2023,31 October 2023
583101,GGG,2014B,01 October 2023,31 October 2023
583148,GGG,2014B,01 October 2023,31 October 2023
583686,GGG,2014B,01 October 2023,31 October 2023
583687,GGG,2014B,01 October 2023,31 October 2023
586054,GGG,2014B,01 October 2023,31 October 2023
586494,GGG,2014B,01 October 2023,31 October 2023
587287,GGG,2014B,01 October 2023,31 October 2023
587613,GGG,2014B,01 October 2023,31 October 2023
588031,GGG,2014B,01 October 2023,31 October 2023
588489,GGG,2014B,01 October 2023,31 October 2023
588940,GGG,2014B,01 October 2023,31 October 2023
589009,GGG,2014B,01 October 2023,31 October 2023
589053,GGG,2014B,01 October 2023,31 October 2023
589973,GGG,2014B,01 October 2023,31 October 2023
590445,GGG,2014B,01 October 2023,31 October 2023
590739,GGG,2014B,01 October 2023,31 October 2023
590758,GGG,2014B,01 October 2023,31 October 2023
591563,GGG,2014B,01 October 2023,31 October 2023
592001,GGG,2014B,01 October 2023,31 October 2023
592190,GGG,2014B,01 October 2023,31 October 2023
593121,GGG,2014B,01 October 2023,31 October 2023
593785,GGG,2014B,01 October 2023,31 October 2023
593965,GGG,2014B,01 October 2023,31 October 2023
594167,GGG,2014B,01 October 2023,31 October 2023
594723,GGG,2014B,01 October 2023,31 October 2023
594908,GGG,2014B,01 October 2023,31 October 2023
595102,GGG,2014B,01 October 2023,31 October 2023
595343,GGG,2014B,01 October 2023,31 October 2023
595572,GGG,2014B,01 October 2023,31 October 2023
596307,GGG,2014B,01 October 2023,31 October 2023
596382,GGG,2014B,01 October 2023,31 October 2023
596588,GGG,2014B,01 October 2023,31 October 2023
596751,GGG,2014B,01 October 2023,31 October 2023
597010,GGG,2014B,01 October 2023,31 October 2023
597037,GGG,2014B,01 October 2023,31 October 2023
598017,GGG,2014B,01 October 2023,31 October 2023
598127,GGG,2014B,01 October 2023,31 October 2023
598496,GGG,2014B,01 October 2023,31 October 2023
598564,GGG,2014B,01 October 2023,31 October 2023
599144,GGG,2014B,01 October 2023,31 October 2023
599276,GGG,2014B,01 October 2023,31 October 2023
599277,GGG,2014B,01 October 2023,31 October 2023
599467,GGG,2014B,01 October 2023,31 October 2023
599620,GGG,2014B,01 October 2023,31 October 2023
600035,GGG,2014B,01 October 2023,31 October 2023
600390,GGG,2014B,01 October 2023,31 October 2023
600714,GGG,2014B,01 October 2023,31 October 2023
601064,GGG,2014B,01 October 2023,31 October 2023
602045,GGG,2014B,01 October 2023,31 October 2023
602061,GGG,2014B,01 October 2023,31 October 2023
602616,GGG,2014B,01 October 2023,31 October 2023
602858,GGG,2014B,01 October 2023,31 October 2023
603064,GGG,2014B,01 October 2023,31 October 2023
603124,GGG,2014B,01 October 2023,31 October 2023
603612,GGG,2014B,01 October 2023,31 October 2023
604482,GGG,2014B,01 October 2023,31 October 2023
604504,GGG,2014B,01 October 2023,31 October 2023
604901,GGG,2014B,01 October 2023,31 October 2023
605176,GGG,2014B,01 October 2023,31 October 2023
605375,GGG,2014B,01 October 2023,31 October 2023
605445,GGG,2014B,01 October 2023,31 October 2023
605556,GGG,2014B,01 October 2023,31 October 2023
605702,GGG,2014B,01 October 2023,31 October 2023
605828,GGG,2014B,01 October 2023,31 October 2023
606101,GGG,2014B,01 October 2023,31 October 2023
606175,GGG,2014B,01 October 2023,31 October 2023
606274,GGG,2014B,01 October 2023,31 October 2023
606296,GGG,2014B,01 October 2023,31 October 2023
606389,GGG,2014B,01 October 2023,31 October 2023
606602,GGG,2014B,01 October 2023,31 October 2023
606705,GGG,2014B,01 October 2023,31 October 2023
606707,GGG,2014B,01 October 2023,31 October 2023
606858,GGG,2014B,01 October 2023,31 October 2023
607235,GGG,2014B,01 October 2023,31 October 2023
607530,GGG,2014B,01 October 2023,31 October 2023
607536,GGG,2014B,01 October 2023,31 October 2023
607547,GGG,2014B,01 October 2023,31 October 2023
607738,GGG,2014B,01 October 2023,31 October 2023
607762,GGG,2014B,01 October 2023,31 October 2023
608109,GGG,2014B,01 October 2023,31 October 2023
608221,GGG,2014B,01 October 2023,31 October 2023
608263,GGG,2014B,01 October 2023,31 October 2023
608292,GGG,2014B,01 October 2023,31 October 2023
608596,GGG,2014B,01 October 2023,31 October 2023
608628,GGG,2014B,01 October 2023,31 October 2023
608649,GGG,2014B,01 October 2023,31 October 2023
608907,GGG,2014B,01 October 2023,31 October 2023
609297,GGG,2014B,01 October 2023,31 October 2023
609326,GGG,2014B,01 October 2023,31 October 2023
609365,GGG,2014B,01 October 2023,31 October 2023
609754,GGG,2014B,01 October 2023,31 October 2023
610127,GGG,2014B,01 October 2023,31 October 2023
610336,GGG,2014B,01 October 2023,31 October 2023
610398,GGG,2014B,01 October 2023,31 October 2023
610461,GGG,2014B,01 October 2023,31 October 2023
610917,GGG,2014B,01 October 2023,31 October 2023
610967,GGG,2014B,01 October 2023,31 October 2023
611195,GGG,2014B,01 October 2023,31 October 2023
611351,GGG,2014B,01 October 2023,31 October 2023
611489,GGG,2014B,01 October 2023,31 October 2023
611496,GGG,2014B,01 October 2023,31 October 2023
611534,GGG,2014B,01 October 2023,31 October 2023
611612,GGG,2014B,01 October 2023,31 October 2023
611629,GGG,2014B,01 October 2023,31 October 2023
611962,GGG,2014B,01 October 2023,31 October 2023
612002,GGG,2014B,01 October 2023,31 October 2023
612039,GGG,2014B,01 October 2023,31 October 2023
612089,GGG,2014B,01 October 2023,31 October 2023
612149,GGG,2014B,01 October 2023,31 October 2023
612207,GGG,2014B,01 October 2023,31 October 2023
612319,GGG,2014B,01 October 2023,31 October 2023
612363,GGG,2014B,01 October 2023,31 October 2023
612385,GGG,2014B,01 October 2023,31 October 2023
612459,GGG,2014B,01 October 2023,31 October 2023
612565,GGG,2014B,01 October 2023,31 October 2023
612620,GGG,2014B,01 October 2023,31 October 2023
612621,GGG,2014B,01 October 2023,31 October 2023
612690,GGG,2014B,01 October 2023,31 October 2023
612709,GGG,2014B,01 October 2023,31 October 2023
612711,GGG,2014B,01 October 2023,31 October 2023
612797,GGG,2014B,01 October 2023,31 October 2023
612870,GGG,2014B,01 October 2023,31 October 2023
612903,GGG,2014B,01 October 2023,31 October 2023
612929,GGG,2014B,01 October 2023,31 October 2023
613015,GGG,2014B,01 October 2023,31 October 2023
613039,GGG,2014B,01 October 2023,31 October 2023
613131,GGG,2014B,01 October 2023,31 October 2023
613227,GGG,2014B,01 October 2023,31 October 2023
613235,GGG,2014B,01 October 2023,31 October 2023
613300,GGG,2014B,01 October 2023,31 October 2023
613407,GGG,2014B,01 October 2023,31 October 2023
613611,GGG,2014B,01 October 2023,31 October 2023
613616,GGG,2014B,01 October 2023,31 October 2023
613639,GGG,2014B,01 October 2023,31 October 2023
613646,GGG,2014B,01 October 2023,31 October 2023
613675,GGG,2014B,01 October 2023,31 October 2023
613683,GGG,2014B,01 October 2023,31 October 2023
613691,GGG,2014B,01 October 2023,31 October 2023
613720,GGG,2014B,01 October 2023,31 October 2023
613972,GGG,2014B,01 October 2023,31 October 2023
613981,GGG,2014B,01 October 2023,31 October 2023
613988,GGG,2014B,01 October 2023,31 October 2023
613993,GGG,2014B,01 October 2023,31 October 2023
614073,GGG,2014B,01 October 2023,31 October 2023
614129,GGG,2014B,01 October 2023,31 October 2023
614142,GGG,2014B,01 October 2023,31 October 2023
614162,GGG,2014B,01 October 2023,31 October 2023
614204,GGG,2014B,01 October 2023,31 October 2023
614224,GGG,2014B,01 October 2023,31 October 2023
614233,GGG,2014B,01 October 2023,31 October 2023
614249,GGG,2014B,01 October 2023,31 October 2023
614262,GGG,2014B,01 October 2023,31 October 2023
614398,GGG,2014B,01 October 2023,31 October 2023
614419,GGG,2014B,01 October 2023,31 October 2023
614424,GGG,2014B,01 October 2023,31 October 2023
614571,GGG,2014B,01 October 2023,31 October 2023
614582,GGG,2014B,01 October 2023,31 October 2023
614892,GGG,2014B,01 October 2023,31 October 2023
614893,GGG,2014B,01 October 2023,31 October 2023
615001,GGG,2014B,01 October 2023,31 October 2023
615078,GGG,2014B,01 October 2023,31 October 2023
615085,GGG,2014B,01 October 2023,31 October 2023
615103,GGG,2014B,01 October 2023,31 October 2023
615283,GGG,2014B,01 October 2023,31 October 2023
615300,GGG,2014B,01 October 2023,31 October 2023
615327,GGG,2014B,01 October 2023,31 October 2023
615377,GGG,2014B,01 October 2023,31 October 2023
615401,GGG,2014B,01 October 2023,31 October 2023
615404,GGG,2014B,01 October 2023,31 October 2023
615425,GGG,2014B,01 October 2023,31 October 2023
615487,GGG,2014B,01 October 2023,31 October 2023
616338,GGG,2014B,01 October 2023,31 October 2023
616457,GGG,2014B,01 October 2023,31 October 2023
616512,GGG,2014B,01 October 2023,31 October 2023
616595,GGG,2014B,01 October 2023,31 October 2023
616629,GGG,2014B,01 October 2023,31 October 2023
616672,GGG,2014B,01 October 2023,31 October 2023
616706,GGG,2014B,01 October 2023,31 October 2023
616727,GGG,2014B,01 October 2023,31 October 2023
616728,GGG,2014B,01 October 2023,31 October 2023
616742,GGG,2014B,01 October 2023,31 October 2023
616851,GGG,2014B,01 October 2023,31 October 2023
616866,GGG,2014B,01 October 2023,31 October 2023
617107,GGG,2014B,01 October 2023,31 October 2023
617114,GGG,2014B,01 October 2023,31 October 2023
617133,GGG,2014B,01 October 2023,31 October 2023
617238,GGG,2014B,01 October 2023,31 October 2023
617346,GGG,2014B,01 October 2023,31 October 2023
617347,GGG,2014B,01 October 2023,31 October 2023
617391,GGG,2014B,01 October 2023,31 October 2023
617470,GGG,2014B,01 October 2023,31 October 2023
617578,GGG,2014B,01 October 2023,31 October 2023
617611,GGG,2014B,01 October 2023,31 October 2023
617700,GGG,2014B,01 October 2023,31 October 2023
617745,GGG,2014B,01 October 2023,31 October 2023
617883,GGG,2014B,01 October 2023,31 October 2023
617886,GGG,2014B,01 October 2023,31 October 2023
617889,GGG,2014B,01 October 2023,31 October 2023
617909,GGG,2014B,01 October 2023,31 October 2023
618024,GGG,2014B,01 October 2023,31 October 2023
618088,GGG,2014B,01 October 2023,31 October 2023
618119,GGG,2014B,01 October 2023,31 October 2023
618176,GGG,2014B,01 October 2023,31 October 2023
618244,GGG,2014B,01 October 2023,31 October 2023
618338,GGG,2014B,01 October 2023,31 October 2023
618444,GGG,2014B,01 October 2023,31 October 2023
618579,GGG,2014B,01 October 2023,31 October 2023
618580,GGG,2014B,01 October 2023,31 October 2023
618621,GGG,2014B,01 October 2023,31 October 2023
618767,GGG,2014B,01 October 2023,31 October 2023
618846,GGG,2014B,01 October 2023,31 October 2023
618887,GGG,2014B,01 October 2023,31 October 2023
618893,GGG,2014B,01 October 2023,31 October 2023
619013,GGG,2014B,01 October 2023,31 October 2023
619107,GGG,2014B,01 October 2023,31 October 2023
619212,GGG,2014B,01 October 2023,31 October 2023
619284,GGG,2014B,01 October 2023,31 October 2023
619363,GGG,2014B,01 October 2023,31 October 2023
619478,GGG,2014B,01 October 2023,31 October 2023
619481,GGG,2014B,01 October 2023,31 October 2023
619483,GGG,2014B,01 October 2023,31 October 2023
619520,GGG,2014B,01 October 2023,31 October 2023
619926,GGG,2014B,01 October 2023,31 October 2023
619945,GGG,2014B,01 October 2023,31 October 2023
619952,GGG,2014B,01 October 2023,31 October 2023
620179,GGG,2014B,01 October 2023,31 October 2023
620190,GGG,2014B,01 October 2023,31 October 2023
620197,GGG,2014B,01 October 2023,31 October 2023
620218,GGG,2014B,01 October 2023,31 October 2023
620317,GGG,2014B,01 October 2023,31 October 2023
620460,GGG,2014B,01 October 2023,31 October 2023
620490,GGG,2014B,01 October 2023,31 October 2023
620522,GGG,2014B,01 October 2023,31 October 2023
620552,GGG,2014B,01 October 2023,31 October 2023
620561,GGG,2014B,01 October 2023,31 October 2023
620564,GGG,2014B,01 October 2023,31 October 2023
620590,GGG,2014B,01 October 2023,31 October 2023
620629,GGG,2014B,01 October 2023,31 October 2023
620726,GGG,2014B,01 October 2023,31 October 2023
620728,GGG,2014B,01 October 2023,31 October 2023
620808,GGG,2014B,01 October 2023,31 October 2023
620915,GGG,2014B,01 October 2023,31 October 2023
620946,GGG,2014B,01 October 2023,31 October 2023
620956,GGG,2014B,01 October 2023,31 October 2023
620982,GGG,2014B,01 October 2023,31 October 2023
621017,GGG,2014B,01 October 2023,31 October 2023
621025,GGG,2014B,01 October 2023,31 October 2023
621319,GGG,2014B,01 October 2023,31 October 2023
621331,GGG,2014B,01 October 2023,31 October 2023
621342,GGG,2014B,01 October 2023,31 October 2023
621459,GGG,2014B,01 October 2023,31 October 2023
621473,GGG,2014B,01 October 2023,31 October 2023
621478,GGG,2014B,01 October 2023,31 October 2023
621676,GGG,2014B,01 October 2023,31 October 2023
621693,GGG,2014B,01 October 2023,31 October 2023
621716,GGG,2014B,01 October 2023,31 October 2023
621755,GGG,2014B,01 October 2023,31 October 2023
621888,GGG,2014B,01 October 2023,31 October 2023
621923,GGG,2014B,01 October 2023,31 October 2023
622074,GGG,2014B,01 October 2023,31 October 2023
622166,GGG,2014B,01 October 2023,31 October 2023
622245,GGG,2014B,01 October 2023,31 October 2023
622252,GGG,2014B,01 October 2023,31 October 2023
622352,GGG,2014B,01 October 2023,31 October 2023
622356,GGG,2014B,01 October 2023,31 October 2023
622382,GGG,2014B,01 October 2023,31 October 2023
622387,GGG,2014B,01 October 2023,31 October 2023
622432,GGG,2014B,01 October 2023,31 October 2023
622433,GGG,2014B,01 October 2023,31 October 2023
622480,GGG,2014B,01 October 2023,31 October 2023
622482,GGG,2014B,01 October 2023,31 October 2023
622500,GGG,2014B,01 October 2023,31 October 2023
622516,GGG,2014B,01 October 2023,31 October 2023
622570,GGG,2014B,01 October 2023,31 October 2023
622618,GGG,2014B,01 October 2023,31 October 2023
622646,GGG,2014B,01 October 2023,31 October 2023
622886,GGG,2014B,01 October 2023,31 October 2023
623010,GGG,2014B,01 October 2023,31 October 2023
623029,GGG,2014B,01 October 2023,31 October 2023
623072,GGG,2014B,01 October 2023,31 October 2023
623081,GGG,2014B,01 October 2023,31 October 2023
623233,GGG,2014B,01 October 2023,31 October 2023
623322,GGG,2014B,01 October 2023,31 October 2023
623335,GGG,2014B,01 October 2023,31 October 2023
623416,GGG,2014B,01 October 2023,31 October 2023
623418,GGG,2014B,01 October 2023,31 October 2023
623442,GGG,2014B,01 October 2023,31 October 2023
623457,GGG,2014B,01 October 2023,31 October 2023
623495,GGG,2014B,01 October 2023,31 October 2023
623575,GGG,2014B,01 October 2023,31 October 2023
623602,GGG,2014B,01 October 2023,31 October 2023
623778,GGG,2014B,01 October 2023,31 October 2023
623804,GGG,2014B,01 October 2023,31 October 2023
623831,GGG,2014B,01 October 2023,31 October 2023
623859,GGG,2014B,01 October 2023,31 October 2023
623903,GGG,2014B,01 October 2023,31 October 2023
623909,GGG,2014B,01 October 2023,31 October 2023
623919,GGG,2014B,01 October 2023,31 October 2023
623953,GGG,2014B,01 October 2023,31 October 2023
623988,GGG,2014B,01 October 2023,31 October 2023
624099,GGG,2014B,01 October 2023,31 October 2023
624199,GGG,2014B,01 October 2023,31 October 2023
624226,GGG,2014B,01 October 2023,31 October 2023
624230,GGG,2014B,01 October 2023,31 October 2023
624297,GGG,2014B,01 October 2023,31 October 2023
624321,GGG,2014B,01 October 2023,31 October 2023
624327,GGG,2014B,01 October 2023,31 October 2023
624430,GGG,2014B,01 October 2023,31 October 2023
624433,GGG,2014B,01 October 2023,31 October 2023
624455,GGG,2014B,01 October 2023,31 October 2023
624522,GGG,2014B,01 October 2023,31 October 2023
624569,GGG,2014B,01 October 2023,31 October 2023
624650,GGG,2014B,01 October 2023,31 October 2023
624667,GGG,2014B,01 October 2023,31 October 2023
624679,GGG,2014B,01 October 2023,31 October 2023
624706,GGG,2014B,01 October 2023,31 October 2023
624714,GGG,2014B,01 October 2023,31 October 2023
624727,GGG,2014B,01 October 2023,31 October 2023
624767,GGG,2014B,01 October 2023,31 October 2023
624777,GGG,2014B,01 October 2023,31 October 2023
624828,GGG,2014B,01 October 2023,31 October 2023
624906,GGG,2014B,01 October 2023,31 October 2023
624912,GGG,2014B,01 October 2023,31 October 2023
624938,GGG,2014B,01 October 2023,31 October 2023
624940,GGG,2014B,01 October 2023,31 October 2023
625033,GGG,2014B,01 October 2023,31 October 2023
625079,GGG,2014B,01 October 2023,31 October 2023
625089,GGG,2014B,01 October 2023,31 October 2023
625106,GGG,2014B,01 October 2023,31 October 2023
625376,GGG,2014B,01 October 2023,31 October 2023
625399,GGG,2014B,01 October 2023,31 October 2023
625446,GGG,2014B,01 October 2023,31 October 2023
625494,GGG,2014B,01 October 2023,31 October 2023
625540,GGG,2014B,01 October 2023,31 October 2023
625544,GGG,2014B,01 October 2023,31 October 2023
625545,GGG,2014B,01 October 2023,31 October 2023
625603,GGG,2014B,01 October 2023,31 October 2023
625649,GGG,2014B,01 October 2023,31 October 2023
625651,GGG,2014B,01 October 2023,31 October 2023
625676,GGG,2014B,01 October 2023,31 October 2023
625722,GGG,2014B,01 October 2023,31 October 2023
625775,GGG,2014B,01 October 2023,31 October 2023
625875,GGG,2014B,01 October 2023,31 October 2023
625912,GGG,2014B,01 October 2023,31 October 2023
625930,GGG,2014B,01 October 2023,31 October 2023
626023,GGG,2014B,01 October 2023,31 October 2023
626091,GGG,2014B,01 October 2023,31 October 2023
626092,GGG,2014B,01 October 2023,31 October 2023
626096,GGG,2014B,01 October 2023,31 October 2023
626145,GGG,2014B,01 October 2023,31 October 2023
626213,GGG,2014B,01 October 2023,31 October 2023
626256,GGG,2014B,01 October 2023,31 October 2023
626282,GGG,2014B,01 October 2023,31 October 2023
626287,GGG,2014B,01 October 2023,31 October 2023
626306,GGG,2014B,01 October 2023,31 October 2023
626307,GGG,2014B,01 October 2023,31 October 2023
626317,GGG,2014B,01 October 2023,31 October 2023
626372,GGG,2014B,01 October 2023,31 October 2023
626379,GGG,2014B,01 October 2023,31 October 2023
626585,GGG,2014B,01 October 2023,31 October 2023
626589,GGG,2014B,01 October 2023,31 October 2023
626618,GGG,2014B,01 October 2023,31 October 2023
626629,GGG,2014B,01 October 2023,31 October 2023
626667,GGG,2014B,01 October 2023,31 October 2023
626675,GGG,2014B,01 October 2023,31 October 2023
626708,GGG,2014B,01 October 2023,31 October 2023
626751,GGG,2014B,01 October 2023,31 October 2023
626927,GGG,2014B,01 October 2023,31 October 2023
626940,GGG,2014B,01 October 2023,31 October 2023
626982,GGG,2014B,01 October 2023,31 October 2023
627043,GGG,2014B,01 October 2023,31 October 2023
627050,GGG,2014B,01 October 2023,31 October 2023
627057,GGG,2014B,01 October 2023,31 October 2023
627076,GGG,2014B,01 October 2023,31 October 2023
627217,GGG,2014B,01 October 2023,31 October 2023
627251,GGG,2014B,01 October 2023,31 October 2023
627264,GGG,2014B,01 October 2023,31 October 2023
627327,GGG,2014B,01 October 2023,31 October 2023
627330,GGG,2014B,01 October 2023,31 October 2023
627441,GGG,2014B,01 October 2023,31 October 2023
627530,GGG,2014B,01 October 2023,31 October 2023
627597,GGG,2014B,01 October 2023,31 October 2023
627661,GGG,2014B,01 October 2023,31 October 2023
627764,GGG,2014B,01 October 2023,31 October 2023
627773,GGG,2014B,01 October 2023,31 October 2023
627787,GGG,2014B,01 October 2023,31 October 2023
627812,GGG,2014B,01 October 2023,31 October 2023
627821,GGG,2014B,01 October 2023,31 October 2023
627827,GGG,2014B,01 October 2023,31 October 2023
627834,GGG,2014B,01 October 2023,31 October 2023
627843,GGG,2014B,01 October 2023,31 October 2023
627895,GGG,2014B,01 October 2023,31 October 2023
627901,GGG,2014B,01 October 2023,31 October 2023
627973,GGG,2014B,01 October 2023,31 October 2023
628189,GGG,2014B,01 October 2023,31 October 2023
628217,GGG,2014B,01 October 2023,31 October 2023
628227,GGG,2014B,01 October 2023,31 October 2023
628245,GGG,2014B,01 October 2023,31 October 2023
628280,GGG,2014B,01 October 2023,31 October 2023
628316,GGG,2014B,01 October 2023,31 October 2023
628365,GGG,2014B,01 October 2023,31 October 2023
628367,GGG,2014B,01 October 2023,31 October 2023
628369,GGG,2014B,01 October 2023,31 October 2023
628455,GGG,2014B,01 October 2023,31 October 2023
628495,GGG,2014B,01 October 2023,31 October 2023
628530,GGG,2014B,01 October 2023,31 October 2023
628538,GGG,2014B,01 October 2023,31 October 2023
628545,GGG,2014B,01 October 2023,31 October 2023
628598,GGG,2014B,01 October 2023,31 October 2023
628630,GGG,2014B,01 October 2023,31 October 2023
628653,GGG,2014B,01 October 2023,31 October 2023
628669,GGG,2014B,01 October 2023,31 October 2023
628712,GGG,2014B,01 October 2023,31 October 2023
628715,GGG,2014B,01 October 2023,31 October 2023
628722,GGG,2014B,01 October 2023,31 October 2023
628759,GGG,2014B,01 October 2023,31 October 2023
628849,GGG,2014B,01 October 2023,31 October 2023
628851,GGG,2014B,01 October 2023,31 October 2023
628869,GGG,2014B,01 October 2023,31 October 2023
628870,GGG,2014B,01 October 2023,31 October 2023
628881,GGG,2014B,01 October 2023,31 October 2023
628929,GGG,2014B,01 October 2023,31 October 2023
628931,GGG,2014B,01 October 2023,31 October 2023
629153,GGG,2014B,01 October 2023,31 October 2023
629198,GGG,2014B,01 October 2023,31 October 2023
629310,GGG,2014B,01 October 2023,31 October 2023
629387,GGG,2014B,01 October 2023,31 October 2023
629514,GGG,2014B,01 October 2023,31 October 2023
629537,GGG,2014B,01 October 2023,31 October 2023
629542,GGG,2014B,01 October 2023,31 October 2023
629580,GGG,2014B,01 October 2023,31 October 2023
629633,GGG,2014B,01 October 2023,31 October 2023
629745,GGG,2014B,01 October 2023,31 October 2023
629772,GGG,2014B,01 October 2023,31 October 2023
629777,GGG,2014B,01 October 2023,31 October 2023
629779,GGG,2014B,01 October 2023,31 October 2023
629813,GGG,2014B,01 October 2023,31 October 2023
629820,GGG,2014B,01 October 2023,31 October 2023
629853,GGG,2014B,01 October 2023,31 October 2023
629960,GGG,2014B,01 October 2023,31 October 2023
629961,GGG,2014B,01 October 2023,31 October 2023
629963,GGG,2014B,01 October 2023,31 October 2023
629978,GGG,2014B,01 October 2023,31 October 2023
629990,GGG,2014B,01 October 2023,31 October 2023
630008,GGG,2014B,01 October 2023,31 October 2023
630099,GGG,2014B,01 October 2023,31 October 2023
630108,GGG,2014B,01 October 2023,31 October 2023
630133,GGG,2014B,01 October 2023,31 October 2023
630149,GGG,2014B,01 October 2023,31 October 2023
630156,GGG,2014B,01 October 2023,31 October 2023
630169,GGG,2014B,01 October 2023,31 October 2023
630203,GGG,2014B,01 October 2023,31 October 2023
630219,GGG,2014B,01 October 2023,31 October 2023
630221,GGG,2014B,01 October 2023,31 October 2023
630240,GGG,2014B,01 October 2023,31 October 2023
630242,GGG,2014B,01 October 2023,31 October 2023
630446,GGG,2014B,01 October 2023,31 October 2023
630496,GGG,2014B,01 October 2023,31 October 2023
630522,GGG,2014B,01 October 2023,31 October 2023
630538,GGG,2014B,01 October 2023,31 October 2023
630569,GGG,2014B,01 October 2023,31 October 2023
630571,GGG,2014B,01 October 2023,31 October 2023
630762,GGG,2014B,01 October 2023,31 October 2023
630770,GGG,2014B,01 October 2023,31 October 2023
630776,GGG,2014B,01 October 2023,31 October 2023
630787,GGG,2014B,01 October 2023,31 October 2023
630788,GGG,2014B,01 October 2023,31 October 2023
630841,GGG,2014B,01 October 2023,31 October 2023
630863,GGG,2014B,01 October 2023,31 October 2023
630881,GGG,2014B,01 October 2023,31 October 2023
630946,GGG,2014B,01 October 2023,31 October 2023
631033,GGG,2014B,01 October 2023,31 October 2023
631189,GGG,2014B,01 October 2023,31 October 2023
631201,GGG,2014B,01 October 2023,31 October 2023
631212,GGG,2014B,01 October 2023,31 October 2023
631277,GGG,2014B,01 October 2023,31 October 2023
631290,GGG,2014B,01 October 2023,31 October 2023
631392,GGG,2014B,01 October 2023,31 October 2023
631446,GGG,2014B,01 October 2023,31 October 2023
631454,GGG,2014B,01 October 2023,31 October 2023
631542,GGG,2014B,01 October 2023,31 October 2023
631554,GGG,2014B,01 October 2023,31 October 2023
631693,GGG,2014B,01 October 2023,31 October 2023
631753,GGG,2014B,01 October 2023,31 October 2023
631756,GGG,2014B,01 October 2023,31 October 2023
631786,GGG,2014B,01 October 2023,31 October 2023
631788,GGG,2014B,01 October 2023,31 October 2023
631935,GGG,2014B,01 October 2023,31 October 2023
631953,GGG,2014B,01 October 2023,31 October 2023
631978,GGG,2014B,01 October 2023,31 October 2023
631992,GGG,2014B,01 October 2023,31 October 2023
632152,GGG,2014B,01 October 2023,31 October 2023
632153,GGG,2014B,01 October 2023,31 October 2023
632210,GGG,2014B,01 October 2023,31 October 2023
632267,GGG,2014B,01 October 2023,31 October 2023
632475,GGG,2014B,01 October 2023,31 October 2023
632483,GGG,2014B,01 October 2023,31 October 2023
632485,GGG,2014B,01 October 2023,31 October 2023
632512,GGG,2014B,01 October 2023,31 October 2023
632514,GGG,2014B,01 October 2023,31 October 2023
632526,GGG,2014B,01 October 2023,31 October 2023
632533,GGG,2014B,01 October 2023,31 October 2023
632543,GGG,2014B,01 October 2023,31 October 2023
632558,GGG,2014B,01 October 2023,31 October 2023
632559,GGG,2014B,01 October 2023,31 October 2023
632569,GGG,2014B,01 October 2023,31 October 2023
632577,GGG,2014B,01 October 2023,31 October 2023
632613,GGG,2014B,01 October 2023,31 October 2023
632619,GGG,2014B,01 October 2023,31 October 2023
632631,GGG,2014B,01 October 2023,31 October 2023
632633,GGG,2014B,01 October 2023,31 October 2023
632638,GGG,2014B,01 October 2023,31 October 2023
632640,GGG,2014B,01 October 2023,31 October 2023
632667,GGG,2014B,01 October 2023,31 October 2023
632673,GGG,2014B,01 October 2023,31 October 2023
632675,GGG,2014B,01 October 2023,31 October 2023
632687,GGG,2014B,01 October 2023,31 October 2023
632936,GGG,2014B,01 October 2023,31 October 2023
632959,GGG,2014B,01 October 2023,31 October 2023
632966,GGG,2014B,01 October 2023,31 October 2023
632989,GGG,2014B,01 October 2023,31 October 2023
633026,GGG,2014B,01 October 2023,31 October 2023
633096,GGG,2014B,01 October 2023,31 October 2023
633098,GGG,2014B,01 October 2023,31 October 2023
633118,GGG,2014B,01 October 2023,31 October 2023
633123,GGG,2014B,01 October 2023,31 October 2023
633209,GGG,2014B,01 October 2023,31 October 2023
633285,GGG,2014B,01 October 2023,31 October 2023
633389,GGG,2014B,01 October 2023,31 October 2023
633417,GGG,2014B,01 October 2023,31 October 2023
633429,GGG,2014B,01 October 2023,31 October 2023
633435,GGG,2014B,01 October 2023,31 October 2023
633436,GGG,2014B,01 October 2023,31 October 2023
633448,GGG,2014B,01 October 2023,31 October 2023
633453,GGG,2014B,01 October 2023,31 October 2023
633459,GGG,2014B,01 October 2023,31 October 2023
633464,GGG,2014B,01 October 2023,31 October 2023
633474,GGG,2014B,01 October 2023,31 October 2023
633498,GGG,2014B,01 October 2023,31 October 2023
633514,GGG,2014B,01 October 2023,31 October 2023
633515,GGG,2014B,01 October 2023,31 October 2023
633569,GGG,2014B,01 October 2023,31 October 2023
633585,GGG,2014B,01 October 2023,31 October 2023
633588,GGG,2014B,01 October 2023,31 October 2023
633608,GGG,2014B,01 October 2023,31 October 2023
633609,GGG,2014B,01 October 2023,31 October 2023
633643,GGG,2014B,01 October 2023,31 October 2023
633660,GGG,2014B,01 October 2023,31 October 2023
633666,GGG,2014B,01 October 2023,31 October 2023
633682,GGG,2014B,01 October 2023,31 October 2023
633683,GGG,2014B,01 October 2023,31 October 2023
633685,GGG,2014B,01 October 2023,31 October 2023
633690,GGG,2014B,01 October 2023,31 October 2023
633747,GGG,2014B,01 October 2023,31 October 2023
633749,GGG,2014B,01 October 2023,31 October 2023
633923,GGG,2014B,01 October 2023,31 October 2023
633956,GGG,2014B,01 October 2023,31 October 2023
633967,GGG,2014B,01 October 2023,31 October 2023
633979,GGG,2014B,01 October 2023,31 October 2023
634018,GGG,2014B,01 October 2023,31 October 2023
634027,GGG,2014B,01 October 2023,31 October 2023
634054,GGG,2014B,01 October 2023,31 October 2023
634061,GGG,2014B,01 October 2023,31 October 2023
634066,GGG,2014B,01 October 2023,31 October 2023
634076,GGG,2014B,01 October 2023,31 October 2023
634234,GGG,2014B,01 October 2023,31 October 2023
634258,GGG,2014B,01 October 2023,31 October 2023
634273,GGG,2014B,01 October 2023,31 October 2023
634311,GGG,2014B,01 October 2023,31 October 2023
634316,GGG,2014B,01 October 2023,31 October 2023
634320,GGG,2014B,01 October 2023,31 October 2023
634323,GGG,2014B,01 October 2023,31 October 2023
634340,GGG,2014B,01 October 2023,31 October 2023
634344,GGG,2014B,01 October 2023,31 October 2023
634345,GGG,2014B,01 October 2023,31 October 2023
634347,GGG,2014B,01 October 2023,31 October 2023
634369,GGG,2014B,01 October 2023,31 October 2023
634404,GGG,2014B,01 October 2023,31 October 2023
634444,GGG,2014B,01 October 2023,31 October 2023
634461,GGG,2014B,01 October 2023,31 October 2023
634470,GGG,2014B,01 October 2023,31 October 2023
634494,GGG,2014B,01 October 2023,31 October 2023
634498,GGG,2014B,01 October 2023,31 October 2023
634503,GGG,2014B,01 October 2023,31 October 2023
634529,GGG,2014B,01 October 2023,31 October 2023
634530,GGG,2014B,01 October 2023,31 October 2023
634547,GGG,2014B,01 October 2023,31 October 2023
634551,GGG,2014B,01 October 2023,31 October 2023
634562,GGG,2014B,01 October 2023,31 October 2023
634569,GGG,2014B,01 October 2023,31 October 2023
634583,GGG,2014B,01 October 2023,31 October 2023
634746,GGG,2014B,01 October 2023,31 October 2023
634751,GGG,2014B,01 October 2023,31 October 2023
634789,GGG,2014B,01 October 2023,31 October 2023
634822,GGG,2014B,01 October 2023,31 October 2023
634848,GGG,2014B,01 October 2023,31 October 2023
634899,GGG,2014B,01 October 2023,31 October 2023
634933,GGG,2014B,01 October 2023,31 October 2023
634968,GGG,2014B,01 October 2023,31 October 2023
634986,GGG,2014B,01 October 2023,31 October 2023
635017,GGG,2014B,01 October 2023,31 October 2023
635035,GGG,2014B,01 October 2023,31 October 2023
635052,GGG,2014B,01 October 2023,31 October 2023
635233,GGG,2014B,01 October 2023,31 October 2023
635506,GGG,2014B,01 October 2023,31 October 2023
635813,GGG,2014B,01 October 2023,31 October 2023
635885,GGG,2014B,01 October 2023,31 October 2023
1338955,GGG,2014B,01 October 2023,31 October 2023
1413027,GGG,2014B,01 October 2023,31 October 2023
1422737,GGG,2014B,01 October 2023,31 October 2023
1860171,GGG,2014B,01 October 2023,31 October 2023
1882021,GGG,2014B,01 October 2023,31 October 2023
1897611,GGG,2014B,01 October 2023,31 October 2023
1986312,GGG,2014B,01 October 2023,31 October 2023
1994632,GGG,2014B,01 October 2023,31 October 2023
2011327,GGG,2014B,01 October 2023,31 October 2023
2067555,GGG,2014B,01 October 2023,31 October 2023
2081937,GGG,2014B,01 October 2023,31 October 2023
2082945,GGG,2014B,01 October 2023,31 October 2023
2135315,GGG,2014B,01 October 2023,31 October 2023
2237813,GGG,2014B,01 October 2023,31 October 2023
2252963,GGG,2014B,01 October 2023,31 October 2023
2262510,GGG,2014B,01 October 2023,31 October 2023
2264282,GGG,2014B,01 October 2023,31 October 2023
2272474,GGG,2014B,01 October 2023,31 October 2023
2322120,GGG,2014B,01 October 2023,31 October 2023
2351589,GGG,2014B,01 October 2023,31 October 2023
2392554,GGG,2014B,01 October 2023,31 October 2023
2410140,GGG,2014B,01 October 2023,31 October 2023
2445562,GGG,2014B,01 October 2023,31 October 2023
2452045,GGG,2014B,01 October 2023,31 October 2023
2477545,GGG,2014B,01 October 2023,31 October 2023
2526485,GGG,2014B,01 October 2023,31 October 2023
2533407,GGG,2014B,01 October 2023,31 October 2023
2546763,GGG,2014B,01 October 2023,31 October 2023
2563715,GGG,2014B,01 October 2023,31 October 2023
2574822,GGG,2014B,01 October 2023,31 October 2023
2574825,GGG,2014B,01 October 2023,31 October 2023
2577437,GGG,2014B,01 October 2023,31 October 2023
2619903,GGG,2014B,01 October 2023,31 October 2023
2649914,GGG,2014B,01 October 2023,31 October 2023
2658277,GGG,2014B,01 October 2023,31 October 2023
2672138,GGG,2014B,01 October 2023,31 October 2023
2677135,GGG,2014B,01 October 2023,31 October 2023
2682002,GGG,2014B,01 October 2023,31 October 2023
2689480,GGG,2014B,01 October 2023,31 October 2023
2695362,GGG,2014B,01 October 2023,31 October 2023
31205,GGG,2014J,01 October 2023,31 October 2023
52702,GGG,2014J,01 October 2023,31 October 2023
60162,GGG,2014J,01 October 2023,31 October 2023
63949,GGG,2014J,01 October 2023,31 October 2023
91041,GGG,2014J,01 October 2023,31 October 2023
92103,GGG,2014J,01 October 2023,31 October 2023
121182,GGG,2014J,01 October 2023,31 October 2023
125407,GGG,2014J,01 October 2023,31 October 2023
131314,GGG,2014J,01 October 2023,31 October 2023
132932,GGG,2014J,01 October 2023,31 October 2023
140938,GGG,2014J,01 October 2023,31 October 2023
141827,GGG,2014J,01 October 2023,31 October 2023
181251,GGG,2014J,01 October 2023,31 October 2023
198167,GGG,2014J,01 October 2023,31 October 2023
226879,GGG,2014J,01 October 2023,31 October 2023
226890,GGG,2014J,01 October 2023,31 October 2023
232480,GGG,2014J,01 October 2023,31 October 2023
237921,GGG,2014J,01 October 2023,31 October 2023
239751,GGG,2014J,01 October 2023,31 October 2023
260951,GGG,2014J,01 October 2023,31 October 2023
263341,GGG,2014J,01 October 2023,31 October 2023
275136,GGG,2014J,01 October 2023,31 October 2023
276893,GGG,2014J,01 October 2023,31 October 2023
290854,GGG,2014J,01 October 2023,31 October 2023
291937,GGG,2014J,01 October 2023,31 October 2023
302145,GGG,2014J,01 October 2023,31 October 2023
302522,GGG,2014J,01 October 2023,31 October 2023
308807,GGG,2014J,01 October 2023,31 October 2023
313925,GGG,2014J,01 October 2023,31 October 2023
317399,GGG,2014J,01 October 2023,31 October 2023
323940,GGG,2014J,01 October 2023,31 October 2023
330682,GGG,2014J,01 October 2023,31 October 2023
338113,GGG,2014J,01 October 2023,31 October 2023
339645,GGG,2014J,01 October 2023,31 October 2023
340242,GGG,2014J,01 October 2023,31 October 2023
342466,GGG,2014J,01 October 2023,31 October 2023
342946,GGG,2014J,01 October 2023,31 October 2023
343655,GGG,2014J,01 October 2023,31 October 2023
348837,GGG,2014J,01 October 2023,31 October 2023
350944,GGG,2014J,01 October 2023,31 October 2023
358341,GGG,2014J,01 October 2023,31 October 2023
358966,GGG,2014J,01 October 2023,31 October 2023
370129,GGG,2014J,01 October 2023,31 October 2023
371402,GGG,2014J,01 October 2023,31 October 2023
372141,GGG,2014J,01 October 2023,31 October 2023
378969,GGG,2014J,01 October 2023,31 October 2023
380599,GGG,2014J,01 October 2023,31 October 2023
380668,GGG,2014J,01 October 2023,31 October 2023
383608,GGG,2014J,01 October 2023,31 October 2023
386180,GGG,2014J,01 October 2023,31 October 2023
387446,GGG,2014J,01 October 2023,31 October 2023
388259,GGG,2014J,01 October 2023,31 October 2023
396532,GGG,2014J,01 October 2023,31 October 2023
402596,GGG,2014J,01 October 2023,31 October 2023
410043,GGG,2014J,01 October 2023,31 October 2023
414633,GGG,2014J,01 October 2023,31 October 2023
415307,GGG,2014J,01 October 2023,31 October 2023
416700,GGG,2014J,01 October 2023,31 October 2023
423093,GGG,2014J,01 October 2023,31 October 2023
429004,GGG,2014J,01 October 2023,31 October 2023
439170,GGG,2014J,01 October 2023,31 October 2023
442987,GGG,2014J,01 October 2023,31 October 2023
443765,GGG,2014J,01 October 2023,31 October 2023
465567,GGG,2014J,01 October 2023,31 October 2023
465952,GGG,2014J,01 October 2023,31 October 2023
470187,GGG,2014J,01 October 2023,31 October 2023
470900,GGG,2014J,01 October 2023,31 October 2023
472049,GGG,2014J,01 October 2023,31 October 2023
478886,GGG,2014J,01 October 2023,31 October 2023
480914,GGG,2014J,01 October 2023,31 October 2023
498564,GGG,2014J,01 October 2023,31 October 2023
499187,GGG,2014J,01 October 2023,31 October 2023
500915,GGG,2014J,01 October 2023,31 October 2023
501888,GGG,2014J,01 October 2023,31 October 2023
505216,GGG,2014J,01 October 2023,31 October 2023
505762,GGG,2014J,01 October 2023,31 October 2023
506205,GGG,2014J,01 October 2023,31 October 2023
513166,GGG,2014J,01 October 2023,31 October 2023
514648,GGG,2014J,01 October 2023,31 October 2023
515345,GGG,2014J,01 October 2023,31 October 2023
517263,GGG,2014J,01 October 2023,31 October 2023
521631,GGG,2014J,01 October 2023,31 October 2023
527039,GGG,2014J,01 October 2023,31 October 2023
527538,GGG,2014J,01 October 2023,31 October 2023
532862,GGG,2014J,01 October 2023,31 October 2023
534672,GGG,2014J,01 October 2023,31 October 2023
537115,GGG,2014J,01 October 2023,31 October 2023
541774,GGG,2014J,01 October 2023,31 October 2023
546286,GGG,2014J,01 October 2023,31 October 2023
546724,GGG,2014J,01 October 2023,31 October 2023
547334,GGG,2014J,01 October 2023,31 October 2023
554580,GGG,2014J,01 October 2023,31 October 2023
558486,GGG,2014J,01 October 2023,31 October 2023
559366,GGG,2014J,01 October 2023,31 October 2023
559766,GGG,2014J,01 October 2023,31 October 2023
560643,GGG,2014J,01 October 2023,31 October 2023
561419,GGG,2014J,01 October 2023,31 October 2023
566512,GGG,2014J,01 October 2023,31 October 2023
568852,GGG,2014J,01 October 2023,31 October 2023
569374,GGG,2014J,01 October 2023,31 October 2023
569672,GGG,2014J,01 October 2023,31 October 2023
571583,GGG,2014J,01 October 2023,31 October 2023
572471,GGG,2014J,01 October 2023,31 October 2023
573054,GGG,2014J,01 October 2023,31 October 2023
573320,GGG,2014J,01 October 2023,31 October 2023
578797,GGG,2014J,01 October 2023,31 October 2023
579125,GGG,2014J,01 October 2023,31 October 2023
580717,GGG,2014J,01 October 2023,31 October 2023
581957,GGG,2014J,01 October 2023,31 October 2023
584099,GGG,2014J,01 October 2023,31 October 2023
586371,GGG,2014J,01 October 2023,31 October 2023
586861,GGG,2014J,01 October 2023,31 October 2023
587909,GGG,2014J,01 October 2023,31 October 2023
589562,GGG,2014J,01 October 2023,31 October 2023
591755,GGG,2014J,01 October 2023,31 October 2023
593658,GGG,2014J,01 October 2023,31 October 2023
595041,GGG,2014J,01 October 2023,31 October 2023
595941,GGG,2014J,01 October 2023,31 October 2023
599282,GGG,2014J,01 October 2023,31 October 2023
602360,GGG,2014J,01 October 2023,31 October 2023
604061,GGG,2014J,01 October 2023,31 October 2023
606856,GGG,2014J,01 October 2023,31 October 2023
607342,GGG,2014J,01 October 2023,31 October 2023
607387,GGG,2014J,01 October 2023,31 October 2023
608536,GGG,2014J,01 October 2023,31 October 2023
609257,GGG,2014J,01 October 2023,31 October 2023
609427,GGG,2014J,01 October 2023,31 October 2023
610302,GGG,2014J,01 October 2023,31 October 2023
611967,GGG,2014J,01 October 2023,31 October 2023
612235,GGG,2014J,01 October 2023,31 October 2023
612429,GGG,2014J,01 October 2023,31 October 2023
613027,GGG,2014J,01 October 2023,31 October 2023
613059,GGG,2014J,01 October 2023,31 October 2023
613728,GGG,2014J,01 October 2023,31 October 2023
614798,GGG,2014J,01 October 2023,31 October 2023
616704,GGG,2014J,01 October 2023,31 October 2023
617962,GGG,2014J,01 October 2023,31 October 2023
618253,GGG,2014J,01 October 2023,31 October 2023
620239,GGG,2014J,01 October 2023,31 October 2023
620826,GGG,2014J,01 October 2023,31 October 2023
621485,GGG,2014J,01 October 2023,31 October 2023
622118,GGG,2014J,01 October 2023,31 October 2023
623178,GGG,2014J,01 October 2023,31 October 2023
623475,GGG,2014J,01 October 2023,31 October 2023
623588,GGG,2014J,01 October 2023,31 October 2023
623812,GGG,2014J,01 October 2023,31 October 2023
624563,GGG,2014J,01 October 2023,31 October 2023
625241,GGG,2014J,01 October 2023,31 October 2023
625411,GGG,2014J,01 October 2023,31 October 2023
625530,GGG,2014J,01 October 2023,31 October 2023
625835,GGG,2014J,01 October 2023,31 October 2023
626005,GGG,2014J,01 October 2023,31 October 2023
626384,GGG,2014J,01 October 2023,31 October 2023
627481,GGG,2014J,01 October 2023,31 October 2023
627809,GGG,2014J,01 October 2023,31 October 2023
628172,GGG,2014J,01 October 2023,31 October 2023
628299,GGG,2014J,01 October 2023,31 October 2023
628569,GGG,2014J,01 October 2023,31 October 2023
629258,GGG,2014J,01 October 2023,31 October 2023
631723,GGG,2014J,01 October 2023,31 October 2023
632161,GGG,2014J,01 October 2023,31 October 2023
632266,GGG,2014J,01 October 2023,31 October 2023
632365,GGG,2014J,01 October 2023,31 October 2023
632368,GGG,2014J,01 October 2023,31 October 2023
633060,GGG,2014J,01 October 2023,31 October 2023
633093,GGG,2014J,01 October 2023,31 October 2023
633424,GGG,2014J,01 October 2023,31 October 2023
633561,GGG,2014J,01 October 2023,31 October 2023
633818,GGG,2014J,01 October 2023,31 October 2023
633987,GGG,2014J,01 October 2023,31 October 2023
634019,GGG,2014J,01 October 2023,31 October 2023
634785,GGG,2014J,01 October 2023,31 October 2023
635279,GGG,2014J,01 October 2023,31 October 2023
635334,GGG,2014J,01 October 2023,31 October 2023
635703,GGG,2014J,01 October 2023,31 October 2023
635719,GGG,2014J,01 October 2023,31 October 2023
635779,GGG,2014J,01 October 2023,31 October 2023
635972,GGG,2014J,01 October 2023,31 October 2023
635988,GGG,2014J,01 October 2023,31 October 2023
636018,GGG,2014J,01 October 2023,31 October 2023
636282,GGG,2014J,01 October 2023,31 October 2023
636283,GGG,2014J,01 October 2023,31 October 2023
636323,GGG,2014J,01 October 2023,31 October 2023
636458,GGG,2014J,01 October 2023,31 October 2023
636464,GGG,2014J,01 October 2023,31 October 2023
636554,GGG,2014J,01 October 2023,31 October 2023
636718,GGG,2014J,01 October 2023,31 October 2023
637067,GGG,2014J,01 October 2023,31 October 2023
637203,GGG,2014J,01 October 2023,31 October 2023
637206,GGG,2014J,01 October 2023,31 October 2023
637246,GGG,2014J,01 October 2023,31 October 2023
637280,GGG,2014J,01 October 2023,31 October 2023
637468,GGG,2014J,01 October 2023,31 October 2023
637476,GGG,2014J,01 October 2023,31 October 2023
637496,GGG,2014J,01 October 2023,31 October 2023
637621,GGG,2014J,01 October 2023,31 October 2023
637722,GGG,2014J,01 October 2023,31 October 2023
637993,GGG,2014J,01 October 2023,31 October 2023
638007,GGG,2014J,01 October 2023,31 October 2023
638092,GGG,2014J,01 October 2023,31 October 2023
638228,GGG,2014J,01 October 2023,31 October 2023
638503,GGG,2014J,01 October 2023,31 October 2023
638561,GGG,2014J,01 October 2023,31 October 2023
638621,GGG,2014J,01 October 2023,31 October 2023
638699,GGG,2014J,01 October 2023,31 October 2023
639181,GGG,2014J,01 October 2023,31 October 2023
639251,GGG,2014J,01 October 2023,31 October 2023
639461,GGG,2014J,01 October 2023,31 October 2023
639533,GGG,2014J,01 October 2023,31 October 2023
639995,GGG,2014J,01 October 2023,31 October 2023
640505,GGG,2014J,01 October 2023,31 October 2023
640654,GGG,2014J,01 October 2023,31 October 2023
640835,GGG,2014J,01 October 2023,31 October 2023
640995,GGG,2014J,01 October 2023,31 October 2023
641073,GGG,2014J,01 October 2023,31 October 2023
641112,GGG,2014J,01 October 2023,31 October 2023
641134,GGG,2014J,01 October 2023,31 October 2023
641434,GGG,2014J,01 October 2023,31 October 2023
641452,GGG,2014J,01 October 2023,31 October 2023
641504,GGG,2014J,01 October 2023,31 October 2023
641535,GGG,2014J,01 October 2023,31 October 2023
641766,GGG,2014J,01 October 2023,31 October 2023
641940,GGG,2014J,01 October 2023,31 October 2023
642181,GGG,2014J,01 October 2023,31 October 2023
642196,GGG,2014J,01 October 2023,31 October 2023
642528,GGG,2014J,01 October 2023,31 October 2023
642561,GGG,2014J,01 October 2023,31 October 2023
642590,GGG,2014J,01 October 2023,31 October 2023
642694,GGG,2014J,01 October 2023,31 October 2023
642821,GGG,2014J,01 October 2023,31 October 2023
642851,GGG,2014J,01 October 2023,31 October 2023
642879,GGG,2014J,01 October 2023,31 October 2023
642883,GGG,2014J,01 October 2023,31 October 2023
642900,GGG,2014J,01 October 2023,31 October 2023
642905,GGG,2014J,01 October 2023,31 October 2023
642949,GGG,2014J,01 October 2023,31 October 2023
642953,GGG,2014J,01 October 2023,31 October 2023
642968,GGG,2014J,01 October 2023,31 October 2023
642989,GGG,2014J,01 October 2023,31 October 2023
643085,GGG,2014J,01 October 2023,31 October 2023
643191,GGG,2014J,01 October 2023,31 October 2023
643206,GGG,2014J,01 October 2023,31 October 2023
643323,GGG,2014J,01 October 2023,31 October 2023
643406,GGG,2014J,01 October 2023,31 October 2023
643525,GGG,2014J,01 October 2023,31 October 2023
643529,GGG,2014J,01 October 2023,31 October 2023
643619,GGG,2014J,01 October 2023,31 October 2023
643659,GGG,2014J,01 October 2023,31 October 2023
643672,GGG,2014J,01 October 2023,31 October 2023
643712,GGG,2014J,01 October 2023,31 October 2023
643970,GGG,2014J,01 October 2023,31 October 2023
644061,GGG,2014J,01 October 2023,31 October 2023
644105,GGG,2014J,01 October 2023,31 October 2023
644144,GGG,2014J,01 October 2023,31 October 2023
644160,GGG,2014J,01 October 2023,31 October 2023
644188,GGG,2014J,01 October 2023,31 October 2023
644191,GGG,2014J,01 October 2023,31 October 2023
644226,GGG,2014J,01 October 2023,31 October 2023
644252,GGG,2014J,01 October 2023,31 October 2023
644301,GGG,2014J,01 October 2023,31 October 2023
644384,GGG,2014J,01 October 2023,31 October 2023
644441,GGG,2014J,01 October 2023,31 October 2023
644470,GGG,2014J,01 October 2023,31 October 2023
644743,GGG,2014J,01 October 2023,31 October 2023
644904,GGG,2014J,01 October 2023,31 October 2023
644990,GGG,2014J,01 October 2023,31 October 2023
645157,GGG,2014J,01 October 2023,31 October 2023
645231,GGG,2014J,01 October 2023,31 October 2023
645232,GGG,2014J,01 October 2023,31 October 2023
645326,GGG,2014J,01 October 2023,31 October 2023
645377,GGG,2014J,01 October 2023,31 October 2023
645598,GGG,2014J,01 October 2023,31 October 2023
645607,GGG,2014J,01 October 2023,31 October 2023
645730,GGG,2014J,01 October 2023,31 October 2023
645801,GGG,2014J,01 October 2023,31 October 2023
645851,GGG,2014J,01 October 2023,31 October 2023
645876,GGG,2014J,01 October 2023,31 October 2023
645928,GGG,2014J,01 October 2023,31 October 2023
645969,GGG,2014J,01 October 2023,31 October 2023
646131,GGG,2014J,01 October 2023,31 October 2023
646152,GGG,2014J,01 October 2023,31 October 2023
646169,GGG,2014J,01 October 2023,31 October 2023
646342,GGG,2014J,01 October 2023,31 October 2023
646367,GGG,2014J,01 October 2023,31 October 2023
646401,GGG,2014J,01 October 2023,31 October 2023
646430,GGG,2014J,01 October 2023,31 October 2023
646432,GGG,2014J,01 October 2023,31 October 2023
646470,GGG,2014J,01 October 2023,31 October 2023
646508,GGG,2014J,01 October 2023,31 October 2023
646572,GGG,2014J,01 October 2023,31 October 2023
646576,GGG,2014J,01 October 2023,31 October 2023
646685,GGG,2014J,01 October 2023,31 October 2023
646729,GGG,2014J,01 October 2023,31 October 2023
646748,GGG,2014J,01 October 2023,31 October 2023
646801,GGG,2014J,01 October 2023,31 October 2023
646821,GGG,2014J,01 October 2023,31 October 2023
646857,GGG,2014J,01 October 2023,31 October 2023
646881,GGG,2014J,01 October 2023,31 October 2023
646889,GGG,2014J,01 October 2023,31 October 2023
646891,GGG,2014J,01 October 2023,31 October 2023
646905,GGG,2014J,01 October 2023,31 October 2023
646953,GGG,2014J,01 October 2023,31 October 2023
647054,GGG,2014J,01 October 2023,31 October 2023
647067,GGG,2014J,01 October 2023,31 October 2023
647102,GGG,2014J,01 October 2023,31 October 2023
647345,GGG,2014J,01 October 2023,31 October 2023
647442,GGG,2014J,01 October 2023,31 October 2023
647654,GGG,2014J,01 October 2023,31 October 2023
647758,GGG,2014J,01 October 2023,31 October 2023
647761,GGG,2014J,01 October 2023,31 October 2023
647850,GGG,2014J,01 October 2023,31 October 2023
647893,GGG,2014J,01 October 2023,31 October 2023
647986,GGG,2014J,01 October 2023,31 October 2023
648023,GGG,2014J,01 October 2023,31 October 2023
648049,GGG,2014J,01 October 2023,31 October 2023
648083,GGG,2014J,01 October 2023,31 October 2023
648100,GGG,2014J,01 October 2023,31 October 2023
648110,GGG,2014J,01 October 2023,31 October 2023
648115,GGG,2014J,01 October 2023,31 October 2023
648117,GGG,2014J,01 October 2023,31 October 2023
648158,GGG,2014J,01 October 2023,31 October 2023
648178,GGG,2014J,01 October 2023,31 October 2023
648207,GGG,2014J,01 October 2023,31 October 2023
648257,GGG,2014J,01 October 2023,31 October 2023
648274,GGG,2014J,01 October 2023,31 October 2023
648279,GGG,2014J,01 October 2023,31 October 2023
648380,GGG,2014J,01 October 2023,31 October 2023
648445,GGG,2014J,01 October 2023,31 October 2023
648498,GGG,2014J,01 October 2023,31 October 2023
648522,GGG,2014J,01 October 2023,31 October 2023
648528,GGG,2014J,01 October 2023,31 October 2023
648750,GGG,2014J,01 October 2023,31 October 2023
648983,GGG,2014J,01 October 2023,31 October 2023
649095,GGG,2014J,01 October 2023,31 October 2023
649113,GGG,2014J,01 October 2023,31 October 2023
649153,GGG,2014J,01 October 2023,31 October 2023
649194,GGG,2014J,01 October 2023,31 October 2023
649206,GGG,2014J,01 October 2023,31 October 2023
649300,GGG,2014J,01 October 2023,31 October 2023
649867,GGG,2014J,01 October 2023,31 October 2023
649909,GGG,2014J,01 October 2023,31 October 2023
650023,GGG,2014J,01 October 2023,31 October 2023
650257,GGG,2014J,01 October 2023,31 October 2023
650263,GGG,2014J,01 October 2023,31 October 2023
650268,GGG,2014J,01 October 2023,31 October 2023
650316,GGG,2014J,01 October 2023,31 October 2023
650388,GGG,2014J,01 October 2023,31 October 2023
650503,GGG,2014J,01 October 2023,31 October 2023
650630,GGG,2014J,01 October 2023,31 October 2023
650652,GGG,2014J,01 October 2023,31 October 2023
650656,GGG,2014J,01 October 2023,31 October 2023
650662,GGG,2014J,01 October 2023,31 October 2023
650698,GGG,2014J,01 October 2023,31 October 2023
650751,GGG,2014J,01 October 2023,31 October 2023
650901,GGG,2014J,01 October 2023,31 October 2023
651210,GGG,2014J,01 October 2023,31 October 2023
651259,GGG,2014J,01 October 2023,31 October 2023
651281,GGG,2014J,01 October 2023,31 October 2023
651319,GGG,2014J,01 October 2023,31 October 2023
651436,GGG,2014J,01 October 2023,31 October 2023
651602,GGG,2014J,01 October 2023,31 October 2023
651624,GGG,2014J,01 October 2023,31 October 2023
651628,GGG,2014J,01 October 2023,31 October 2023
651660,GGG,2014J,01 October 2023,31 October 2023
651730,GGG,2014J,01 October 2023,31 October 2023
651740,GGG,2014J,01 October 2023,31 October 2023
651748,GGG,2014J,01 October 2023,31 October 2023
651943,GGG,2014J,01 October 2023,31 October 2023
651954,GGG,2014J,01 October 2023,31 October 2023
652112,GGG,2014J,01 October 2023,31 October 2023
652281,GGG,2014J,01 October 2023,31 October 2023
652364,GGG,2014J,01 October 2023,31 October 2023
652414,GGG,2014J,01 October 2023,31 October 2023
652435,GGG,2014J,01 October 2023,31 October 2023
652462,GGG,2014J,01 October 2023,31 October 2023
652539,GGG,2014J,01 October 2023,31 October 2023
652574,GGG,2014J,01 October 2023,31 October 2023
652578,GGG,2014J,01 October 2023,31 October 2023
652968,GGG,2014J,01 October 2023,31 October 2023
653157,GGG,2014J,01 October 2023,31 October 2023
653230,GGG,2014J,01 October 2023,31 October 2023
653249,GGG,2014J,01 October 2023,31 October 2023
653252,GGG,2014J,01 October 2023,31 October 2023
653292,GGG,2014J,01 October 2023,31 October 2023
653374,GGG,2014J,01 October 2023,31 October 2023
653435,GGG,2014J,01 October 2023,31 October 2023
653495,GGG,2014J,01 October 2023,31 October 2023
653561,GGG,2014J,01 October 2023,31 October 2023
653601,GGG,2014J,01 October 2023,31 October 2023
653806,GGG,2014J,01 October 2023,31 October 2023
653824,GGG,2014J,01 October 2023,31 October 2023
653867,GGG,2014J,01 October 2023,31 October 2023
653943,GGG,2014J,01 October 2023,31 October 2023
654062,GGG,2014J,01 October 2023,31 October 2023
654064,GGG,2014J,01 October 2023,31 October 2023
654237,GGG,2014J,01 October 2023,31 October 2023
654321,GGG,2014J,01 October 2023,31 October 2023
654369,GGG,2014J,01 October 2023,31 October 2023
654681,GGG,2014J,01 October 2023,31 October 2023
654821,GGG,2014J,01 October 2023,31 October 2023
654914,GGG,2014J,01 October 2023,31 October 2023
654916,GGG,2014J,01 October 2023,31 October 2023
654945,GGG,2014J,01 October 2023,31 October 2023
654965,GGG,2014J,01 October 2023,31 October 2023
655065,GGG,2014J,01 October 2023,31 October 2023
655201,GGG,2014J,01 October 2023,31 October 2023
655376,GGG,2014J,01 October 2023,31 October 2023
655556,GGG,2014J,01 October 2023,31 October 2023
655625,GGG,2014J,01 October 2023,31 October 2023
655954,GGG,2014J,01 October 2023,31 October 2023
656014,GGG,2014J,01 October 2023,31 October 2023
656053,GGG,2014J,01 October 2023,31 October 2023
656111,GGG,2014J,01 October 2023,31 October 2023
656438,GGG,2014J,01 October 2023,31 October 2023
656506,GGG,2014J,01 October 2023,31 October 2023
656543,GGG,2014J,01 October 2023,31 October 2023
656637,GGG,2014J,01 October 2023,31 October 2023
656756,GGG,2014J,01 October 2023,31 October 2023
656936,GGG,2014J,01 October 2023,31 October 2023
656970,GGG,2014J,01 October 2023,31 October 2023
657045,GGG,2014J,01 October 2023,31 October 2023
657093,GGG,2014J,01 October 2023,31 October 2023
657231,GGG,2014J,01 October 2023,31 October 2023
657327,GGG,2014J,01 October 2023,31 October 2023
657351,GGG,2014J,01 October 2023,31 October 2023
674340,GGG,2014J,01 October 2023,31 October 2023
674359,GGG,2014J,01 October 2023,31 October 2023
674467,GGG,2014J,01 October 2023,31 October 2023
674471,GGG,2014J,01 October 2023,31 October 2023
674481,GGG,2014J,01 October 2023,31 October 2023
674563,GGG,2014J,01 October 2023,31 October 2023
674568,GGG,2014J,01 October 2023,31 October 2023
674640,GGG,2014J,01 October 2023,31 October 2023
674660,GGG,2014J,01 October 2023,31 October 2023
674710,GGG,2014J,01 October 2023,31 October 2023
674750,GGG,2014J,01 October 2023,31 October 2023
674766,GGG,2014J,01 October 2023,31 October 2023
674890,GGG,2014J,01 October 2023,31 October 2023
674927,GGG,2014J,01 October 2023,31 October 2023
674939,GGG,2014J,01 October 2023,31 October 2023
674983,GGG,2014J,01 October 2023,31 October 2023
675242,GGG,2014J,01 October 2023,31 October 2023
675247,GGG,2014J,01 October 2023,31 October 2023
675264,GGG,2014J,01 October 2023,31 October 2023
675578,GGG,2014J,01 October 2023,31 October 2023
675629,GGG,2014J,01 October 2023,31 October 2023
675811,GGG,2014J,01 October 2023,31 October 2023
675848,GGG,2014J,01 October 2023,31 October 2023
675879,GGG,2014J,01 October 2023,31 October 2023
675880,GGG,2014J,01 October 2023,31 October 2023
675885,GGG,2014J,01 October 2023,31 October 2023
675888,GGG,2014J,01 October 2023,31 October 2023
675891,GGG,2014J,01 October 2023,31 October 2023
675924,GGG,2014J,01 October 2023,31 October 2023
675949,GGG,2014J,01 October 2023,31 October 2023
675996,GGG,2014J,01 October 2023,31 October 2023
676034,GGG,2014J,01 October 2023,31 October 2023
676071,GGG,2014J,01 October 2023,31 October 2023
676387,GGG,2014J,01 October 2023,31 October 2023
676690,GGG,2014J,01 October 2023,31 October 2023
676739,GGG,2014J,01 October 2023,31 October 2023
676742,GGG,2014J,01 October 2023,31 October 2023
677022,GGG,2014J,01 October 2023,31 October 2023
677025,GGG,2014J,01 October 2023,31 October 2023
677066,GGG,2014J,01 October 2023,31 October 2023
677150,GGG,2014J,01 October 2023,31 October 2023
677184,GGG,2014J,01 October 2023,31 October 2023
677216,GGG,2014J,01 October 2023,31 October 2023
677278,GGG,2014J,01 October 2023,31 October 2023
677356,GGG,2014J,01 October 2023,31 October 2023
677433,GGG,2014J,01 October 2023,31 October 2023
677463,GGG,2014J,01 October 2023,31 October 2023
677491,GGG,2014J,01 October 2023,31 October 2023
677551,GGG,2014J,01 October 2023,31 October 2023
677928,GGG,2014J,01 October 2023,31 October 2023
677963,GGG,2014J,01 October 2023,31 October 2023
678004,GGG,2014J,01 October 2023,31 October 2023
678009,GGG,2014J,01 October 2023,31 October 2023
678241,GGG,2014J,01 October 2023,31 October 2023
678255,GGG,2014J,01 October 2023,31 October 2023
678261,GGG,2014J,01 October 2023,31 October 2023
678313,GGG,2014J,01 October 2023,31 October 2023
678432,GGG,2014J,01 October 2023,31 October 2023
678612,GGG,2014J,01 October 2023,31 October 2023
678618,GGG,2014J,01 October 2023,31 October 2023
678714,GGG,2014J,01 October 2023,31 October 2023
678762,GGG,2014J,01 October 2023,31 October 2023
678774,GGG,2014J,01 October 2023,31 October 2023
679127,GGG,2014J,01 October 2023,31 October 2023
679258,GGG,2014J,01 October 2023,31 October 2023
679275,GGG,2014J,01 October 2023,31 October 2023
679327,GGG,2014J,01 October 2023,31 October 2023
679332,GGG,2014J,01 October 2023,31 October 2023
679373,GGG,2014J,01 October 2023,31 October 2023
679405,GGG,2014J,01 October 2023,31 October 2023
679409,GGG,2014J,01 October 2023,31 October 2023
679769,GGG,2014J,01 October 2023,31 October 2023
679840,GGG,2014J,01 October 2023,31 October 2023
679921,GGG,2014J,01 October 2023,31 October 2023
680063,GGG,2014J,01 October 2023,31 October 2023
680176,GGG,2014J,01 October 2023,31 October 2023
680261,GGG,2014J,01 October 2023,31 October 2023
680340,GGG,2014J,01 October 2023,31 October 2023
680345,GGG,2014J,01 October 2023,31 October 2023
680354,GGG,2014J,01 October 2023,31 October 2023
680427,GGG,2014J,01 October 2023,31 October 2023
680484,GGG,2014J,01 October 2023,31 October 2023
680569,GGG,2014J,01 October 2023,31 October 2023
680850,GGG,2014J,01 October 2023,31 October 2023
680966,GGG,2014J,01 October 2023,31 October 2023
680988,GGG,2014J,01 October 2023,31 October 2023
680992,GGG,2014J,01 October 2023,31 October 2023
681065,GGG,2014J,01 October 2023,31 October 2023
681107,GGG,2014J,01 October 2023,31 October 2023
681154,GGG,2014J,01 October 2023,31 October 2023
681168,GGG,2014J,01 October 2023,31 October 2023
681195,GGG,2014J,01 October 2023,31 October 2023
681268,GGG,2014J,01 October 2023,31 October 2023
681383,GGG,2014J,01 October 2023,31 October 2023
681421,GGG,2014J,01 October 2023,31 October 2023
681447,GGG,2014J,01 October 2023,31 October 2023
681532,GGG,2014J,01 October 2023,31 October 2023
681696,GGG,2014J,01 October 2023,31 October 2023
681751,GGG,2014J,01 October 2023,31 October 2023
681791,GGG,2014J,01 October 2023,31 October 2023
681876,GGG,2014J,01 October 2023,31 October 2023
682001,GGG,2014J,01 October 2023,31 October 2023
682100,GGG,2014J,01 October 2023,31 October 2023
682123,GGG,2014J,01 October 2023,31 October 2023
682302,GGG,2014J,01 October 2023,31 October 2023
682307,GGG,2014J,01 October 2023,31 October 2023
682321,GGG,2014J,01 October 2023,31 October 2023
682413,GGG,2014J,01 October 2023,31 October 2023
682440,GGG,2014J,01 October 2023,31 October 2023
682481,GGG,2014J,01 October 2023,31 October 2023
682543,GGG,2014J,01 October 2023,31 October 2023
682625,GGG,2014J,01 October 2023,31 October 2023
682891,GGG,2014J,01 October 2023,31 October 2023
683005,GGG,2014J,01 October 2023,31 October 2023
683188,GGG,2014J,01 October 2023,31 October 2023
683256,GGG,2014J,01 October 2023,31 October 2023
683299,GGG,2014J,01 October 2023,31 October 2023
683336,GGG,2014J,01 October 2023,31 October 2023
683423,GGG,2014J,01 October 2023,31 October 2023
683633,GGG,2014J,01 October 2023,31 October 2023
683696,GGG,2014J,01 October 2023,31 October 2023
683841,GGG,2014J,01 October 2023,31 October 2023
683974,GGG,2014J,01 October 2023,31 October 2023
684116,GGG,2014J,01 October 2023,31 October 2023
684146,GGG,2014J,01 October 2023,31 October 2023
684169,GGG,2014J,01 October 2023,31 October 2023
684341,GGG,2014J,01 October 2023,31 October 2023
684393,GGG,2014J,01 October 2023,31 October 2023
684427,GGG,2014J,01 October 2023,31 October 2023
684456,GGG,2014J,01 October 2023,31 October 2023
684733,GGG,2014J,01 October 2023,31 October 2023
684802,GGG,2014J,01 October 2023,31 October 2023
684811,GGG,2014J,01 October 2023,31 October 2023
684903,GGG,2014J,01 October 2023,31 October 2023
684987,GGG,2014J,01 October 2023,31 October 2023
684995,GGG,2014J,01 October 2023,31 October 2023
685028,GGG,2014J,01 October 2023,31 October 2023
685096,GGG,2014J,01 October 2023,31 October 2023
685272,GGG,2014J,01 October 2023,31 October 2023
685282,GGG,2014J,01 October 2023,31 October 2023
685285,GGG,2014J,01 October 2023,31 October 2023
685338,GGG,2014J,01 October 2023,31 October 2023
685436,GGG,2014J,01 October 2023,31 October 2023
685447,GGG,2014J,01 October 2023,31 October 2023
685535,GGG,2014J,01 October 2023,31 October 2023
685545,GGG,2014J,01 October 2023,31 October 2023
685575,GGG,2014J,01 October 2023,31 October 2023
685627,GGG,2014J,01 October 2023,31 October 2023
685676,GGG,2014J,01 October 2023,31 October 2023
685877,GGG,2014J,01 October 2023,31 October 2023
685923,GGG,2014J,01 October 2023,31 October 2023
686028,GGG,2014J,01 October 2023,31 October 2023
686112,GGG,2014J,01 October 2023,31 October 2023
686194,GGG,2014J,01 October 2023,31 October 2023
686207,GGG,2014J,01 October 2023,31 October 2023
686267,GGG,2014J,01 October 2023,31 October 2023
686309,GGG,2014J,01 October 2023,31 October 2023
686373,GGG,2014J,01 October 2023,31 October 2023
686598,GGG,2014J,01 October 2023,31 October 2023
686650,GGG,2014J,01 October 2023,31 October 2023
686668,GGG,2014J,01 October 2023,31 October 2023
686898,GGG,2014J,01 October 2023,31 October 2023
686918,GGG,2014J,01 October 2023,31 October 2023
686921,GGG,2014J,01 October 2023,31 October 2023
687028,GGG,2014J,01 October 2023,31 October 2023
687082,GGG,2014J,01 October 2023,31 October 2023
687143,GGG,2014J,01 October 2023,31 October 2023
687302,GGG,2014J,01 October 2023,31 October 2023
687523,GGG,2014J,01 October 2023,31 October 2023
687534,GGG,2014J,01 October 2023,31 October 2023
687586,GGG,2014J,01 October 2023,31 October 2023
687620,GGG,2014J,01 October 2023,31 October 2023
687626,GGG,2014J,01 October 2023,31 October 2023
687653,GGG,2014J,01 October 2023,31 October 2023
687722,GGG,2014J,01 October 2023,31 October 2023
687780,GGG,2014J,01 October 2023,31 October 2023
687821,GGG,2014J,01 October 2023,31 October 2023
688038,GGG,2014J,01 October 2023,31 October 2023
688050,GGG,2014J,01 October 2023,31 October 2023
688199,GGG,2014J,01 October 2023,31 October 2023
688379,GGG,2014J,01 October 2023,31 October 2023
688388,GGG,2014J,01 October 2023,31 October 2023
688401,GGG,2014J,01 October 2023,31 October 2023
688658,GGG,2014J,01 October 2023,31 October 2023
688663,GGG,2014J,01 October 2023,31 October 2023
688811,GGG,2014J,01 October 2023,31 October 2023
688819,GGG,2014J,01 October 2023,31 October 2023
688822,GGG,2014J,01 October 2023,31 October 2023
688856,GGG,2014J,01 October 2023,31 October 2023
689065,GGG,2014J,01 October 2023,31 October 2023
689335,GGG,2014J,01 October 2023,31 October 2023
689371,GGG,2014J,01 October 2023,31 October 2023
689433,GGG,2014J,01 October 2023,31 October 2023
689485,GGG,2014J,01 October 2023,31 October 2023
689503,GGG,2014J,01 October 2023,31 October 2023
689554,GGG,2014J,01 October 2023,31 October 2023
689594,GGG,2014J,01 October 2023,31 October 2023
689636,GGG,2014J,01 October 2023,31 October 2023
689711,GGG,2014J,01 October 2023,31 October 2023
689754,GGG,2014J,01 October 2023,31 October 2023
689838,GGG,2014J,01 October 2023,31 October 2023
689839,GGG,2014J,01 October 2023,31 October 2023
689878,GGG,2014J,01 October 2023,31 October 2023
690029,GGG,2014J,01 October 2023,31 October 2023
690038,GGG,2014J,01 October 2023,31 October 2023
690044,GGG,2014J,01 October 2023,31 October 2023
690057,GGG,2014J,01 October 2023,31 October 2023
690065,GGG,2014J,01 October 2023,31 October 2023
690471,GGG,2014J,01 October 2023,31 October 2023
690556,GGG,2014J,01 October 2023,31 October 2023
690579,GGG,2014J,01 October 2023,31 October 2023
690895,GGG,2014J,01 October 2023,31 October 2023
691127,GGG,2014J,01 October 2023,31 October 2023
691229,GGG,2014J,01 October 2023,31 October 2023
691281,GGG,2014J,01 October 2023,31 October 2023
691371,GGG,2014J,01 October 2023,31 October 2023
691501,GGG,2014J,01 October 2023,31 October 2023
691519,GGG,2014J,01 October 2023,31 October 2023
691556,GGG,2014J,01 October 2023,31 October 2023
691577,GGG,2014J,01 October 2023,31 October 2023
691787,GGG,2014J,01 October 2023,31 October 2023
692018,GGG,2014J,01 October 2023,31 October 2023
692171,GGG,2014J,01 October 2023,31 October 2023
692206,GGG,2014J,01 October 2023,31 October 2023
692256,GGG,2014J,01 October 2023,31 October 2023
692320,GGG,2014J,01 October 2023,31 October 2023
692828,GGG,2014J,01 October 2023,31 October 2023
692972,GGG,2014J,01 October 2023,31 October 2023
693046,GGG,2014J,01 October 2023,31 October 2023
693053,GGG,2014J,01 October 2023,31 October 2023
693273,GGG,2014J,01 October 2023,31 October 2023
693364,GGG,2014J,01 October 2023,31 October 2023
693387,GGG,2014J,01 October 2023,31 October 2023
693421,GGG,2014J,01 October 2023,31 October 2023
693616,GGG,2014J,01 October 2023,31 October 2023
693763,GGG,2014J,01 October 2023,31 October 2023
693788,GGG,2014J,01 October 2023,31 October 2023
693843,GGG,2014J,01 October 2023,31 October 2023
694009,GGG,2014J,01 October 2023,31 October 2023
694070,GGG,2014J,01 October 2023,31 October 2023
694082,GGG,2014J,01 October 2023,31 October 2023
694292,GGG,2014J,01 October 2023,31 October 2023
694359,GGG,2014J,01 October 2023,31 October 2023
694416,GGG,2014J,01 October 2023,31 October 2023
694470,GGG,2014J,01 October 2023,31 October 2023
694723,GGG,2014J,01 October 2023,31 October 2023
694729,GGG,2014J,01 October 2023,31 October 2023
694782,GGG,2014J,01 October 2023,31 October 2023
695143,GGG,2014J,01 October 2023,31 October 2023
695509,GGG,2014J,01 October 2023,31 October 2023
695655,GGG,2014J,01 October 2023,31 October 2023
695877,GGG,2014J,01 October 2023,31 October 2023
695913,GGG,2014J,01 October 2023,31 October 2023
695951,GGG,2014J,01 October 2023,31 October 2023
696157,GGG,2014J,01 October 2023,31 October 2023
696514,GGG,2014J,01 October 2023,31 October 2023
696706,GGG,2014J,01 October 2023,31 October 2023
696708,GGG,2014J,01 October 2023,31 October 2023
696710,GGG,2014J,01 October 2023,31 October 2023
696711,GGG,2014J,01 October 2023,31 October 2023
696712,GGG,2014J,01 October 2023,31 October 2023
696713,GGG,2014J,01 October 2023,31 October 2023
696876,GGG,2014J,01 October 2023,31 October 2023
697314,GGG,2014J,01 October 2023,31 October 2023
697325,GGG,2014J,01 October 2023,31 October 2023
697328,GGG,2014J,01 October 2023,31 October 2023
697364,GGG,2014J,01 October 2023,31 October 2023
697456,GGG,2014J,01 October 2023,31 October 2023
697492,GGG,2014J,01 October 2023,31 October 2023
698019,GGG,2014J,01 October 2023,31 October 2023
698065,GGG,2014J,01 October 2023,31 October 2023
698163,GGG,2014J,01 October 2023,31 October 2023
698460,GGG,2014J,01 October 2023,31 October 2023
698548,GGG,2014J,01 October 2023,31 October 2023
699461,GGG,2014J,01 October 2023,31 October 2023
699628,GGG,2014J,01 October 2023,31 October 2023
1405453,GGG,2014J,01 October 2023,31 October 2023
1420575,GGG,2014J,01 October 2023,31 October 2023
1689081,GGG,2014J,01 October 2023,31 October 2023
1734156,GGG,2014J,01 October 2023,31 October 2023
1777563,GGG,2014J,01 October 2023,31 October 2023
1782236,GGG,2014J,01 October 2023,31 October 2023
1827650,GGG,2014J,01 October 2023,31 October 2023
1841303,GGG,2014J,01 October 2023,31 October 2023
1890660,GGG,2014J,01 October 2023,31 October 2023
1915795,GGG,2014J,01 October 2023,31 October 2023
1917808,GGG,2014J,01 October 2023,31 October 2023
1931810,GGG,2014J,01 October 2023,31 October 2023
1950911,GGG,2014J,01 October 2023,31 October 2023
1977701,GGG,2014J,01 October 2023,31 October 2023
2004143,GGG,2014J,01 October 2023,31 October 2023
2052942,GGG,2014J,01 October 2023,31 October 2023
2053521,GGG,2014J,01 October 2023,31 October 2023
2203216,GGG,2014J,01 October 2023,31 October 2023
2214722,GGG,2014J,01 October 2023,31 October 2023
2239862,GGG,2014J,01 October 2023,31 October 2023
2268380,GGG,2014J,01 October 2023,31 October 2023
2270562,GGG,2014J,01 October 2023,31 October 2023
2271766,GGG,2014J,01 October 2023,31 October 2023
2282141,GGG,2014J,01 October 2023,31 October 2023
2311714,GGG,2014J,01 October 2023,31 October 2023
2338614,GGG,2014J,01 October 2023,31 October 2023
2342238,GGG,2014J,01 October 2023,31 October 2023
2357806,GGG,2014J,01 October 2023,31 October 2023
2373245,GGG,2014J,01 October 2023,31 October 2023
2378591,GGG,2014J,01 October 2023,31 October 2023
2456431,GGG,2014J,01 October 2023,31 October 2023
2475886,GGG,2014J,01 October 2023,31 October 2023
2508153,GGG,2014J,01 October 2023,31 October 2023
2533195,GGG,2014J,01 October 2023,31 October 2023
2606765,GGG,2014J,01 October 2023,31 October 2023
2608143,GGG,2014J,01 October 2023,31 October 2023
2620947,GGG,2014J,01 October 2023,31 October 2023
2640965,GGG,2014J,01 October 2023,31 October 2023
2645731,GGG,2014J,01 October 2023,31 October 2023
2648187,GGG,2014J,01 October 2023,31 October 2023
2679821,GGG,2014J,01 October 2023,31 October 2023
2684003,GGG,2014J,01 October 2023,31 October 2023
